0.66
0.6596
0.6519
0.6548
0.6531
0.6551
0.6552
0.6569
0.66
0.6598
0.6599
0.6609
0.6609
0.662
0.6639
0.66
0.6587
0.664
0.6594
0.6595
0.6632
0.66
0.66
0.6612
0.6577
0.6546
0.6561
0.6554
0.6551
0.6548
0.6575
0.6575
0.6561
0.6582
0.655
0.6562
0.6557
0.6554
0.6547
0.6551
0.6551
0.6547
0.6547
0.654
0.654
0.655
0.6552
0.655
0.654
0.6538
0.6538
0.6547
0.6538
0.654
0.654
0.66
0.6542
0.6575
0.6545
0.6545
0.6551
0.6551
0.6571
0.657
0.655
0.655
0.655
0.6554
0.6554
0.6556
0.6555
0.6553
0.6554
0.6553
0.6554
0.6554
0.6553
0.6554
0.6554
0.6554
0.6568
0.6554
0.6565
0.6583
0.6578
0.6553
0.6553
0.6553
0.6553
0.6598
0.6594
0.6597
0.6564
0.6575
0.6558
0.6592
0.6553
0.6553
0.6573
0.6555
0.6553
0.6572
0.659
0.6577
0.659
0.6565
0.6588
0.6564
0.6562
0.6561
0.6553
0.6562
0.6553
0.6547
0.6528
0.6483
0.65
0.6503
0.6513
0.64
0.6349
0.636
0.6349
0.6349
0.635
0.6353
0.637
0.637
0.6369
0.6369
0.637
0.6372
0.6394
0.64
0.6412
0.6469
0.6444
0.6419
0.6416
0.6415
0.6403
0.6437
0.6438
0.6438
0.6455
0.6477
0.6477
0.6474
0.6473
0.6448
0.648
0.6461
0.6451
0.6451
0.6458
0.6455
0.6444
0.644
0.6441
0.6439
0.6439
0.644
0.6433
0.6442
0.6465
0.6445
0.6453
0.6444
0.644
0.6446
0.6439
0.6439
0.6497
0.6496
0.6497
0.6498
0.6448
0.6447
0.6489
0.6442
0.6463
0.644
0.644
0.6474
0.644
0.6467
0.644
0.6464
0.6462
0.645
0.6449
0.6449
0.6433
0.6438
0.644
0.6439
0.6433
0.642
0.6414
0.6413
0.64
0.64
0.641
0.64
0.64
0.64
0.6401
0.64
0.64
0.64
0.64
0.64
0.6401
0.64
0.6401
0.6401
0.6401
0.6401
0.6444
0.6426
0.6412
0.6467
0.6415
0.6413
0.6447
0.6412
0.6412
0.6412
0.6411
0.641
0.643
0.6407
0.6418
0.6402
0.6401
0.6411
0.64
0.6413
0.6409
0.64
0.6401
0.6401
0.64
0.64
0.6401
0.64
0.64
0.64
0.64
0.64
0.64
0.64
0.6401
0.64
0.6415
0.6446
0.6443
0.6433
0.6433
0.6428
0.6428
0.6429
0.6428
0.6427
0.6427
0.6426
0.6401
0.64
0.64
0.6415
0.64
0.64
0.64
0.6403
0.64
0.6401
0.64
0.64
0.6401
0.64
0.64
0.64
0.64
0.64
0.64
0.64
0.6401
0.6402
0.6402
0.6402
0.6402
0.6401
0.6402
0.6401
0.64
0.64
0.64
0.64
0.64
0.64
0.6401
0.6405
0.6401
0.64
0.6401
0.64
0.64
0.64
0.6401
0.6401
0.64
0.6401
0.64
0.64
0.64
0.64
0.64
0.64
0.6426
0.6433
0.6452
0.6452
0.645
0.6452
0.6436
0.6436
0.6436
0.6437
0.6444
0.6433
0.6438
0.6443
0.6442
0.644
0.644
0.6445
0.6442
0.644
0.6439
0.6438
0.6416
0.641
0.6422
0.6409
0.6433
0.6427
0.6427
0.6432
0.645
0.6464
0.6455
0.647
0.6468
0.6466
0.6454
0.6454
0.645
0.6456
0.6452
0.645
0.645
0.645
0.645
0.645
0.645
0.645
0.645
0.6463
0.6473
0.6491
0.6479
0.6473
0.647
0.647
0.6468
0.6469
0.6468
0.6469
0.65
0.65
0.65
0.651
0.6502
0.65
0.64
0.6698
0.655
0.6443
0.647
0.646
0.64
0.6436
0.64
0.6435
0.6468
0.6454
0.6454
0.6498
0.6473
0.6456
0.6484
0.6467
0.6539
0.6501
0.6548
0.6497
0.6494
0.6476
0.6468
0.6522
0.6442
0.6457
0.6411
0.6411
0.641
0.6482
0.6412
0.6444
0.641
0.6462
0.641
0.6444
0.641
0.6402
0.6424
0.64
0.6414
0.6401
0.6401
0.64
0.64
0.642
0.64
0.64
0.6403
0.6403
0.6401
0.64
0.6401
0.64
0.64
0.64
0.6394
0.6396
0.6365
0.6394
0.6362
0.6391
0.6397
0.6396
0.6399
0.6396
0.6394
0.6399
0.6384
0.637
0.6349
0.6345
0.638
0.64
0.64
0.64
0.6403
0.6403
0.6417
0.6399
0.6399
0.6399
0.638
0.639
0.6388
0.6399
0.6383
0.6396
0.6387
0.638
0.6385
0.6383
0.6368
0.6368
0.6371
0.6376
0.6368
0.6353
0.637
0.6352
0.6345
0.6343
0.6362
0.634
0.6344
0.6336
0.6354
0.6369
0.6345
0.6333
0.6366
0.6334
0.6335
0.6363
0.6335
0.6355
0.6333
0.6316
0.6311
0.6311
0.6337
0.6336
0.6348
0.6336
0.6336
0.6345
0.6341
0.6343
0.6343
0.635
0.6347
0.6347
0.634
0.6344
0.6342
0.6341
0.6341
0.6411
0.6411
0.6406
0.64
0.641
0.6409
0.6422
0.6422
0.6422
0.6422
0.6439
0.6414
0.6414
0.641
0.6411
0.64
0.64
0.64
0.64
0.6401
0.64
0.6398
0.6396
0.6387
0.6379
0.635
0.635
0.635
0.6377
0.635
0.6393
0.6361
0.637
0.635
0.6371
0.6379
0.6358
0.6381
0.6393
0.6392
0.6383
0.6396
0.6372
0.6368
0.6399
0.6368
0.6386
0.6382
0.6336
0.6378
0.6376
0.64
0.64
0.64
0.64
0.64
0.6408
0.6411
0.64
0.64
0.64
0.635
0.6398
0.6393
0.635
0.635
0.6365
0.6352
0.634
0.634
0.6341
0.6399
0.6399
0.6399
0.6399
0.6384
0.6384
0.6379
0.6385
0.6385
0.6385
0.6396
0.6385
0.6396
0.6396
0.6397
0.6409
0.6403
0.6406
0.6419
0.6401
0.64
0.6401
0.6401
0.6406
0.6401
0.6409
0.6403
0.6402
0.64
0.6401
0.6404
0.6404
0.64
0.6401
0.6408
0.6412
0.64
0.64
0.6407
0.64
0.64
0.6384
0.6386
0.6385
0.6384
0.637
0.6367
0.6351
0.6352
0.6351
0.6376
0.634
0.635
0.6363
0.6345
0.6345
0.6351
0.6311
0.6311
0.631
0.631
0.631
0.6308
0.6347
0.6302
0.6302
0.6302
0.6302
0.6324
0.6324
0.6324
0.6324
0.6302
0.6302
0.6302
0.6302
0.6302
0.6302
0.6316
0.6316
0.6316
0.6324
0.633
0.633
0.633
0.6324
0.6302
0.631
0.631
0.6302
0.6301
0.6301
0.63
0.6308
0.6301
0.6301
0.6321
0.6316
0.6315
0.6375
0.6343
0.6331
0.6324
0.6324
0.6324
0.6321
0.6321
0.6321
0.6321
0.6321
0.6321
0.6321
0.6321
0.6321
0.6321
0.6321
0.6321
0.6321
0.6321
0.6322
0.6352
0.6335
0.6342
0.6335
0.6326
0.6321
0.6318
0.6328
0.6316
0.6301
0.6313
0.6316
0.6301
0.6301
0.63
0.6304
0.6304
0.6301
0.6303
0.63
0.63
0.6301
0.63
0.6307
0.6307
0.632
0.6308
0.6313
0.6313
0.6315
0.6352
0.6346
0.6355
0.6349
0.635
0.637
0.6372
0.6396
0.64
0.64
0.6397
0.6393
0.6384
0.6389
0.6381
0.64
0.64
0.64
0.6397
0.6387
0.6381
0.6349
0.65
0.64
0.64
0.64
0.6399
0.6393
0.6448
0.6379
0.638
0.6398
0.64
0.638
0.64
0.6376
0.6417
0.6383
0.6401
0.6398
0.64
0.642
0.64
0.64
0.64
0.6404
0.6401
0.6402
0.6402
0.6403
0.6403
0.6403
0.641
0.643
0.6415
0.6418
0.645
0.6466
0.6451
0.6452
0.6451
0.642
0.6421
0.642
0.642
0.641
0.6394
0.6401
0.64
0.6399
0.6385
0.638
0.638
0.64
0.64
0.6401
0.6407
0.6404
0.6406
0.6408
0.6408
0.6408
0.6408
0.6408
0.6405
0.6401
0.6401
0.6401
0.6402
0.6409
0.6402
0.6402
0.64
0.6401
0.64
0.64
0.64
0.64
0.64
0.64
0.64
0.64
0.64
0.64
0.64
0.64
0.64
0.64
0.64
0.64
0.6399
0.6397
0.64
0.64
0.6405
0.6407
0.64
0.64
0.6407
0.6407
0.64
0.64
0.6401
0.641
0.646
0.6401
0.6409
0.648
0.647
0.6471
0.6415
0.6421
0.6426
0.6429
0.6409
0.6406
0.6411
0.6411
0.6474
0.6413
0.648
0.6451
0.6499
0.6561
0.6459
0.657
0.6563
0.6548
0.6501
0.6511
0.6531
0.6558
0.6565
0.6562
0.6565
0.6501
0.6566
0.6615
0.6625
0.663
0.6621
0.662
0.6698
0.66
0.6697
0.6683
0.6681
0.6679
0.6691
0.669
0.6689
0.6658
0.6678
0.6663
0.6653
0.6663
0.6682
0.6668
0.6689
0.67
0.67
0.6706
0.6745
0.6734
0.6733
0.6684
0.6685
0.6685
0.6731
0.6685
0.6684
0.6701
0.6701
0.6733
0.6689
0.6699
0.6702
0.672
0.6799
0.6749
0.6788
0.6877
0.6852
0.6851
0.687
0.6851
0.6869
0.68
0.6811
0.6811
0.679
0.6803
0.68
0.6801
0.6801
0.6803
0.6818
0.6835
0.6826
0.6831
0.6865
0.6866
0.6881
0.6866
0.683
0.6831
0.683
0.6835
0.6894
0.6857
0.6857
0.6898
0.6835
0.6837
0.6894
0.688
0.688
0.6852
0.6839
0.6852
0.6788
0.6789
0.6743
0.6747
0.6749
0.6744
0.6747
0.6786
0.6769
0.6795
0.6795
0.6795
0.6763
0.6757
0.6721
0.6722
0.6763
0.6788
0.6764
0.6753
0.6752
0.6777
0.6746
0.676
0.6742
0.6763
0.6732
0.6728
0.676
0.6762
0.6789
0.6768
0.6762
0.679
0.679
0.6762
0.679
0.68
0.6807
0.6812
0.6849
0.6801
0.6801
0.6821
0.6848
0.6821
0.6849
0.6879
0.688
0.6856
0.688
0.687
0.6871
0.687
0.687
0.687
0.6871
0.6875
0.6874
0.6871
0.688
0.6871
0.6875
0.6874
0.6875
0.689
0.6892
0.6896
0.6875
0.6899
0.69
0.6899
0.6898
0.6876
0.6892
0.6892
0.6882
0.6942
0.6917
0.6935
0.693
0.6948
0.696
0.6959
0.6958
0.69
0.69
0.6942
0.6903
0.6856
0.69
0.6907
0.6917
0.6901
0.693
0.693
0.693
0.6903
0.6902
0.6925
0.69
0.6925
0.6929
0.6922
0.69
0.6917
0.69
0.6906
0.69
0.69
0.6906
0.6898
0.69
0.6849
0.6833
0.6833
0.6889
0.685
0.6851
0.6852
0.6922
0.6887
0.6861
0.6899
0.6904
0.6902
0.689
0.6903
0.69
0.687
0.6888
0.6899
0.69
0.69
0.6908
0.69
0.69
0.6903
0.6908
0.6909
0.6908
0.69
0.69
0.69
0.69
0.6849
0.68
0.6848
0.6824
0.675
0.675
0.6651
0.665
0.6641
0.6597
0.6772
0.6698
0.669
0.6697
0.6697
0.6712
0.6735
0.6746
0.6746
0.6723
0.6641
0.6599
0.6704
0.66
0.67
0.6699
0.6643
0.6668
0.665
0.665
0.6695
0.6655
0.666
0.6678
0.666
0.6661
0.6661
0.6656
0.66
0.66
0.66
0.66
0.66
0.66
0.66
0.66
0.66
0.66
0.6602
0.6601
0.6601
0.6601
0.6601
0.6601
0.6601
0.6601
0.6602
0.6611
0.6651
0.664
0.6647
0.6646
0.6612
0.6613
0.6638
0.6614
0.6613
0.6613
0.6613
0.6628
0.6614
0.6613
0.6613
0.6604
0.6603
0.6603
0.66
0.66
0.66
0.66
0.66
0.66
0.66
0.66
0.66
0.66
0.66
0.6601
0.66
0.66
0.66
0.66
0.66
0.6601
0.6599
0.6598
0.6593
0.6592
0.659
0.6582
0.6577
0.6592
0.6621
0.6602
0.66
0.66
0.66
0.6601
0.66
0.66
0.66
0.6579
0.6571
0.6563
0.6563
0.6562
0.6572
0.658
0.66
0.66
0.66
0.66
0.66
0.66
0.6601
0.66
0.6619
0.662
0.6621
0.662
0.6621
0.66
0.66
0.66
0.66
0.6599
0.6593
0.6593
0.6595
0.66
0.6601
0.66
0.66
0.66
0.66
0.6601
0.66
0.6601
0.66
0.66
0.66
0.66
0.66
0.66
0.6589
0.6591
0.6591
0.6591
0.6581
0.6591
0.6591
0.6593
0.6594
0.6601
0.6598
0.6601
0.6601
0.6598
0.6599
0.6598
0.6596
0.6601
0.6601
0.6601
0.6601
0.6601
0.66
0.66
0.66
0.66
0.66
0.66
0.66
0.66
0.66
0.6598
0.6598
0.6598
0.6595
0.66
0.66
0.6601
0.66
0.66
0.66
0.6643
0.6601
0.663
0.663
0.663
0.6616
0.6606
0.6621
0.663
0.663
0.6612
0.663
0.6616
0.663
0.6621
0.663
0.6692
0.6693
0.6693
0.6692
0.6651
0.6699
0.6699
0.6695
0.6662
0.6673
0.6663
0.6662
0.6659
0.6651
0.6652
0.6651
0.6651
0.6652
0.6652
0.6655
0.6657
0.666
0.666
0.666
0.6659
0.666
0.666
0.666
0.666
0.6657
0.67
0.67
0.6698
0.6698
0.6686
0.6685
0.6698
0.6684
0.6684
0.6698
0.6691
0.6691
0.6693
0.6691
0.6693
0.6693
0.6693
0.6693
0.6692
0.6692
0.6692
0.6692
0.6684
0.6684
0.6684
0.669
0.6674
0.668
0.668
0.668
0.6684
0.669
0.669
0.6694
0.669
0.6689
0.6694
0.669
0.669
0.67
0.6712
0.6711
0.6712
0.6715
0.6745
0.6725
0.673
0.675
0.6749
0.6749
0.6733
0.6734
0.6741
0.6737
0.6737
0.6748
0.6738
0.6748
0.6739
0.6734
0.6723
0.6732
0.6717
0.6717
0.6731
0.6727
0.6729
0.6734
0.6729
0.6715
0.6715
0.6743
0.6718
0.674
0.6701
0.6729
0.67
0.67
0.67
0.67
0.67
0.6701
0.6713
0.6715
0.67
0.6711
0.67
0.6719
0.6701
0.6697
0.67
0.6685
0.6699
0.668
0.668
0.669
0.668
0.6653
0.6655
0.6655
0.665
0.664
0.662
0.662
0.6618
0.6627
0.6616
0.6636
0.6635
0.6666
0.6675
0.6678
0.6678
0.6698
0.6715
0.673
0.6721
0.6678
0.67
0.666
0.666
0.669
0.6652
0.6652
0.6651
0.6709
0.6718
0.6718
0.6706
0.6698
0.6695
0.6657
0.6692
0.6677
0.6669
0.6676
0.6676
0.6676
0.6698
0.6689
0.659
0.6689
0.6611
0.6661
0.6698
0.6697
0.6696
0.6694
0.6674
0.6699
0.6656
0.6698
0.6699
0.6699
0.6699
0.6677
0.6678
0.6632
0.663
0.662
0.662
0.6624
0.6658
0.6659
0.6658
0.6652
0.6624
0.6642
0.6625
0.6633
0.662
0.6617
0.66
0.6599
0.6594
0.6599
0.66
0.6599
0.66
0.6602
0.6602
0.6645
0.6642
0.6654
0.6633
0.6655
0.67
0.6631
0.6691
0.669
0.669
0.6691
0.6697
0.6667
0.67
0.6686
0.67
0.67
0.67
0.6692
0.6698
0.6698
0.6699
0.6698
0.6699
0.6699
0.67
0.6699
0.67
0.6699
0.67
0.67
0.67
0.6699
0.6699
0.6698
0.67
0.67
0.67
0.67
0.6699
0.6705
0.6705
0.6704
0.675
0.678
0.6777
0.6776
0.6779
0.6779
0.6711
0.6759
0.6712
0.6779
0.6749
0.6746
0.6727
0.6746
0.675
0.6779
0.678
0.678
0.6772
0.6772
0.6777
0.677
0.677
0.6769
0.6753
0.6702
0.675
0.675
0.6718
0.675
0.6728
0.6747
0.6748
0.6747
0.6714
0.6746
0.6745
0.6733
0.6703
0.6711
0.6742
0.6729
0.6712
0.6713
0.674
0.6713
0.6723
0.6739
0.6711
0.6738
0.6731
0.6727
0.6729
0.673
0.673
0.6727
0.673
0.6729
0.673
0.673
0.673
0.6729
0.6724
0.6729
0.6729
0.6724
0.6728
0.6728
0.6724
0.6724
0.674
0.6701
0.6748
0.6703
0.6705
0.6717
0.6746
0.6713
0.6745
0.6709
0.6713
0.6744
0.6745
0.671
0.6712
0.6744
0.6711
0.6742
0.6741
0.6725
0.6712
0.671
0.6711
0.6731
0.6713
0.6712
0.672
0.6737
0.6736
0.6721
0.672
0.6724
0.6745
0.6733
0.6745
0.6721
0.6716
0.6717
0.6745
0.671
0.67
0.6744
0.6703
0.6741
0.6707
0.6705
0.6704
0.6737
0.6701
0.6736
0.6736
0.67
0.6701
0.6741
0.6704
0.6703
0.6737
0.6701
0.6722
0.6731
0.6731
0.6707
0.6708
0.6707
0.6726
0.6705
0.6713
0.6713
0.6703
0.6711
0.6733
0.6716
0.6717
0.6725
0.6737
0.6741
0.6745
0.6745
0.6741
0.6741
0.6736
0.674
0.6736
0.6735
0.674
0.674
0.674
0.674
0.6739
0.6735
0.6761
0.6746
0.6766
0.6776
0.6808
0.6783
0.6829
0.674
0.6741
0.6794
0.6768
0.6783
0.6762
0.6763
0.6742
0.6763
0.6763
0.6743
0.6761
0.6741
0.6742
0.6762
0.6754
0.6742
0.6762
0.678
0.678
0.6762
0.6745
0.678
0.6783
0.6783
0.6783
0.6789
0.68
0.6797
0.6829
0.6829
0.6829
0.6811
0.6811
0.683
0.6864
0.6834
0.6868
0.6868
0.6873
0.6834
0.6856
0.6873
0.6873
0.6873
0.6873
0.6831
0.6836
0.6837
0.6848
0.6861
0.6862
0.6852
0.6864
0.6852
0.6802
0.6835
0.6866
0.6865
0.6802
0.6803
0.6802
0.6829
0.685
0.684
0.684
0.684
0.6832
0.6841
0.6842
0.685
0.6833
0.685
0.6833
0.6832
0.685
0.685
0.6833
0.685
0.685
0.6833
0.6835
0.6837
0.6842
0.6842
0.6833
0.6833
0.6833
0.6832
0.6842
0.6835
0.685
0.6842
0.6844
0.684
0.685
0.685
0.685
0.6846
0.685
0.6845
0.6846
0.6847
0.6847
0.685
0.6848
0.6849
0.6849
0.685
0.6849
0.685
0.6849
0.685
0.6849
0.6849
0.684
0.6842
0.6845
0.6842
0.6834
0.6832
0.6826
0.6826
0.683
0.6824
0.6806
0.6803
0.6804
0.6768
0.6784
0.6703
0.671
0.6703
0.6775
0.6762
0.6752
0.6759
0.6761
0.676
0.6762
0.676
0.6753
0.675
0.6759
0.6751
0.6709
0.6721
0.673
0.676
0.6744
0.6738
0.6741
0.6705
0.6704
0.6705
0.6705
0.6705
0.6722
0.6723
0.6718
0.6705
0.6709
0.6707
0.67
0.6709
0.6703
0.67
0.6701
0.67
0.67
0.67
0.67
0.6701
0.67
0.6701
0.67
0.67
0.67
0.6701
0.67
0.67
0.6701
0.67
0.67
0.6701
0.67
0.67
0.6678
0.667
0.6683
0.6683
0.6687
0.6692
0.6685
0.6687
0.6687
0.6683
0.6683
0.668
0.6679
0.6669
0.6657
0.6644
0.665
0.6697
0.6694
0.6685
0.6655
0.6655
0.664
0.661
0.661
0.661
0.6605
0.6605
0.6605
0.6605
0.6605
0.6605
0.6602
0.66
0.66
0.6601
0.66
0.6601
0.66
0.6601
0.6601
0.66
0.66
0.66
0.66
0.66
0.66
0.66
0.66
0.6601
0.663
0.6638
0.664
0.6663
0.6732
0.6798
0.6766
0.677
0.6766
0.6765
0.6696
0.6684
0.6698
0.6757
0.6693
0.6696
0.6695
0.6687
0.669
0.6675
0.6607
0.6607
0.6648
0.667
0.6673
0.6614
0.6615
0.6633
0.6621
0.6631
0.6621
0.662
0.665
0.665
0.6645
0.667
0.6654
0.668
0.6665
0.6687
0.6686
0.6685
0.6712
0.675
0.671
0.6741
0.671
0.6746
0.6712
0.6712
0.6704
0.6695
0.671
0.6701
0.6646
0.673
0.673
0.6711
0.6729
0.6729
0.67
0.6683
0.6683
0.6656
0.6683
0.6682
0.6682
0.6682
0.6666
0.671
0.6694
0.6694
0.6684
0.67
0.6689
0.6707
0.673
0.6704
0.675
0.6736
0.6726
0.6752
0.6695
0.6697
0.6654
0.6696
0.6654
0.6654
0.6654
0.6656
0.6663
0.668
0.6681
0.67
0.6711
0.6737
0.6725
0.6726
0.6737
0.6708
0.6708
0.6719
0.6726
0.6729
0.6724
0.67
0.672
0.6677
0.67
0.67
0.6684
0.6699
0.6718
0.67
0.6699
0.6695
0.6714
0.6712
0.6682
0.666
0.6661
0.668
0.6679
0.6665
0.6664
0.6681
0.6664
0.668
0.6664
0.6679
0.6676
0.6676
0.666
0.666
0.6687
0.6679
0.6663
0.6693
0.6718
0.67
0.67
0.67
0.67
0.668
0.666
0.668
0.6662
0.6662
0.6641
0.6668
0.6656
0.6674
0.6658
0.6673
0.6689
0.6687
0.6663
0.6666
0.6651
0.6677
0.6662
0.6658
0.6669
0.6666
0.6658
0.6667
0.665
0.6649
0.6662
0.6636
0.6636
0.6635
0.6648
0.6635
0.6658
0.6635
0.6664
0.6664
0.6635
0.6636
0.666
0.6646
0.6645
0.6633
0.6642
0.6638
0.6632
0.6637
0.6622
0.6645
0.663
0.6632
0.6632
0.6631
0.6631
0.663
0.663
0.663
0.6631
0.6631
0.663
0.6631
0.663
0.6631
0.6631
0.663
0.663
0.662
0.6615
0.6615
0.6612
0.6614
0.6605
0.6615
0.6605
0.6607
0.6606
0.6606
0.6606
0.6607
0.6608
0.6619
0.6611
0.662
0.6628
0.663
0.6615
0.6614
0.6611
0.6618
0.6624
0.661
0.661
0.6618
0.6614
0.6612
0.661
0.661
0.661
0.6611
0.6611
0.661
0.661
0.661
0.68
0.6807
0.68
0.68
0.68
0.68
0.68
0.68
0.6806
0.6805
0.6803
0.6802
0.6802
0.68
0.6801
0.6801
0.68
0.6801
0.68
0.6801
0.68
0.68
0.68
0.6801
0.68
0.68
0.6801
0.68
0.68
0.68
0.69
0.6819
0.6818
0.6813
0.6832
0.6701
0.6788
0.6701
0.665
0.677
0.6654
0.6765
0.6684
0.6694
0.668
0.6681
0.6662
0.6666
0.6666
0.6663
0.6663
0.6665
0.6665
0.6659
0.6663
0.6654
0.6654
0.6654
0.6654
0.6654
0.666
0.662
0.662
0.6611
0.6613
0.6601
0.66
0.66
0.66
0.66
0.66
0.6608
0.66
0.66
0.6601
0.6601
0.66
0.66
0.66
0.66
0.6601
0.66
0.66
0.6587
0.6594
0.656
0.659
0.6585
0.6561
0.658
0.6569
0.656
0.6572
0.6571
0.6514
0.6514
0.6559
0.655
0.6523
0.6529
0.6515
0.6517
0.6521
0.6522
0.6517
0.6511
0.651
0.6507
0.6505
0.65
0.65
0.6502
0.65
0.65
0.65
0.65
0.65
0.6501
0.65
0.65
0.6501
0.65
0.65
0.65
0.65
0.6502
0.6502
0.6503
0.6502
0.6504
0.6525
0.6548
0.6526
0.6536
0.6532
0.6549
0.6502
0.6505
0.6533
0.6506
0.6507
0.6506
0.65
0.6501
0.65
0.65
0.65
0.65
0.65
0.65
0.648
0.648
0.648
0.645
0.645
0.6437
0.643
0.64
0.64
0.64
0.6401
0.6402
0.6401
0.642
0.644
0.644
0.6433
0.6423
0.6498
0.6447
0.6451
0.6491
0.6432
0.6427
0.6428
0.64
0.6415
0.642
0.6401
0.64
0.6401
0.6402
0.6494
0.649
0.649
0.6447
0.6405
0.641
0.6439
0.6411
0.6471
0.641
0.6436
0.6455
0.6455
0.6496
0.6486
0.643
0.642
0.641
0.641
0.641
0.6411
0.6411
0.6411
0.641
0.641
0.641
0.641
0.6405
0.6406
0.6402
0.6403
0.6401
0.6401
0.6401
0.64
0.6401
0.6401
0.6401
0.6456
0.646
0.646
0.6459
0.6458
0.6456
0.6455
0.6455
0.645
0.6452
0.645
0.645
0.6449
0.6449
0.6437
0.645
0.6451
0.6449
0.645
0.6448
0.6449
0.6437
0.6444
0.6461
0.6445
0.6459
0.6456
0.6441
0.6433
0.6445
0.6442
0.6442
0.6447
0.6448
0.6425
0.6446
0.642
0.6441
0.6431
0.6442
0.642
0.6439
0.6437
0.6485
0.65
0.65
0.6501
0.6499
0.6499
0.65
0.6495
0.6538
0.65
0.6525
0.6495
0.6507
0.6506
0.6511
0.6531
0.6549
0.6531
0.6548
0.6518
0.6515
0.6525
0.6501
0.6543
0.6523
0.6542
0.6517
0.6517
0.6516
0.6516
0.6515
0.6508
0.6514
0.6514
0.6513
0.6618
0.6635
0.6633
0.6635
0.6504
0.6664
0.6688
0.6611
0.6601
0.6601
0.6607
0.6611
0.6625
0.6715
0.6701
0.67
0.67
0.67
0.6788
0.6735
0.6764
0.6784
0.6825
0.6818
0.6815
0.6778
0.6727
0.6746
0.6712
0.6711
0.6698
0.6688
0.6642
0.664
0.6645
0.6661
0.6669
0.6673
0.6794
0.6704
0.6702
0.6733
0.6775
0.6722
0.6723
0.6722
0.6733
0.6763
0.6764
0.6746
0.6737
0.6734
0.6676
0.6691
0.6738
0.6705
0.6671
0.6671
0.6672
0.6663
0.6666
0.6696
0.6703
0.6704
0.6761
0.6717
0.6754
0.6762
0.6758
0.6719
0.6718
0.6721
0.6756
0.6756
0.6714
0.6714
0.6712
0.6711
0.6721
0.6731
0.6711
0.6711
0.675
0.676
0.675
0.6755
0.6727
0.6728
0.6751
0.675
0.675
0.675
0.6748
0.6747
0.6744
0.675
0.6721
0.6722
0.6722
0.6742
0.675
0.6701
0.6713
0.67
0.67
0.67
0.67
0.67
0.67
0.67
0.6701
0.6701
0.6702
0.6709
0.67
0.67
0.6689
0.6624
0.6617
0.66
0.65
0.6554
0.6599
0.6593
0.659
0.6586
0.6502
0.6503
0.6501
0.652
0.65
0.6501
0.65
0.65
0.647
0.6477
0.6478
0.6478
0.6476
0.6475
0.6474
0.6472
0.655
0.6494
0.651
0.6491
0.6489
0.6493
0.65
0.6505
0.6499
0.6499
0.6498
0.6497
0.6499
0.6497
0.6495
0.6497
0.6493
0.6494
0.6493
0.6493
0.6492
0.648
0.648
0.648
0.648
0.6478
0.6471
0.6472
0.6475
0.645
0.6448
0.6412
0.6403
0.6404
0.6404
0.6404
0.6417
0.6404
0.6403
0.6404
0.641
0.6411
0.641
0.6411
0.6414
0.6434
0.6437
0.6445
0.6458
0.6474
0.6472
0.6453
0.6433
0.6434
0.6441
0.6441
0.6438
0.6439
0.6439
0.6439
0.6438
0.6431
0.6412
0.642
0.6412
0.6411
0.642
0.642
0.642
0.6411
0.6408
0.6406
0.6404
0.6405
0.6408
0.6428
0.6429
0.643
0.6431
0.6436
0.6434
0.6498
0.6452
0.6461
0.6456
0.6456
0.6457
0.6443
0.6433
0.6438
0.6456
0.6458
0.6466
0.6467
0.6467
0.6478
0.6499
0.6538
0.6531
0.6521
0.6515
0.6498
0.6497
0.6496
0.6495
0.6493
0.6492
0.649
0.6491
0.6489
0.6491
0.6487
0.6487
0.6484
0.6533
0.6554
0.6585
0.6542
0.653
0.656
0.6522
0.6522
0.6523
0.6523
0.6515
0.6496
0.6501
0.65
0.6503
0.65
0.6495
0.6493
0.6501
0.651
0.651
0.651
0.65
0.65
0.65
0.6501
0.6505
0.65
0.6504
0.6501
0.65
0.6501
0.65
0.65
0.65
0.65
0.65
0.65
0.65
0.65
0.6501
0.65
0.6499
0.6499
0.6498
0.6478
0.6468
0.6455
0.6455
0.6462
0.6444
0.6423
0.6421
0.6421
0.6422
0.6422
0.6423
0.6422
0.643
0.6425
0.6427
0.6425
0.6425
0.6425
0.6425
0.6426
0.6425
0.6425
0.6426
0.6425
0.6424
0.6422
0.642
0.6473
0.6465
0.6463
0.6436
0.6436
0.6431
0.642
0.6421
0.642
0.642
0.642
0.642
0.6411
0.6411
0.6412
0.6411
0.641
0.641
0.641
0.641
0.6411
0.641
0.641
0.641
0.641
0.6411
0.641
0.641
0.6411
0.641
0.641
0.641
0.641
0.641
0.641
0.6411
0.641
0.641
0.6412
0.6412
0.6412
0.6412
0.6412
0.641
0.641
0.641
0.641
0.641
0.641
0.6409
0.6406
0.6406
0.6406
0.6405
0.6406
0.6405
0.6405
0.6405
0.6404
0.6402
0.6403
0.6402
0.6414
0.6416
0.6408
0.6408
0.6408
0.6408
0.6449
0.6426
0.6428
0.6426
0.6426
0.6427
0.6426
0.6426
0.6427
0.642
0.6422
0.6423
0.6422
0.6422
0.6512
0.6511
0.654
0.654
0.6523
0.6424
0.651
0.648
0.6456
0.6456
0.6427
0.6448
0.6428
0.6422
0.6423
0.6422
0.642
0.6421
0.6421
0.642
0.642
0.642
0.642
0.642
0.6421
0.6415
0.641
0.641
0.641
0.6411
0.6411
0.641
0.641
0.6417
0.6426
0.6436
0.6477
0.6436
0.6445
0.6431
0.6436
0.644
0.644
0.644
0.644
0.6441
0.644
0.6425
0.641
0.641
0.6417
0.641
0.6408
0.6418
0.6417
0.6418
0.6411
0.6489
0.642
0.6453
0.6445
0.644
0.644
0.644
0.6439
0.6418
0.642
0.642
0.642
0.642
0.642
0.642
0.642
0.6418
0.6419
0.642
0.642
0.6418
0.6419
0.6417
0.642
0.6421
0.6442
0.644
0.6422
0.6422
0.6428
0.6428
0.6423
0.6601
0.6597
0.6591
0.645
0.6578
0.6501
0.6568
0.6493
0.649
0.6437
0.645
0.6476
0.6451
0.6451
0.645
0.6539
0.6483
0.6494
0.6471
0.648
0.648
0.6481
0.6492
0.6485
0.6484
0.6482
0.6483
0.6483
0.6484
0.6485
0.6485
0.6486
0.6485
0.652
0.654
0.6514
0.6485
0.6531
0.6512
0.651
0.6511
0.651
0.6515
0.6518
0.6517
0.6512
0.6516
0.6525
0.6542
0.6523
0.652
0.6526
0.65
0.6505
0.6505
0.6508
0.6533
0.6546
0.6549
0.6561
0.66
0.6603
0.6614
0.6658
0.6657
0.665
0.6655
0.6653
0.6645
0.6607
0.6638
0.6602
0.6604
0.6602
0.6623
0.6601
0.66
0.6602
0.6621
0.6601
0.6603
0.6602
0.6657
0.6603
0.6621
0.6656
0.6606
0.6616
0.6618
0.6665
0.6666
0.6631
0.6665
0.665
0.6696
0.6662
0.67
0.67
0.6685
0.6673
0.6697
0.668
0.6682
0.6682
0.668
0.6677
0.6669
0.6668
0.6666
0.6663
0.6655
0.665
0.665
0.665
0.665
0.6644
0.6644
0.6645
0.6644
0.6644
0.6643
0.6638
0.6625
0.6624
0.6624
0.6628
0.6628
0.6627
0.6654
0.6655
0.6635
0.6681
0.6655
0.6653
0.6654
0.6654
0.6653
0.6653
0.6671
0.667
0.6689
0.6684
0.6685
0.669
0.67
0.67
0.6699
0.6706
0.6711
0.6711
0.672
0.6718
0.6706
0.6707
0.6708
0.6708
0.6699
0.6708
0.6708
0.6708
0.67
0.6697
0.67
0.6698
0.67
0.67
0.6698
0.67
0.67
0.6721
0.6719
0.6742
0.6741
0.6724
0.6725
0.6733
0.6736
0.6731
0.6722
0.6727
0.6718
0.6715
0.6718
0.6716
0.6717
0.6716
0.6716
0.6716
0.6718
0.6716
0.6709
0.6715
0.6707
0.6708
0.6708
0.6705
0.6707
0.6707
0.6705
0.6703
0.6703
0.67
0.6702
0.6702
0.6702
0.67
0.6701
0.6701
0.67
0.67
0.6702
0.6711
0.6707
0.6711
0.6711
0.6714
0.6714
0.672
0.6798
0.6797
0.6798
0.6771
0.6774
0.6796
0.6769
0.6769
0.6769
0.6769
0.677
0.678
0.6761
0.6775
0.679
0.6789
0.679
0.6784
0.6796
0.6795
0.6798
0.6799
0.6833
0.6836
0.6839
0.6849
0.6853
0.6853
0.6853
0.688
0.686
0.6864
0.6875
0.6886
0.6883
0.6892
0.6893
0.6899
0.695
0.6969
0.6921
0.6933
0.6907
0.6922
0.6922
0.6922
0.6922
0.6941
0.6933
0.6951
0.695
0.6949
0.695
0.695
0.695
0.6949
0.6948
0.6901
0.6917
0.69
0.6933
0.6937
0.687
0.6882
0.6896
0.6908
0.6909
0.6909
0.6933
0.6933
0.6933
0.6933
0.6925
0.6928
0.6927
0.6925
0.6926
0.6925
0.6932
0.6933
0.6933
0.6931
0.6933
0.6933
0.6933
0.6931
0.693
0.6929
0.6928
0.6928
0.684
0.6841
0.6854
0.6865
0.6879
0.6883
0.6883
0.6884
0.6884
0.6848
0.6841
0.6838
0.6847
0.6862
0.6859
0.6868
0.6868
0.6868
0.6871
0.688
0.6879
0.6894
0.6917
0.6933
0.6917
0.6924
0.693
0.6929
0.6923
0.6924
0.6922
0.6923
0.6922
0.6923
0.6922
0.6923
0.693
0.693
0.6935
0.6938
0.6935
0.6936
0.6972
0.6988
0.699
0.6992
0.6995
0.6995
0.6999
0.6997
0.6995
0.6994
0.6994
0.6995
0.6994
0.6993
0.699
0.6981
0.698
0.6981
0.6981
0.6982
0.6985
0.6985
0.6985
0.6982
0.6986
0.6985
0.6984
0.6985
0.6986
0.6994
0.6995
0.6995
0.7
0.704
0.7199
0.7147
0.7107
0.7121
0.706
0.706
0.7125
0.7171
0.7137
0.71
0.7109
0.7101
0.7062
0.7098
0.705
0.7089
0.7064
0.7063
0.7064
0.7031
0.7001
0.7028
0.6927
0.6903
0.69
0.6903
0.7
0.6998
0.6959
0.693
0.6904
0.69
0.6891
0.685
0.69
0.6978
0.686
0.6969
0.6895
0.696
0.6894
0.6899
0.6877
0.6875
0.6881
0.686
0.6861
0.6872
0.6872
0.6866
0.6866
0.686
0.6858
0.6857
0.6806
0.6856
0.6837
0.6803
0.6803
0.682
0.6803
0.6822
0.6811
0.6807
0.6801
0.68
0.68
0.68
0.6721
0.6731
0.674
0.6783
0.6775
0.6779
0.6779
0.6778
0.6778
0.6779
0.6777
0.675
0.675
0.6731
0.6738
0.6712
0.6712
0.6713
0.6712
0.6712
0.672
0.6752
0.6743
0.6782
0.683
0.6828
0.6806
0.6805
0.6813
0.6812
0.6826
0.6855
0.6858
0.6875
0.6878
0.69
0.6905
0.697
0.695
0.6952
0.6968
0.6953
0.6952
0.6952
0.6958
0.6951
0.6953
0.6952
0.695
0.6951
0.695
0.692
0.6929
0.6921
0.6928
0.6921
0.692
0.6928
0.6928
0.6921
0.6921
0.69
0.6904
0.6905
0.6904
0.69
0.6906
0.6906
0.6902
0.6865
0.6873
0.6883
0.6889
0.6866
0.6904
0.6874
0.6858
0.6872
0.6861
0.6857
0.6856
0.6856
0.6856
0.6856
0.6861
0.6856
0.6856
0.686
0.6856
0.6857
0.6858
0.6858
0.687
0.6829
0.683
0.6837
0.6833
0.6842
0.6843
0.6844
0.6843
0.6844
0.6844
0.6844
0.6843
0.685
0.6887
0.6887
0.6889
0.6884
0.6892
0.6896
0.6886
0.6901
0.6937
0.693
0.6942
0.6943
0.6947
0.6913
0.6927
0.693
0.692
0.6943
0.6909
0.6932
0.6926
0.6932
0.6909
0.6916
0.6921
0.6907
0.6922
0.6909
0.6911
0.6921
0.6931
0.6911
0.6912
0.6911
0.6929
0.6912
0.6911
0.6918
0.6929
0.6916
0.6926
0.6917
0.6922
0.6922
0.6922
0.6924
0.6925
0.6926
0.6924
0.6926
0.6932
0.698
0.6949
0.696
0.6948
0.6979
0.6961
0.6961
0.697
0.6978
0.6961
0.6975
0.6975
0.6949
0.6975
0.6941
0.6949
0.6947
0.6952
0.695
0.6948
0.6961
0.695
0.6947
0.6946
0.6947
0.6961
0.6951
0.6951
0.6965
0.699
0.6989
0.6988
0.6989
0.6989
0.6987
0.6989
0.6988
0.6989
0.6989
0.6985
0.6986
0.6987
0.699
0.6989
0.6989
0.699
0.6989
0.6989
0.6986
0.6989
0.6989
0.698
0.7
0.7066
0.7058
0.7052
0.7051
0.706
0.705
0.7076
0.71
0.7096
0.7051
0.7073
0.7072
0.7063
0.7068
0.7058
0.7056
0.7056
0.707
0.7071
0.7072
0.7079
0.708
0.708
0.7099
0.7102
0.7055
0.7066
0.7063
0.7087
0.7077
0.7078
0.705
0.705
0.705
0.7061
0.705
0.7057
0.7054
0.7057
0.7059
0.7059
0.7058
0.7079
0.7077
0.706
0.707
0.7061
0.7002
0.7026
0.7031
0.705
0.705
0.7052
0.71
0.705
0.71
0.7119
0.7101
0.71
0.7108
0.7109
0.7099
0.71
0.7102
0.7125
0.7125
0.7121
0.7125
0.7123
0.7122
0.711
0.71
0.7103
0.7102
0.7101
0.7111
0.7103
0.7124
0.7111
0.7117
0.7109
0.7099
0.7101
0.7101
0.71
0.711
0.71
0.71
0.71
0.71
0.71
0.7106
0.71
0.7119
0.7101
0.7101
0.7107
0.711
0.711
0.7112
0.7112
