2.788e-05	30728.2298882
2.788e-05	30728.2298882
2.788e-05	30728.2298882
2.788e-05	30728.2298882
2.788e-05	30728.2298882
2.788e-05	30728.2298882
2.788e-05	30728.2298882
2.788e-05	30728.2298882
2.788e-05	30728.2298882
2.788e-05	30728.2298882
2.788e-05	30728.2298882
2.788e-05	30728.2298882
2.786e-05	3280.28628839
2.786e-05	3280.28628839
2.786e-05	3280.28628839
2.771e-05	3774.31199082
2.771e-05	3774.31199082
2.771e-05	3774.31199082
2.787e-05	682380.754398
2.787e-05	682380.754398
2.787e-05	682380.754398
2.787e-05	682294.015214
2.787e-05	682294.015214
2.787e-05	682294.015214
2.787e-05	682294.015214
2.787e-05	682294.015214
2.787e-05	682294.015214
2.786e-05	3753.99085663
2.786e-05	3753.99085663
2.786e-05	3753.99085663
2.763e-05	26.06722613
2.763e-05	26.06722613
2.763e-05	26.06722613
2.761e-05	3787.98208134
2.761e-05	3787.98208134
2.761e-05	3787.98208134
2.761e-05	3787.98208134
2.761e-05	3787.98208134
2.761e-05	3787.98208134
2.762e-05	2600.0
2.762e-05	2600.0
2.762e-05	2600.0
2.762e-05	2600.0
2.762e-05	2600.0
2.762e-05	2600.0
2.762e-05	2600.0
2.762e-05	2600.0
2.762e-05	2600.0
2.762e-05	2600.0
2.762e-05	2600.0
2.762e-05	2600.0
2.76e-05	127994.833
2.76e-05	127994.833
2.76e-05	127994.833
2.762e-05	2600.0
2.762e-05	2600.0
2.762e-05	2600.0
2.759e-05	3790.72799078
2.759e-05	3790.72799078
2.759e-05	3790.72799078
2.761e-05	3787.98208134
2.761e-05	3787.98208134
2.761e-05	3787.98208134
2.762e-05	2600.0
2.762e-05	2600.0
2.762e-05	2600.0
2.761e-05	3787.98208134
2.761e-05	3787.98208134
2.761e-05	3787.98208134
2.761e-05	3787.98208134
2.761e-05	3787.98208134
2.761e-05	3787.98208134
2.77e-05	3775.67455833
2.77e-05	3775.67455833
2.77e-05	3775.67455833
2.782e-05	107493.957
2.782e-05	107493.957
2.782e-05	107493.957
2.766e-05	125928.178
2.766e-05	125928.178
2.766e-05	125928.178
2.769e-05	3777.03810999
2.769e-05	3777.03810999
2.769e-05	3777.03810999
2.773e-05	132679.251
2.773e-05	132679.251
2.773e-05	132679.251
2.777e-05	124963.739
2.777e-05	124963.739
2.777e-05	124963.739
2.786e-05	3753.99085663
2.786e-05	3753.99085663
2.786e-05	3753.99085663
2.786e-05	3753.99085663
2.786e-05	3753.99085663
2.786e-05	3753.99085663
2.78e-05	131714.812
2.78e-05	131714.812
2.78e-05	131714.812
2.779e-05	125239.293
2.779e-05	125239.293
2.779e-05	125239.293
2.788e-05	30728.2298882
2.788e-05	30728.2298882
2.788e-05	30728.2298882
2.787e-05	4356.35227882
2.787e-05	4356.35227882
2.787e-05	4356.35227882
2.78e-05	124963.739
2.78e-05	124963.739
2.78e-05	124963.739
2.787e-05	4356.35227882
2.787e-05	4356.35227882
2.787e-05	4356.35227882
2.771e-05	89782.108
2.771e-05	89782.108
2.771e-05	89782.108
2.775e-05	3768.87154111
2.775e-05	3768.87154111
2.775e-05	3768.87154111
2.763e-05	2045.43970709
2.763e-05	2045.43970709
2.763e-05	2045.43970709
2.775e-05	114014.089
2.775e-05	114014.089
2.775e-05	114014.089
2.774e-05	137225.892
2.774e-05	137225.892
2.774e-05	137225.892
2.771e-05	31081.682
2.771e-05	31081.682
2.771e-05	31081.682
2.77e-05	3775.67455833
2.77e-05	3775.67455833
2.77e-05	3775.67455833
2.771e-05	23430.873
2.771e-05	23430.873
2.771e-05	23430.873
2.771e-05	23430.873
2.771e-05	23430.873
2.771e-05	23430.873
2.771e-05	23430.873
2.771e-05	23430.873
2.771e-05	23430.873
2.769e-05	21065.885
2.769e-05	21065.885
2.769e-05	21065.885
2.763e-05	2045.43970709
2.763e-05	2045.43970709
2.763e-05	2045.43970709
2.76e-05	211.94401852
2.76e-05	211.94401852
2.76e-05	211.94401852
2.758e-05	124458.364
2.758e-05	124458.364
2.758e-05	124458.364
2.759e-05	18748.6377471
2.759e-05	18748.6377471
2.759e-05	18748.6377471
2.744e-05	14957.9097563
2.744e-05	14957.9097563
2.744e-05	14957.9097563
2.733e-05	3826.79053296
2.733e-05	3826.79053296
2.733e-05	3826.79053296
2.754e-05	108226.645
2.754e-05	108226.645
2.754e-05	108226.645
2.741e-05	3815.6214982
2.741e-05	3815.6214982
2.741e-05	3815.6214982
2.731e-05	3829.59301596
2.731e-05	3829.59301596
2.731e-05	3829.59301596
2.731e-05	3829.59301596
2.731e-05	3829.59301596
2.731e-05	3829.59301596
2.731e-05	3829.59301596
2.731e-05	3829.59301596
2.731e-05	3829.59301596
2.747e-05	3807.28741412
2.747e-05	3807.28741412
2.747e-05	3807.28741412
2.758e-05	30965.931
2.758e-05	30965.931
2.758e-05	30965.931
2.743e-05	4356.35227882
2.743e-05	4356.35227882
2.743e-05	4356.35227882
2.746e-05	78265.215
2.746e-05	78265.215
2.746e-05	78265.215
2.743e-05	3812.83941909
2.743e-05	3812.83941909
2.743e-05	3812.83941909
2.739e-05	3818.40764022
2.739e-05	3818.40764022
2.739e-05	3818.40764022
2.746e-05	78265.215
2.746e-05	78265.215
2.746e-05	78265.215
2.758e-05	126617.063
2.758e-05	126617.063
2.758e-05	126617.063
2.76e-05	185.89772727
2.76e-05	185.89772727
2.76e-05	185.89772727
2.76e-05	185.89772727
2.76e-05	185.89772727
2.76e-05	185.89772727
2.759e-05	3790.72799078
2.759e-05	3790.72799078
2.759e-05	3790.72799078
2.759e-05	3790.72799078
2.759e-05	3790.72799078
2.759e-05	3790.72799078
2.756e-05	203729.854327
2.756e-05	203729.854327
2.756e-05	203729.854327
2.749e-05	197175.884771
2.749e-05	197175.884771
2.749e-05	197175.884771
2.759e-05	3790.72799078
2.759e-05	3790.72799078
2.759e-05	3790.72799078
2.757e-05	40568.4157465
2.757e-05	40568.4157465
2.757e-05	40568.4157465
2.755e-05	3796.23177008
2.755e-05	3796.23177008
2.755e-05	3796.23177008
2.754e-05	199935.0
2.754e-05	199935.0
2.754e-05	199935.0
2.757e-05	40568.4157465
2.757e-05	40568.4157465
2.757e-05	40568.4157465
2.756e-05	3794.85432749
2.756e-05	3794.85432749
2.756e-05	3794.85432749
2.756e-05	3794.85432749
2.756e-05	3794.85432749
2.756e-05	3794.85432749
2.756e-05	3794.85432749
2.756e-05	3794.85432749
2.756e-05	3794.85432749
2.76e-05	185.89772727
2.76e-05	185.89772727
2.76e-05	185.89772727
2.756e-05	3794.85432749
2.756e-05	3794.85432749
2.756e-05	3794.85432749
2.75e-05	1216.77726311
2.75e-05	1216.77726311
2.75e-05	1216.77726311
2.75e-05	1216.77726311
2.75e-05	1216.77726311
2.75e-05	1216.77726311
2.75e-05	60.58882823
2.75e-05	60.58882823
2.75e-05	60.58882823
2.756e-05	3794.85432749
2.756e-05	3794.85432749
2.756e-05	3794.85432749
2.756e-05	3794.85432749
2.756e-05	3794.85432749
2.756e-05	3794.85432749
2.756e-05	15611.6123275
2.756e-05	15611.6123275
2.756e-05	15611.6123275
2.756e-05	3794.85432749
2.756e-05	3794.85432749
2.756e-05	3794.85432749
2.756e-05	3794.85432749
2.756e-05	3794.85432749
2.756e-05	3794.85432749
2.75e-05	60.58882823
2.75e-05	60.58882823
2.75e-05	60.58882823
2.756e-05	3794.85432749
2.756e-05	3794.85432749
2.756e-05	3794.85432749
2.757e-05	40568.4157465
2.757e-05	40568.4157465
2.757e-05	40568.4157465
2.757e-05	40568.4157465
2.757e-05	40568.4157465
2.757e-05	40568.4157465
2.76e-05	200120.897727
2.76e-05	200120.897727
2.76e-05	200120.897727
2.76e-05	185.89772727
2.76e-05	185.89772727
2.76e-05	185.89772727
2.76e-05	185.89772727
2.76e-05	185.89772727
2.76e-05	185.89772727
2.76e-05	185.89772727
2.76e-05	185.89772727
2.76e-05	185.89772727
2.76e-05	185.89772727
2.76e-05	185.89772727
2.76e-05	185.89772727
2.759e-05	3790.72799078
2.759e-05	3790.72799078
2.759e-05	3790.72799078
2.762e-05	3786.61061788
2.762e-05	3786.61061788
2.762e-05	3786.61061788
2.76e-05	185.89772727
2.76e-05	185.89772727
2.76e-05	185.89772727
2.76e-05	185.89772727
2.76e-05	185.89772727
2.76e-05	185.89772727
2.762e-05	3786.61061788
2.762e-05	3786.61061788
2.762e-05	3786.61061788
2.762e-05	3786.61061788
2.762e-05	3786.61061788
2.762e-05	3786.61061788
2.756e-05	18235.0400703
2.756e-05	18235.0400703
2.756e-05	18235.0400703
2.757e-05	603.2
2.757e-05	603.2
2.757e-05	603.2
2.754e-05	46.57411406
2.754e-05	46.57411406
2.754e-05	46.57411406
2.756e-05	18235.0400703
2.756e-05	18235.0400703
2.756e-05	18235.0400703
2.756e-05	18235.0400703
2.756e-05	18235.0400703
2.756e-05	18235.0400703
2.756e-05	18235.0400703
2.756e-05	18235.0400703
2.756e-05	18235.0400703
2.756e-05	18235.0400703
2.756e-05	18235.0400703
2.756e-05	18235.0400703
2.757e-05	500.0
2.757e-05	500.0
2.757e-05	500.0
2.76e-05	185.89772727
2.76e-05	185.89772727
2.76e-05	185.89772727
2.76e-05	185.89772727
2.76e-05	185.89772727
2.76e-05	185.89772727
2.757e-05	500.0
2.757e-05	500.0
2.757e-05	500.0
2.757e-05	500.0
2.757e-05	500.0
2.757e-05	500.0
2.757e-05	500.0
2.757e-05	500.0
2.757e-05	500.0
2.757e-05	500.0
2.757e-05	500.0
2.757e-05	500.0
2.757e-05	500.0
2.757e-05	500.0
2.757e-05	500.0
2.757e-05	500.0
2.757e-05	500.0
2.757e-05	500.0
2.757e-05	500.0
2.757e-05	500.0
2.757e-05	500.0
2.76e-05	185.89772727
2.76e-05	185.89772727
2.76e-05	185.89772727
2.763e-05	2045.43970709
2.763e-05	2045.43970709
2.763e-05	2045.43970709
2.763e-05	2045.43970709
2.763e-05	2045.43970709
2.763e-05	2045.43970709
2.763e-05	2045.43970709
2.763e-05	2045.43970709
2.763e-05	2045.43970709
2.763e-05	2045.43970709
2.763e-05	2045.43970709
2.763e-05	2045.43970709
2.763e-05	2045.43970709
2.763e-05	2045.43970709
2.763e-05	2045.43970709
2.763e-05	2045.43970709
2.763e-05	2045.43970709
2.763e-05	2045.43970709
2.776e-05	1045.43970709
2.776e-05	1045.43970709
2.776e-05	1045.43970709
2.772e-05	11992.2763917
2.772e-05	11992.2763917
2.772e-05	11992.2763917
2.773e-05	500.0
2.773e-05	500.0
2.773e-05	500.0
2.769e-05	181664.260863
2.769e-05	181664.260863
2.769e-05	181664.260863
2.768e-05	28801.2971661
2.768e-05	28801.2971661
2.768e-05	28801.2971661
2.768e-05	136263.740166
2.768e-05	136263.740166
2.768e-05	136263.740166
2.768e-05	129871.412166
2.768e-05	129871.412166
2.768e-05	129871.412166
2.769e-05	181664.260863
2.769e-05	181664.260863
2.769e-05	181664.260863
2.768e-05	28801.2971661
2.768e-05	28801.2971661
2.768e-05	28801.2971661
2.767e-05	6593.67922589
2.767e-05	6593.67922589
2.767e-05	6593.67922589
2.765e-05	199935.0
2.765e-05	199935.0
2.765e-05	199935.0
2.766e-05	109600.24
2.766e-05	109600.24
2.766e-05	109600.24
2.765e-05	199935.0
2.765e-05	199935.0
2.765e-05	199935.0
2.764e-05	18639.037
2.764e-05	18639.037
2.764e-05	18639.037
2.764e-05	17620.5
2.764e-05	17620.5
2.764e-05	17620.5
2.764e-05	17620.5
2.764e-05	17620.5
2.764e-05	17620.5
2.765e-05	199935.0
2.765e-05	199935.0
2.765e-05	199935.0
2.765e-05	199935.0
2.765e-05	199935.0
2.765e-05	199935.0
2.765e-05	199935.0
2.765e-05	199935.0
2.765e-05	199935.0
2.765e-05	199935.0
2.765e-05	199935.0
2.765e-05	199935.0
2.765e-05	199935.0
2.765e-05	199935.0
2.765e-05	199935.0
2.765e-05	199935.0
2.765e-05	199935.0
2.765e-05	199935.0
2.765e-05	199935.0
2.765e-05	199935.0
2.765e-05	199935.0
2.765e-05	199935.0
2.765e-05	199935.0
2.765e-05	199935.0
2.765e-05	199935.0
2.765e-05	199935.0
2.765e-05	199935.0
2.765e-05	199935.0
2.765e-05	199935.0
2.765e-05	199935.0
2.765e-05	199935.0
2.765e-05	199935.0
2.765e-05	199935.0
2.767e-05	46580.06
2.767e-05	46580.06
2.767e-05	46580.06
2.768e-05	34139.423
2.768e-05	34139.423
2.768e-05	34139.423
2.768e-05	34139.423
2.768e-05	34139.423
2.768e-05	34139.423
2.768e-05	34139.423
2.768e-05	34139.423
2.768e-05	34139.423
2.767e-05	30212.612
2.767e-05	30212.612
2.767e-05	30212.612
2.767e-05	30212.612
2.767e-05	30212.612
2.767e-05	30212.612
2.764e-05	59058.604
2.764e-05	59058.604
2.764e-05	59058.604
2.764e-05	67569.505
2.764e-05	67569.505
2.764e-05	67569.505
2.765e-05	199935.0
2.765e-05	199935.0
2.765e-05	199935.0
2.767e-05	30212.612
2.767e-05	30212.612
2.767e-05	30212.612
2.767e-05	30212.612
2.767e-05	30212.612
2.767e-05	30212.612
2.762e-05	29369.3194424
2.762e-05	29369.3194424
2.762e-05	29369.3194424
2.76e-05	10355.1372531
2.76e-05	10355.1372531
2.76e-05	10355.1372531
2.762e-05	29369.3194424
2.762e-05	29369.3194424
2.762e-05	29369.3194424
2.76e-05	10355.1372531
2.76e-05	10355.1372531
2.76e-05	10355.1372531
2.759e-05	111079.627
2.759e-05	111079.627
2.759e-05	111079.627
2.758e-05	13387.72
2.758e-05	13387.72
2.758e-05	13387.72
2.76e-05	10355.1372531
2.76e-05	10355.1372531
2.76e-05	10355.1372531
2.76e-05	10355.1372531
2.76e-05	10355.1372531
2.76e-05	10355.1372531
2.76e-05	10355.1372531
2.76e-05	10355.1372531
2.76e-05	10355.1372531
2.766e-05	65072.052
2.766e-05	65072.052
2.766e-05	65072.052
2.768e-05	70404.005
2.768e-05	70404.005
2.768e-05	70404.005
2.768e-05	70404.005
2.768e-05	70404.005
2.768e-05	70404.005
2.773e-05	114835.614
2.773e-05	114835.614
2.773e-05	114835.614
2.773e-05	500.0
2.773e-05	500.0
2.773e-05	500.0
2.768e-05	8210.40067896
2.768e-05	8210.40067896
2.768e-05	8210.40067896
2.77e-05	300.0
2.77e-05	300.0
2.77e-05	300.0
2.77e-05	300.0
2.77e-05	300.0
2.77e-05	300.0
2.77e-05	300.0
2.77e-05	300.0
2.77e-05	300.0
2.77e-05	300.0
2.77e-05	300.0
2.77e-05	300.0
2.77e-05	300.0
2.77e-05	300.0
2.77e-05	300.0
2.77e-05	300.0
2.77e-05	300.0
2.77e-05	300.0
2.77e-05	300.0
2.77e-05	300.0
2.77e-05	300.0
2.77e-05	300.0
2.77e-05	300.0
2.77e-05	300.0
2.77e-05	300.0
2.77e-05	300.0
2.77e-05	300.0
2.773e-05	500.0
2.773e-05	500.0
2.773e-05	500.0
2.773e-05	500.0
2.773e-05	500.0
2.773e-05	500.0
2.773e-05	500.0
2.773e-05	500.0
2.773e-05	500.0
2.773e-05	500.0
2.773e-05	500.0
2.773e-05	500.0
2.773e-05	500.0
2.773e-05	500.0
2.773e-05	500.0
2.77e-05	300.0
2.77e-05	300.0
2.77e-05	300.0
2.768e-05	26.1278172
2.768e-05	26.1278172
2.768e-05	26.1278172
2.769e-05	1169.26086336
2.769e-05	1169.26086336
2.769e-05	1169.26086336
2.769e-05	1169.26086336
2.769e-05	1169.26086336
2.769e-05	1169.26086336
2.77e-05	4075.67455833
2.77e-05	4075.67455833
2.77e-05	4075.67455833
2.767e-05	115629.594
2.767e-05	115629.594
2.767e-05	115629.594
2.768e-05	109943.18
2.768e-05	109943.18
2.768e-05	109943.18
2.769e-05	1169.26086336
2.769e-05	1169.26086336
2.769e-05	1169.26086336
2.769e-05	4946.29897335
2.769e-05	4946.29897335
2.769e-05	4946.29897335
2.768e-05	11966.327805
2.768e-05	11966.327805
2.768e-05	11966.327805
2.769e-05	1169.26086336
2.769e-05	1169.26086336
2.769e-05	1169.26086336
2.761e-05	11966.327805
2.761e-05	11966.327805
2.761e-05	11966.327805
2.764e-05	26.16233878
2.764e-05	26.16233878
2.764e-05	26.16233878
2.765e-05	11966.327805
2.765e-05	11966.327805
2.765e-05	11966.327805
2.768e-05	20055.243
2.768e-05	20055.243
2.768e-05	20055.243
2.768e-05	18756.67
2.768e-05	18756.67
2.768e-05	18756.67
2.764e-05	3783.87066808
2.764e-05	3783.87066808
2.764e-05	3783.87066808
2.769e-05	1169.26086336
2.769e-05	1169.26086336
2.769e-05	1169.26086336
2.769e-05	1169.26086336
2.769e-05	1169.26086336
2.769e-05	1169.26086336
2.77e-05	767.65405383
2.77e-05	767.65405383
2.77e-05	767.65405383
2.768e-05	31784.0
2.768e-05	31784.0
2.768e-05	31784.0
2.768e-05	31784.0
2.768e-05	31784.0
2.768e-05	31784.0
2.768e-05	31784.0
2.768e-05	31784.0
2.768e-05	31784.0
2.767e-05	3779.76817007
2.767e-05	3779.76817007
2.767e-05	3779.76817007
2.768e-05	31784.0
2.768e-05	31784.0
2.768e-05	31784.0
2.768e-05	31784.0
2.768e-05	31784.0
2.768e-05	31784.0
2.768e-05	31784.0
2.768e-05	31784.0
2.768e-05	31784.0
2.77e-05	767.65405383
2.77e-05	767.65405383
2.77e-05	767.65405383
2.775e-05	108.1081081
2.775e-05	108.1081081
2.775e-05	108.1081081
2.773e-05	500.0
2.773e-05	500.0
2.773e-05	500.0
2.775e-05	3876.97964921
2.775e-05	3876.97964921
2.775e-05	3876.97964921
2.774e-05	32062.425
2.774e-05	32062.425
2.774e-05	32062.425
2.773e-05	500.0
2.773e-05	500.0
2.773e-05	500.0
2.77e-05	21271.5716086
2.77e-05	21271.5716086
2.77e-05	21271.5716086
2.775e-05	108.1081081
2.775e-05	108.1081081
2.775e-05	108.1081081
2.775e-05	108.1081081
2.775e-05	108.1081081
2.775e-05	108.1081081
2.773e-05	500.0
2.773e-05	500.0
2.773e-05	500.0
2.773e-05	500.0
2.773e-05	500.0
2.773e-05	500.0
2.773e-05	500.0
2.773e-05	500.0
2.773e-05	500.0
2.774e-05	10932.083
2.774e-05	10932.083
2.774e-05	10932.083
2.768e-05	26.23927474
2.768e-05	26.23927474
2.768e-05	26.23927474
2.77e-05	21921.5716086
2.77e-05	21921.5716086
2.77e-05	21921.5716086
2.77e-05	21921.5716086
2.77e-05	21921.5716086
2.77e-05	21921.5716086
2.77e-05	21921.5716086
2.77e-05	21921.5716086
2.77e-05	21921.5716086
2.77e-05	21921.5716086
2.77e-05	21921.5716086
2.77e-05	21921.5716086
2.766e-05	113790.985
2.766e-05	113790.985
2.766e-05	113790.985
2.766e-05	113790.985
2.766e-05	113790.985
2.766e-05	113790.985
2.769e-05	3777.03810999
2.769e-05	3777.03810999
2.769e-05	3777.03810999
2.769e-05	3777.03810999
2.769e-05	3777.03810999
2.769e-05	3777.03810999
2.761e-05	3787.98208134
2.761e-05	3787.98208134
2.761e-05	3787.98208134
2.77e-05	21921.5716086
2.77e-05	21921.5716086
2.77e-05	21921.5716086
2.769e-05	11535.191
2.769e-05	11535.191
2.769e-05	11535.191
2.76e-05	20328.218
2.76e-05	20328.218
2.76e-05	20328.218
2.759e-05	29336.478
2.759e-05	29336.478
2.759e-05	29336.478
2.75e-05	8552.9544349
2.75e-05	8552.9544349
2.75e-05	8552.9544349
2.742e-05	18525.547
2.742e-05	18525.547
2.742e-05	18525.547
2.737e-05	1031.25904539
2.737e-05	1031.25904539
2.737e-05	1031.25904539
2.749e-05	3804.51747056
2.749e-05	3804.51747056
2.749e-05	3804.51747056
2.749e-05	3804.51747056
2.749e-05	3804.51747056
2.749e-05	3804.51747056
2.75e-05	8552.9544349
2.75e-05	8552.9544349
2.75e-05	8552.9544349
2.739e-05	93000.0
2.739e-05	93000.0
2.739e-05	93000.0
2.757e-05	3793.47788414
2.757e-05	3793.47788414
2.757e-05	3793.47788414
2.75e-05	8552.9544349
2.75e-05	8552.9544349
2.75e-05	8552.9544349
2.75e-05	8552.9544349
2.75e-05	8552.9544349
2.75e-05	8552.9544349
2.762e-05	36025.235104
2.762e-05	36025.235104
2.762e-05	36025.235104
2.748e-05	3805.90193835
2.748e-05	3805.90193835
2.748e-05	3805.90193835
2.749e-05	3804.51747056
2.749e-05	3804.51747056
2.749e-05	3804.51747056
2.747e-05	35371.2527869
2.747e-05	35371.2527869
2.747e-05	35371.2527869
2.748e-05	4418.47926865
2.748e-05	4418.47926865
2.748e-05	4418.47926865
2.739e-05	20.0
2.739e-05	20.0
2.739e-05	20.0
2.748e-05	4418.47926865
2.748e-05	4418.47926865
2.748e-05	4418.47926865
2.747e-05	26543.093
2.747e-05	26543.093
2.747e-05	26543.093
2.739e-05	20.0
2.739e-05	20.0
2.739e-05	20.0
2.739e-05	20.0
2.739e-05	20.0
2.739e-05	20.0
2.753e-05	8210.40067896
2.753e-05	8210.40067896
2.753e-05	8210.40067896
2.753e-05	8210.40067896
2.753e-05	8210.40067896
2.753e-05	8210.40067896
2.753e-05	8210.40067896
2.753e-05	8210.40067896
2.753e-05	8210.40067896
2.756e-05	3184.04772226
2.756e-05	3184.04772226
2.756e-05	3184.04772226
2.752e-05	3184.04772226
2.752e-05	3184.04772226
2.752e-05	3184.04772226
2.75e-05	17097.1117345
2.75e-05	17097.1117345
2.75e-05	17097.1117345
2.752e-05	3184.04772226
2.752e-05	3184.04772226
2.752e-05	3184.04772226
2.752e-05	3184.04772226
2.752e-05	3184.04772226
2.752e-05	3184.04772226
2.752e-05	3184.04772226
2.752e-05	3184.04772226
2.752e-05	3184.04772226
2.752e-05	3184.04772226
2.752e-05	3184.04772226
2.752e-05	3184.04772226
2.75e-05	17097.1117345
2.75e-05	17097.1117345
2.75e-05	17097.1117345
2.75e-05	17097.1117345
2.75e-05	17097.1117345
2.75e-05	17097.1117345
2.753e-05	8210.40067896
2.753e-05	8210.40067896
2.753e-05	8210.40067896
2.754e-05	3184.04772226
2.754e-05	3184.04772226
2.754e-05	3184.04772226
2.754e-05	3184.04772226
2.754e-05	3184.04772226
2.754e-05	3184.04772226
2.755e-05	1020.48387779
2.755e-05	1020.48387779
2.755e-05	1020.48387779
2.755e-05	1020.48387779
2.755e-05	1020.48387779
2.755e-05	1020.48387779
2.753e-05	8210.40067896
2.753e-05	8210.40067896
2.753e-05	8210.40067896
2.75e-05	2682.18921898
2.75e-05	2682.18921898
2.75e-05	2682.18921898
2.753e-05	8210.40067896
2.753e-05	8210.40067896
2.753e-05	8210.40067896
2.753e-05	8210.40067896
2.753e-05	8210.40067896
2.753e-05	8210.40067896
2.75e-05	2682.18921898
2.75e-05	2682.18921898
2.75e-05	2682.18921898
2.753e-05	8210.40067896
2.753e-05	8210.40067896
2.753e-05	8210.40067896
2.755e-05	1020.48387779
2.755e-05	1020.48387779
2.755e-05	1020.48387779
2.755e-05	1020.48387779
2.755e-05	1020.48387779
2.755e-05	1020.48387779
2.752e-05	3184.04772226
2.752e-05	3184.04772226
2.752e-05	3184.04772226
2.741e-05	19.76168532
2.741e-05	19.76168532
2.741e-05	19.76168532
2.753e-05	8210.40067896
2.753e-05	8210.40067896
2.753e-05	8210.40067896
2.752e-05	3184.04772226
2.752e-05	3184.04772226
2.752e-05	3184.04772226
2.752e-05	3184.04772226
2.752e-05	3184.04772226
2.752e-05	3184.04772226
2.752e-05	3184.04772226
2.752e-05	3184.04772226
2.752e-05	3184.04772226
2.752e-05	3184.04772226
2.752e-05	3184.04772226
2.752e-05	3184.04772226
2.75e-05	2863.12335539
2.75e-05	2863.12335539
2.75e-05	2863.12335539
2.75e-05	2863.12335539
2.75e-05	2863.12335539
2.75e-05	2863.12335539
2.752e-05	3184.04772226
2.752e-05	3184.04772226
2.752e-05	3184.04772226
2.752e-05	3184.04772226
2.752e-05	3184.04772226
2.752e-05	3184.04772226
2.752e-05	3184.04772226
2.752e-05	3184.04772226
2.752e-05	3184.04772226
2.752e-05	3184.04772226
2.752e-05	3184.04772226
2.752e-05	3184.04772226
2.753e-05	8210.40067896
2.753e-05	8210.40067896
2.753e-05	8210.40067896
2.753e-05	8210.40067896
2.753e-05	8210.40067896
2.753e-05	8210.40067896
2.753e-05	8210.40067896
2.753e-05	8210.40067896
2.753e-05	8210.40067896
2.755e-05	1020.48387779
2.755e-05	1020.48387779
2.755e-05	1020.48387779
2.755e-05	1020.48387779
2.755e-05	1020.48387779
2.755e-05	1020.48387779
2.762e-05	36025.235104
2.762e-05	36025.235104
2.762e-05	36025.235104
2.762e-05	47337.949104
2.762e-05	47337.949104
2.762e-05	47337.949104
2.762e-05	36025.235104
2.762e-05	36025.235104
2.762e-05	36025.235104
2.762e-05	36025.235104
2.762e-05	36025.235104
2.762e-05	36025.235104
2.762e-05	36025.235104
2.762e-05	36025.235104
2.762e-05	36025.235104
2.769e-05	3184.04772226
2.769e-05	3184.04772226
2.769e-05	3184.04772226
2.772e-05	3184.04772226
2.772e-05	3184.04772226
2.772e-05	3184.04772226
2.77e-05	119637.990039
2.77e-05	119637.990039
2.77e-05	119637.990039
2.77e-05	119637.990039
2.77e-05	119637.990039
2.77e-05	119637.990039
2.772e-05	3184.04772226
2.772e-05	3184.04772226
2.772e-05	3184.04772226
2.77e-05	119637.990039
2.77e-05	119637.990039
2.77e-05	119637.990039
2.768e-05	14386.065
2.768e-05	14386.065
2.768e-05	14386.065
2.77e-05	21271.5716086
2.77e-05	21271.5716086
2.77e-05	21271.5716086
2.768e-05	112558.854
2.768e-05	112558.854
2.768e-05	112558.854
2.762e-05	58325.1159942
2.762e-05	58325.1159942
2.762e-05	58325.1159942
2.769e-05	3184.04772226
2.769e-05	3184.04772226
2.769e-05	3184.04772226
2.759e-05	46301.105
2.759e-05	46301.105
2.759e-05	46301.105
2.756e-05	17827.041
2.756e-05	17827.041
2.756e-05	17827.041
2.751e-05	98366.4184301
2.751e-05	98366.4184301
2.751e-05	98366.4184301
2.756e-05	17827.041
2.756e-05	17827.041
2.756e-05	17827.041
2.751e-05	98366.4184301
2.751e-05	98366.4184301
2.751e-05	98366.4184301
2.756e-05	17827.041
2.756e-05	17827.041
2.756e-05	17827.041
2.756e-05	11547.053
2.756e-05	11547.053
2.756e-05	11547.053
2.751e-05	98366.4184301
2.751e-05	98366.4184301
2.751e-05	98366.4184301
2.751e-05	98366.4184301
2.751e-05	98366.4184301
2.751e-05	98366.4184301
2.749e-05	29.83336419
2.749e-05	29.83336419
2.749e-05	29.83336419
2.747e-05	98366.4184301
2.747e-05	98366.4184301
2.747e-05	98366.4184301
2.727e-05	219629.354926
2.727e-05	219629.354926
2.727e-05	219629.354926
2.725e-05	73243.555
2.725e-05	73243.555
2.725e-05	73243.555
2.739e-05	111569.048
2.739e-05	111569.048
2.739e-05	111569.048
2.738e-05	98706.633
2.738e-05	98706.633
2.738e-05	98706.633
2.738e-05	98706.633
2.738e-05	98706.633
2.738e-05	98706.633
2.74e-05	5846.0
2.74e-05	5846.0
2.74e-05	5846.0
2.74e-05	5846.0
2.74e-05	5846.0
2.74e-05	5846.0
2.74e-05	5846.0
2.74e-05	5846.0
2.74e-05	5846.0
2.739e-05	3818.40764022
2.739e-05	3818.40764022
2.739e-05	3818.40764022
2.739e-05	3818.40764022
2.739e-05	3818.40764022
2.739e-05	3818.40764022
2.739e-05	3818.40764022
2.739e-05	3818.40764022
2.739e-05	3818.40764022
2.739e-05	3818.40764022
2.739e-05	3818.40764022
2.739e-05	3818.40764022
2.728e-05	27575.6443247
2.728e-05	27575.6443247
2.728e-05	27575.6443247
2.728e-05	27575.6443247
2.728e-05	27575.6443247
2.728e-05	27575.6443247
2.728e-05	27575.6443247
2.728e-05	27575.6443247
2.728e-05	27575.6443247
2.722e-05	27114.5036146
2.722e-05	27114.5036146
2.722e-05	27114.5036146
2.728e-05	27575.6443247
2.728e-05	27575.6443247
2.728e-05	27575.6443247
2.718e-05	4461.64172823
2.718e-05	4461.64172823
2.718e-05	4461.64172823
2.728e-05	27575.6443247
2.728e-05	27575.6443247
2.728e-05	27575.6443247
2.719e-05	3846.49449304
2.719e-05	3846.49449304
2.719e-05	3846.49449304
2.719e-05	3846.49449304
2.719e-05	3846.49449304
2.719e-05	3846.49449304
2.717e-05	60401.0522266
2.717e-05	60401.0522266
2.717e-05	60401.0522266
2.718e-05	4461.64172823
2.718e-05	4461.64172823
2.718e-05	4461.64172823
2.713e-05	76368.3022555
2.713e-05	76368.3022555
2.713e-05	76368.3022555
2.713e-05	29.87525553
2.713e-05	29.87525553
2.713e-05	29.87525553
2.713e-05	3855.00129988
2.713e-05	3855.00129988
2.713e-05	3855.00129988
2.719e-05	3846.49449304
2.719e-05	3846.49449304
2.719e-05	3846.49449304
2.711e-05	2808.34715459
2.711e-05	2808.34715459
2.711e-05	2808.34715459
2.715e-05	63088.632
2.715e-05	63088.632
2.715e-05	63088.632
2.718e-05	7106.33559342
2.718e-05	7106.33559342
2.718e-05	7106.33559342
2.726e-05	2349.15320921
2.726e-05	2349.15320921
2.726e-05	2349.15320921
2.733e-05	2349.15320921
2.733e-05	2349.15320921
2.733e-05	2349.15320921
2.731e-05	31186.137
2.731e-05	31186.137
2.731e-05	31186.137
2.729e-05	2349.15320921
2.729e-05	2349.15320921
2.729e-05	2349.15320921
2.731e-05	21891.245
2.731e-05	21891.245
2.731e-05	21891.245
2.733e-05	1615.16569817
2.733e-05	1615.16569817
2.733e-05	1615.16569817
2.733e-05	1615.16569817
2.733e-05	1615.16569817
2.733e-05	1615.16569817
2.735e-05	36734.9306577
2.735e-05	36734.9306577
2.735e-05	36734.9306577
2.735e-05	36734.9306577
2.735e-05	36734.9306577
2.735e-05	36734.9306577
2.735e-05	36734.9306577
2.735e-05	36734.9306577
2.735e-05	36734.9306577
2.74e-05	5846.0
2.74e-05	5846.0
2.74e-05	5846.0
2.735e-05	36734.9306577
2.735e-05	36734.9306577
2.735e-05	36734.9306577
2.733e-05	18639.397
2.733e-05	18639.397
2.733e-05	18639.397
2.735e-05	36734.9306577
2.735e-05	36734.9306577
2.735e-05	36734.9306577
2.734e-05	26708.855134
2.734e-05	26708.855134
2.734e-05	26708.855134
2.734e-05	26708.855134
2.734e-05	26708.855134
2.734e-05	26708.855134
2.734e-05	26708.855134
2.734e-05	26708.855134
2.734e-05	26708.855134
2.734e-05	26708.855134
2.734e-05	26708.855134
2.734e-05	26708.855134
2.734e-05	26708.855134
2.734e-05	26708.855134
2.734e-05	26708.855134
2.734e-05	26708.855134
2.734e-05	26708.855134
2.734e-05	26708.855134
2.734e-05	26708.855134
2.734e-05	26708.855134
2.734e-05	26708.855134
2.734e-05	26708.855134
2.734e-05	26708.855134
2.734e-05	26708.855134
2.734e-05	26708.855134
2.734e-05	26708.855134
2.734e-05	26708.855134
2.727e-05	10861.052
2.727e-05	10861.052
2.727e-05	10861.052
2.727e-05	14684.997
2.727e-05	14684.997
2.727e-05	14684.997
2.729e-05	52510.029
2.729e-05	52510.029
2.729e-05	52510.029
2.734e-05	26708.855134
2.734e-05	26708.855134
2.734e-05	26708.855134
2.721e-05	126479.286
2.721e-05	126479.286
2.721e-05	126479.286
2.72e-05	28.92243076
2.72e-05	28.92243076
2.72e-05	28.92243076
2.725e-05	28.92879836
2.725e-05	28.92879836
2.725e-05	28.92879836
2.721e-05	1615.16569817
2.721e-05	1615.16569817
2.721e-05	1615.16569817
2.733e-05	170.0
2.733e-05	170.0
2.733e-05	170.0
2.733e-05	109325.677
2.733e-05	109325.677
2.733e-05	109325.677
2.72e-05	3000.0
2.72e-05	3000.0
2.72e-05	3000.0
2.733e-05	109325.677
2.733e-05	109325.677
2.733e-05	109325.677
2.722e-05	1615.16569817
2.722e-05	1615.16569817
2.722e-05	1615.16569817
2.727e-05	115460.518
2.727e-05	115460.518
2.727e-05	115460.518
2.716e-05	29.82372096
2.716e-05	29.82372096
2.716e-05	29.82372096
2.729e-05	129097.049
2.729e-05	129097.049
2.729e-05	129097.049
2.732e-05	1615.16569817
2.732e-05	1615.16569817
2.732e-05	1615.16569817
2.732e-05	1615.16569817
2.732e-05	1615.16569817
2.732e-05	1615.16569817
2.726e-05	128132.61
2.726e-05	128132.61
2.726e-05	128132.61
2.732e-05	1615.16569817
2.732e-05	1615.16569817
2.732e-05	1615.16569817
2.732e-05	1615.16569817
2.732e-05	1615.16569817
2.732e-05	1615.16569817
2.732e-05	28.89952768
2.732e-05	28.89952768
2.732e-05	28.89952768
2.733e-05	170.0
2.733e-05	170.0
2.733e-05	170.0
2.732e-05	4628.19126156
2.732e-05	4628.19126156
2.732e-05	4628.19126156
2.725e-05	4338.02514737
2.725e-05	4338.02514737
2.725e-05	4338.02514737
2.725e-05	4338.02514737
2.725e-05	4338.02514737
2.725e-05	4338.02514737
2.725e-05	500.0
2.725e-05	500.0
2.725e-05	500.0
2.731e-05	3830.91447662
2.731e-05	3830.91447662
2.731e-05	3830.91447662
2.731e-05	3830.91447662
2.731e-05	3830.91447662
2.731e-05	3830.91447662
2.724e-05	3840.75897051
2.724e-05	3840.75897051
2.724e-05	3840.75897051
2.724e-05	3840.75897051
2.724e-05	3840.75897051
2.724e-05	3840.75897051
2.733e-05	18197.484
2.733e-05	18197.484
2.733e-05	18197.484
2.732e-05	800.0
2.732e-05	800.0
2.732e-05	800.0
2.732e-05	800.0
2.732e-05	800.0
2.732e-05	800.0
2.732e-05	800.0
2.732e-05	800.0
2.732e-05	800.0
2.733e-05	170.0
2.733e-05	170.0
2.733e-05	170.0
2.728e-05	27067.637
2.728e-05	27067.637
2.728e-05	27067.637
2.73e-05	107055.954
2.73e-05	107055.954
2.73e-05	107055.954
2.733e-05	170.0
2.733e-05	170.0
2.733e-05	170.0
2.733e-05	170.0
2.733e-05	170.0
2.733e-05	170.0
2.734e-05	26708.855134
2.734e-05	26708.855134
2.734e-05	26708.855134
2.734e-05	26708.855134
2.734e-05	26708.855134
2.734e-05	26708.855134
2.734e-05	26708.855134
2.734e-05	26708.855134
2.734e-05	26708.855134
2.734e-05	26708.855134
2.734e-05	26708.855134
2.734e-05	26708.855134
2.734e-05	26708.855134
2.734e-05	26708.855134
2.734e-05	26708.855134
2.734e-05	26708.855134
2.734e-05	26708.855134
2.734e-05	26708.855134
2.734e-05	26708.855134
2.734e-05	26708.855134
2.734e-05	26708.855134
2.734e-05	26708.855134
2.734e-05	26708.855134
2.734e-05	26708.855134
2.734e-05	26708.855134
2.734e-05	26708.855134
2.734e-05	26708.855134
2.735e-05	37734.9306577
2.735e-05	37734.9306577
2.735e-05	37734.9306577
2.735e-05	37734.9306577
2.735e-05	37734.9306577
2.735e-05	37734.9306577
2.742e-05	134615.557081
2.742e-05	134615.557081
2.742e-05	134615.557081
2.742e-05	558.5360811
2.742e-05	558.5360811
2.742e-05	558.5360811
2.742e-05	80717.6000811
2.742e-05	80717.6000811
2.742e-05	80717.6000811
2.745e-05	74515.6482861
2.745e-05	74515.6482861
2.745e-05	74515.6482861
2.745e-05	74515.6482861
2.745e-05	74515.6482861
2.745e-05	74515.6482861
2.745e-05	74515.6482861
2.745e-05	74515.6482861
2.745e-05	74515.6482861
2.745e-05	74515.6482861
2.745e-05	74515.6482861
2.745e-05	74515.6482861
2.745e-05	74515.6482861
2.745e-05	74515.6482861
2.745e-05	74515.6482861
2.745e-05	74515.6482861
2.745e-05	74515.6482861
2.745e-05	74515.6482861
2.746e-05	117556.765
2.746e-05	117556.765
2.746e-05	117556.765
2.742e-05	558.5360811
2.742e-05	558.5360811
2.742e-05	558.5360811
2.742e-05	558.5360811
2.742e-05	558.5360811
2.742e-05	558.5360811
2.742e-05	558.5360811
2.742e-05	558.5360811
2.742e-05	558.5360811
2.742e-05	558.5360811
2.742e-05	558.5360811
2.742e-05	558.5360811
2.742e-05	558.5360811
2.742e-05	558.5360811
2.742e-05	558.5360811
2.742e-05	558.5360811
2.742e-05	558.5360811
2.742e-05	558.5360811
2.742e-05	558.5360811
2.742e-05	558.5360811
2.742e-05	558.5360811
2.746e-05	117556.765
2.746e-05	117556.765
2.746e-05	117556.765
2.746e-05	117556.765
2.746e-05	117556.765
2.746e-05	117556.765
2.746e-05	117556.765
2.746e-05	117556.765
2.746e-05	117556.765
2.748e-05	98495.578
2.748e-05	98495.578
2.748e-05	98495.578
2.748e-05	98495.578
2.748e-05	98495.578
2.748e-05	98495.578
2.746e-05	134057.021
2.746e-05	134057.021
2.746e-05	134057.021
2.746e-05	134057.021
2.746e-05	134057.021
2.746e-05	134057.021
2.746e-05	134057.021
2.746e-05	134057.021
2.746e-05	134057.021
2.742e-05	5738.5360811
2.742e-05	5738.5360811
2.742e-05	5738.5360811
2.742e-05	558.5360811
2.742e-05	558.5360811
2.742e-05	558.5360811
2.742e-05	558.5360811
2.742e-05	558.5360811
2.742e-05	558.5360811
2.741e-05	123310.415
2.741e-05	123310.415
2.741e-05	123310.415
2.741e-05	123310.415
2.741e-05	123310.415
2.741e-05	123310.415
2.74e-05	4000.0
2.74e-05	4000.0
2.74e-05	4000.0
2.742e-05	558.5360811
2.742e-05	558.5360811
2.742e-05	558.5360811
2.742e-05	558.5360811
2.742e-05	558.5360811
2.742e-05	558.5360811
2.74e-05	4000.0
2.74e-05	4000.0
2.74e-05	4000.0
2.739e-05	15776.117
2.739e-05	15776.117
2.739e-05	15776.117
2.738e-05	4128.23445695
2.738e-05	4128.23445695
2.738e-05	4128.23445695
2.741e-05	4123.71614123
2.741e-05	4123.71614123
2.741e-05	4123.71614123
2.741e-05	4123.71614123
2.741e-05	4123.71614123
2.741e-05	4123.71614123
2.74e-05	4000.0
2.74e-05	4000.0
2.74e-05	4000.0
2.731e-05	20309.529
2.731e-05	20309.529
2.731e-05	20309.529
2.733e-05	122483.753
2.733e-05	122483.753
2.733e-05	122483.753
2.733e-05	122483.753
2.733e-05	122483.753
2.733e-05	122483.753
2.731e-05	28.87265435
2.731e-05	28.87265435
2.731e-05	28.87265435
2.735e-05	47.0
2.735e-05	47.0
2.735e-05	47.0
2.734e-05	4134.27430253
2.734e-05	4134.27430253
2.734e-05	4134.27430253
2.735e-05	47.0
2.735e-05	47.0
2.735e-05	47.0
2.735e-05	47.0
2.735e-05	47.0
2.735e-05	47.0
2.734e-05	4134.27430253
2.734e-05	4134.27430253
2.734e-05	4134.27430253
2.735e-05	47.0
2.735e-05	47.0
2.735e-05	47.0
2.735e-05	47.0
2.735e-05	47.0
2.735e-05	47.0
2.735e-05	47.0
2.735e-05	47.0
2.735e-05	47.0
2.735e-05	47.0
2.735e-05	47.0
2.735e-05	47.0
2.74e-05	4000.0
2.74e-05	4000.0
2.74e-05	4000.0
2.739e-05	4126.72725196
2.739e-05	4126.72725196
2.739e-05	4126.72725196
2.739e-05	4126.72725196
2.739e-05	4126.72725196
2.739e-05	4126.72725196
2.739e-05	4126.72725196
2.739e-05	4126.72725196
2.739e-05	4126.72725196
2.739e-05	4126.72725196
2.739e-05	4126.72725196
2.739e-05	4126.72725196
2.735e-05	47.0
2.735e-05	47.0
2.735e-05	47.0
2.735e-05	47.0
2.735e-05	47.0
2.735e-05	47.0
2.734e-05	4137.13045058
2.734e-05	4137.13045058
2.734e-05	4137.13045058
2.741e-05	4126.56499522
2.741e-05	4126.56499522
2.741e-05	4126.56499522
2.742e-05	558.5360811
2.742e-05	558.5360811
2.742e-05	558.5360811
2.744e-05	4139.21079501
2.744e-05	4139.21079501
2.744e-05	4139.21079501
2.741e-05	4161.45012665
2.741e-05	4161.45012665
2.741e-05	4161.45012665
2.74e-05	2226.72122628
2.74e-05	2226.72122628
2.74e-05	2226.72122628
2.739e-05	8995.0
2.739e-05	8995.0
2.739e-05	8995.0
2.738e-05	4161.45012665
2.738e-05	4161.45012665
2.738e-05	4161.45012665
2.74e-05	2226.72122628
2.74e-05	2226.72122628
2.74e-05	2226.72122628
2.74e-05	2226.72122628
2.74e-05	2226.72122628
2.74e-05	2226.72122628
2.74e-05	2226.72122628
2.74e-05	2226.72122628
2.74e-05	2226.72122628
2.742e-05	558.5360811
2.742e-05	558.5360811
2.742e-05	558.5360811
2.742e-05	558.5360811
2.742e-05	558.5360811
2.742e-05	558.5360811
2.739e-05	8995.0
2.739e-05	8995.0
2.739e-05	8995.0
2.738e-05	4161.45012665
2.738e-05	4161.45012665
2.738e-05	4161.45012665
2.739e-05	8995.0
2.739e-05	8995.0
2.739e-05	8995.0
2.741e-05	4161.45012665
2.741e-05	4161.45012665
2.741e-05	4161.45012665
2.736e-05	29321.299
2.736e-05	29321.299
2.736e-05	29321.299
2.74e-05	2226.72122628
2.74e-05	2226.72122628
2.74e-05	2226.72122628
2.74e-05	2226.72122628
2.74e-05	2226.72122628
2.74e-05	2226.72122628
2.74e-05	2226.72122628
2.74e-05	2226.72122628
2.74e-05	2226.72122628
2.739e-05	8995.0
2.739e-05	8995.0
2.739e-05	8995.0
2.74e-05	2226.72122628
2.74e-05	2226.72122628
2.74e-05	2226.72122628
2.74e-05	2226.72122628
2.74e-05	2226.72122628
2.74e-05	2226.72122628
2.74e-05	2226.72122628
2.74e-05	2226.72122628
2.74e-05	2226.72122628
2.74e-05	2226.72122628
2.74e-05	2226.72122628
2.74e-05	2226.72122628
2.74e-05	2226.72122628
2.74e-05	2226.72122628
2.74e-05	2226.72122628
2.74e-05	2226.72122628
2.74e-05	2226.72122628
2.74e-05	2226.72122628
2.74e-05	2226.72122628
2.74e-05	2226.72122628
2.74e-05	2226.72122628
2.742e-05	558.5360811
2.742e-05	558.5360811
2.742e-05	558.5360811
2.742e-05	558.5360811
2.742e-05	558.5360811
2.742e-05	558.5360811
2.742e-05	558.5360811
2.742e-05	558.5360811
2.742e-05	558.5360811
2.742e-05	558.5360811
2.742e-05	558.5360811
2.742e-05	558.5360811
2.744e-05	20757.991
2.744e-05	20757.991
2.744e-05	20757.991
2.743e-05	15513.296
2.743e-05	15513.296
2.743e-05	15513.296
2.745e-05	14625.3926907
2.745e-05	14625.3926907
2.745e-05	14625.3926907
2.743e-05	61127.616
2.743e-05	61127.616
2.743e-05	61127.616
2.744e-05	4139.21079501
2.744e-05	4139.21079501
2.744e-05	4139.21079501
2.743e-05	40000.105
2.743e-05	40000.105
2.743e-05	40000.105
2.742e-05	30713.5120811
2.742e-05	30713.5120811
2.742e-05	30713.5120811
2.742e-05	558.5360811
2.742e-05	558.5360811
2.742e-05	558.5360811
2.742e-05	558.5360811
2.742e-05	558.5360811
2.742e-05	558.5360811
2.744e-05	4139.21079501
2.744e-05	4139.21079501
2.744e-05	4139.21079501
2.742e-05	558.5360811
2.742e-05	558.5360811
2.742e-05	558.5360811
2.742e-05	558.5360811
2.742e-05	558.5360811
2.742e-05	558.5360811
2.742e-05	558.5360811
2.742e-05	558.5360811
2.742e-05	558.5360811
2.742e-05	558.5360811
2.742e-05	558.5360811
2.742e-05	558.5360811
2.742e-05	558.5360811
2.742e-05	558.5360811
2.742e-05	558.5360811
2.744e-05	4139.21079501
2.744e-05	4139.21079501
2.744e-05	4139.21079501
2.744e-05	4139.21079501
2.744e-05	4139.21079501
2.744e-05	4139.21079501
2.745e-05	14625.3926907
2.745e-05	14625.3926907
2.745e-05	14625.3926907
2.745e-05	14625.3926907
2.745e-05	14625.3926907
2.745e-05	14625.3926907
2.752e-05	85286.5319111
2.752e-05	85286.5319111
2.752e-05	85286.5319111
2.75e-05	1517.08169917
2.75e-05	1517.08169917
2.75e-05	1517.08169917
2.754e-05	866.78919075
2.754e-05	866.78919075
2.754e-05	866.78919075
2.753e-05	100359.2
2.753e-05	100359.2
2.753e-05	100359.2
2.751e-05	7179.796683
2.751e-05	7179.796683
2.751e-05	7179.796683
2.754e-05	866.78919075
2.754e-05	866.78919075
2.754e-05	866.78919075
2.753e-05	100752.13
2.753e-05	100752.13
2.753e-05	100752.13
2.753e-05	104877.809049
2.753e-05	104877.809049
2.753e-05	104877.809049
2.754e-05	866.78919075
2.754e-05	866.78919075
2.754e-05	866.78919075
2.754e-05	866.78919075
2.754e-05	866.78919075
2.754e-05	866.78919075
2.754e-05	866.78919075
2.754e-05	866.78919075
2.754e-05	866.78919075
2.754e-05	4990.97017169
2.754e-05	4990.97017169
2.754e-05	4990.97017169
2.756e-05	4121.1881065
2.756e-05	4121.1881065
2.756e-05	4121.1881065
2.756e-05	15625.3681065
2.756e-05	15625.3681065
2.756e-05	15625.3681065
2.756e-05	4121.1881065
2.756e-05	4121.1881065
2.756e-05	4121.1881065
2.756e-05	4121.1881065
2.756e-05	4121.1881065
2.756e-05	4121.1881065
2.756e-05	4121.1881065
2.756e-05	4121.1881065
2.756e-05	4121.1881065
2.756e-05	4121.1881065
2.756e-05	4121.1881065
2.756e-05	4121.1881065
2.754e-05	866.78919075
2.754e-05	866.78919075
2.754e-05	866.78919075
2.754e-05	866.78919075
2.754e-05	866.78919075
2.754e-05	866.78919075
2.754e-05	866.78919075
2.754e-05	866.78919075
2.754e-05	866.78919075
2.754e-05	866.78919075
2.754e-05	866.78919075
2.754e-05	866.78919075
2.752e-05	42954.3186817
2.752e-05	42954.3186817
2.752e-05	42954.3186817
2.754e-05	866.78919075
2.754e-05	866.78919075
2.754e-05	866.78919075
2.754e-05	866.78919075
2.754e-05	866.78919075
2.754e-05	866.78919075
2.754e-05	866.78919075
2.754e-05	866.78919075
2.754e-05	866.78919075
2.753e-05	4125.67904886
2.753e-05	4125.67904886
2.753e-05	4125.67904886
2.753e-05	4125.67904886
2.753e-05	4125.67904886
2.753e-05	4125.67904886
2.753e-05	4125.67904886
2.753e-05	4125.67904886
2.753e-05	4125.67904886
2.754e-05	866.78919075
2.754e-05	866.78919075
2.754e-05	866.78919075
2.752e-05	2954.31868173
2.752e-05	2954.31868173
2.752e-05	2954.31868173
2.752e-05	2954.31868173
2.752e-05	2954.31868173
2.752e-05	2954.31868173
2.752e-05	2954.31868173
2.752e-05	2954.31868173
2.752e-05	2954.31868173
2.752e-05	2954.31868173
2.752e-05	2954.31868173
2.752e-05	2954.31868173
2.752e-05	2954.31868173
2.752e-05	2954.31868173
2.752e-05	2954.31868173
2.752e-05	2954.31868173
2.752e-05	2954.31868173
2.752e-05	2954.31868173
2.752e-05	2954.31868173
2.752e-05	2954.31868173
2.752e-05	2954.31868173
2.752e-05	2954.31868173
2.752e-05	2954.31868173
2.752e-05	2954.31868173
2.752e-05	2954.31868173
2.752e-05	2954.31868173
2.752e-05	2954.31868173
2.752e-05	2954.31868173
2.752e-05	2954.31868173
2.752e-05	2954.31868173
2.752e-05	2954.31868173
2.752e-05	2954.31868173
2.752e-05	2954.31868173
2.751e-05	7627.30023486
2.751e-05	7627.30023486
2.751e-05	7627.30023486
2.756e-05	4121.1881065
2.756e-05	4121.1881065
2.756e-05	4121.1881065
2.756e-05	4121.1881065
2.756e-05	4121.1881065
2.756e-05	4121.1881065
2.756e-05	4121.1881065
2.756e-05	4121.1881065
2.756e-05	4121.1881065
2.761e-05	731.53767605
2.761e-05	731.53767605
2.761e-05	731.53767605
2.762e-05	18235.0400703
2.762e-05	18235.0400703
2.762e-05	18235.0400703
2.769e-05	4101.83980553
2.769e-05	4101.83980553
2.769e-05	4101.83980553
2.77e-05	33883.5645548
2.77e-05	33883.5645548
2.77e-05	33883.5645548
2.771e-05	4100.30149143
2.771e-05	4100.30149143
2.771e-05	4100.30149143
2.772e-05	111430.818
2.772e-05	111430.818
2.772e-05	111430.818
2.772e-05	111430.818
2.772e-05	111430.818
2.772e-05	111430.818
2.769e-05	4103.26306709
2.769e-05	4103.26306709
2.769e-05	4103.26306709
2.769e-05	4103.26306709
2.769e-05	4103.26306709
2.769e-05	4103.26306709
2.769e-05	4103.26306709
2.769e-05	4103.26306709
2.769e-05	4103.26306709
2.769e-05	4103.26306709
2.769e-05	4103.26306709
2.769e-05	4103.26306709
2.767e-05	41626.991
2.767e-05	41626.991
2.767e-05	41626.991
2.77e-05	20803.9175548
2.77e-05	20803.9175548
2.77e-05	20803.9175548
2.77e-05	20803.9175548
2.77e-05	20803.9175548
2.77e-05	20803.9175548
2.77e-05	20803.9175548
2.77e-05	20803.9175548
2.77e-05	20803.9175548
2.77e-05	20803.9175548
2.77e-05	20803.9175548
2.77e-05	20803.9175548
2.771e-05	112090.929
2.771e-05	112090.929
2.771e-05	112090.929
2.775e-05	108.1081081
2.775e-05	108.1081081
2.775e-05	108.1081081
2.769e-05	101210.839744
2.769e-05	101210.839744
2.769e-05	101210.839744
2.776e-05	1045.43970709
2.776e-05	1045.43970709
2.776e-05	1045.43970709
2.77e-05	17599.0667637
2.77e-05	17599.0667637
2.77e-05	17599.0667637
2.774e-05	4095.8671351
2.774e-05	4095.8671351
2.774e-05	4095.8671351
2.767e-05	937.3062244
2.767e-05	937.3062244
2.767e-05	937.3062244
2.766e-05	26.22454482
2.766e-05	26.22454482
2.766e-05	26.22454482
2.769e-05	4103.26306709
2.769e-05	4103.26306709
2.769e-05	4103.26306709
2.765e-05	31870.316
2.765e-05	31870.316
2.765e-05	31870.316
2.769e-05	4103.26306709
2.769e-05	4103.26306709
2.769e-05	4103.26306709
2.765e-05	31870.316
2.765e-05	31870.316
2.765e-05	31870.316
2.765e-05	31870.316
2.765e-05	31870.316
2.765e-05	31870.316
2.769e-05	4108.96600394
2.769e-05	4108.96600394
2.769e-05	4108.96600394
2.769e-05	4108.96600394
2.769e-05	4108.96600394
2.769e-05	4108.96600394
2.769e-05	4108.96600394
2.769e-05	4108.96600394
2.769e-05	4108.96600394
2.769e-05	4108.96600394
2.769e-05	4108.96600394
2.769e-05	4108.96600394
2.769e-05	4108.96600394
2.769e-05	4108.96600394
2.769e-05	4108.96600394
2.77e-05	17599.0667637
2.77e-05	17599.0667637
2.77e-05	17599.0667637
2.77e-05	17599.0667637
2.77e-05	17599.0667637
2.77e-05	17599.0667637
2.769e-05	101513.202
2.769e-05	101513.202
2.769e-05	101513.202
2.768e-05	54068.108
2.768e-05	54068.108
2.768e-05	54068.108
2.769e-05	133092.582
2.769e-05	133092.582
2.769e-05	133092.582
2.76e-05	74819.8272792
2.76e-05	74819.8272792
2.76e-05	74819.8272792
2.762e-05	4158.62615854
2.762e-05	4158.62615854
2.762e-05	4158.62615854
2.762e-05	4158.62615854
2.762e-05	4158.62615854
2.762e-05	4158.62615854
2.761e-05	73543.348
2.761e-05	73543.348
2.761e-05	73543.348
2.762e-05	4158.62615854
2.762e-05	4158.62615854
2.762e-05	4158.62615854
2.762e-05	4158.62615854
2.762e-05	4158.62615854
2.762e-05	4158.62615854
2.761e-05	58494.262
2.761e-05	58494.262
2.761e-05	58494.262
2.76e-05	74819.8272792
2.76e-05	74819.8272792
2.76e-05	74819.8272792
2.76e-05	74819.8272792
2.76e-05	74819.8272792
2.76e-05	74819.8272792
2.76e-05	88697.4262792
2.76e-05	88697.4262792
2.76e-05	88697.4262792
2.757e-05	19203.0
2.757e-05	19203.0
2.757e-05	19203.0
2.756e-05	87020.0
2.756e-05	87020.0
2.756e-05	87020.0
2.759e-05	4135.35403516
2.759e-05	4135.35403516
2.759e-05	4135.35403516
2.754e-05	4142.86194009
2.754e-05	4142.86194009
2.754e-05	4142.86194009
2.759e-05	4135.35403516
2.759e-05	4135.35403516
2.759e-05	4135.35403516
2.759e-05	4135.35403516
2.759e-05	4135.35403516
2.759e-05	4135.35403516
2.759e-05	4135.35403516
2.759e-05	4135.35403516
2.759e-05	4135.35403516
2.76e-05	74819.8272792
2.76e-05	74819.8272792
2.76e-05	74819.8272792
2.762e-05	4158.62615854
2.762e-05	4158.62615854
2.762e-05	4158.62615854
2.769e-05	4120.41956772
2.769e-05	4120.41956772
2.769e-05	4120.41956772
2.769e-05	4120.41956772
2.769e-05	4120.41956772
2.769e-05	4120.41956772
2.769e-05	4120.41956772
2.769e-05	4120.41956772
2.769e-05	4120.41956772
2.774e-05	74515.6482861
2.774e-05	74515.6482861
2.774e-05	74515.6482861
2.77e-05	17599.0667637
2.77e-05	17599.0667637
2.77e-05	17599.0667637
2.77e-05	17599.0667637
2.77e-05	17599.0667637
2.77e-05	17599.0667637
2.77e-05	17599.0667637
2.77e-05	17599.0667637
2.77e-05	17599.0667637
2.77e-05	33422.3697637
2.77e-05	33422.3697637
2.77e-05	33422.3697637
2.767e-05	492.65216225
2.767e-05	492.65216225
2.767e-05	492.65216225
2.769e-05	4120.41956772
2.769e-05	4120.41956772
2.769e-05	4120.41956772
2.765e-05	4626.83002869
2.765e-05	4626.83002869
2.765e-05	4626.83002869
2.769e-05	4120.41956772
2.769e-05	4120.41956772
2.769e-05	4120.41956772
2.769e-05	4120.41956772
2.769e-05	4120.41956772
2.769e-05	4120.41956772
2.765e-05	4626.83002869
2.765e-05	4626.83002869
2.765e-05	4626.83002869
2.765e-05	4626.83002869
2.765e-05	4626.83002869
2.765e-05	4626.83002869
2.77e-05	17599.0667637
2.77e-05	17599.0667637
2.77e-05	17599.0667637
2.774e-05	4112.99271197
2.774e-05	4112.99271197
2.774e-05	4112.99271197
2.77e-05	17599.0667637
2.77e-05	17599.0667637
2.77e-05	17599.0667637
2.775e-05	108.1081081
2.775e-05	108.1081081
2.775e-05	108.1081081
2.775e-05	108.1081081
2.775e-05	108.1081081
2.775e-05	108.1081081
2.775e-05	108.1081081
2.775e-05	108.1081081
2.775e-05	108.1081081
2.77e-05	5250.72454255
2.77e-05	5250.72454255
2.77e-05	5250.72454255
2.77e-05	5224.41349551
2.77e-05	5224.41349551
2.77e-05	5224.41349551
2.77e-05	5224.41349551
2.77e-05	5224.41349551
2.77e-05	5224.41349551
2.768e-05	13445.855
2.768e-05	13445.855
2.768e-05	13445.855
2.77e-05	5224.41349551
2.77e-05	5224.41349551
2.77e-05	5224.41349551
2.765e-05	18284.915
2.765e-05	18284.915
2.765e-05	18284.915
2.77e-05	5224.41349551
2.77e-05	5224.41349551
2.77e-05	5224.41349551
2.767e-05	19982.212
2.767e-05	19982.212
2.767e-05	19982.212
2.769e-05	4120.41956772
2.769e-05	4120.41956772
2.769e-05	4120.41956772
2.767e-05	4123.39782544
2.767e-05	4123.39782544
2.767e-05	4123.39782544
2.766e-05	4124.88856942
2.766e-05	4124.88856942
2.766e-05	4124.88856942
2.765e-05	59828.882
2.765e-05	59828.882
2.765e-05	59828.882
2.754e-05	2911.08675643
2.754e-05	2911.08675643
2.754e-05	2911.08675643
2.754e-05	2911.08675643
2.754e-05	2911.08675643
2.754e-05	2911.08675643
2.75e-05	2000.0
2.75e-05	2000.0
2.75e-05	2000.0
2.75e-05	2000.0
2.75e-05	2000.0
2.75e-05	2000.0
2.75e-05	2000.0
2.75e-05	2000.0
2.75e-05	2000.0
2.75e-05	2000.0
2.75e-05	2000.0
2.75e-05	2000.0
2.749e-05	36038.6200442
2.749e-05	36038.6200442
2.749e-05	36038.6200442
2.745e-05	10705.6128269
2.745e-05	10705.6128269
2.745e-05	10705.6128269
2.749e-05	36038.6200442
2.749e-05	36038.6200442
2.749e-05	36038.6200442
2.749e-05	40189.0172006
2.749e-05	40189.0172006
2.749e-05	40189.0172006
2.754e-05	2911.08675643
2.754e-05	2911.08675643
2.754e-05	2911.08675643
2.754e-05	2911.08675643
2.754e-05	2911.08675643
2.754e-05	2911.08675643
2.754e-05	2911.08675643
2.754e-05	2911.08675643
2.754e-05	2911.08675643
2.754e-05	2911.08675643
2.754e-05	2911.08675643
2.754e-05	2911.08675643
2.753e-05	4144.36679368
2.753e-05	4144.36679368
2.753e-05	4144.36679368
2.753e-05	4144.36679368
2.753e-05	4144.36679368
2.753e-05	4144.36679368
2.753e-05	4144.36679368
2.753e-05	4144.36679368
2.753e-05	4144.36679368
2.759e-05	4135.35403516
2.759e-05	4135.35403516
2.759e-05	4135.35403516
2.759e-05	4135.35403516
2.759e-05	4135.35403516
2.759e-05	4135.35403516
2.757e-05	4138.35392927
2.757e-05	4138.35392927
2.757e-05	4138.35392927
2.754e-05	2711.08675643
2.754e-05	2711.08675643
2.754e-05	2711.08675643
2.754e-05	2711.08675643
2.754e-05	2711.08675643
2.754e-05	2711.08675643
2.756e-05	7550.84396542
2.756e-05	7550.84396542
2.756e-05	7550.84396542
2.754e-05	2711.08675643
2.754e-05	2711.08675643
2.754e-05	2711.08675643
2.756e-05	7550.84396542
2.756e-05	7550.84396542
2.756e-05	7550.84396542
2.754e-05	2711.08675643
2.754e-05	2711.08675643
2.754e-05	2711.08675643
2.756e-05	7550.84396542
2.756e-05	7550.84396542
2.756e-05	7550.84396542
2.756e-05	7550.84396542
2.756e-05	7550.84396542
2.756e-05	7550.84396542
2.756e-05	7550.84396542
2.756e-05	7550.84396542
2.756e-05	7550.84396542
2.756e-05	7550.84396542
2.756e-05	7550.84396542
2.756e-05	7550.84396542
2.756e-05	7550.84396542
2.756e-05	7550.84396542
2.756e-05	7550.84396542
2.753e-05	1882.12922695
2.753e-05	1882.12922695
2.753e-05	1882.12922695
2.753e-05	1882.12922695
2.753e-05	1882.12922695
2.753e-05	1882.12922695
2.753e-05	1882.12922695
2.753e-05	1882.12922695
2.753e-05	1882.12922695
2.753e-05	1882.12922695
2.753e-05	1882.12922695
2.753e-05	1882.12922695
2.753e-05	1882.12922695
2.753e-05	1882.12922695
2.753e-05	1882.12922695
2.752e-05	23600.762
2.752e-05	23600.762
2.752e-05	23600.762
2.756e-05	7550.84396542
2.756e-05	7550.84396542
2.756e-05	7550.84396542
2.756e-05	7550.84396542
2.756e-05	7550.84396542
2.756e-05	7550.84396542
2.753e-05	920.76923077
2.753e-05	920.76923077
2.753e-05	920.76923077
2.756e-05	7550.84396542
2.756e-05	7550.84396542
2.756e-05	7550.84396542
2.756e-05	7550.84396542
2.756e-05	7550.84396542
2.756e-05	7550.84396542
2.756e-05	7550.84396542
2.756e-05	7550.84396542
2.756e-05	7550.84396542
2.759e-05	94145.0
2.759e-05	94145.0
2.759e-05	94145.0
2.758e-05	92055.0
2.758e-05	92055.0
2.758e-05	92055.0
2.76e-05	2500.0
2.76e-05	2500.0
2.76e-05	2500.0
2.767e-05	128132.61
2.767e-05	128132.61
2.767e-05	128132.61
2.76e-05	10050.8439654
2.76e-05	10050.8439654
2.76e-05	10050.8439654
2.765e-05	53157.289
2.765e-05	53157.289
2.765e-05	53157.289
2.769e-05	4120.41956772
2.769e-05	4120.41956772
2.769e-05	4120.41956772
2.77e-05	76729.7898396
2.77e-05	76729.7898396
2.77e-05	76729.7898396
2.775e-05	123496.727058
2.775e-05	123496.727058
2.775e-05	123496.727058
2.77e-05	76729.7898396
2.77e-05	76729.7898396
2.77e-05	76729.7898396
2.769e-05	4120.41956772
2.769e-05	4120.41956772
2.769e-05	4120.41956772
2.77e-05	76729.7898396
2.77e-05	76729.7898396
2.77e-05	76729.7898396
2.769e-05	4120.41956772
2.769e-05	4120.41956772
2.769e-05	4120.41956772
2.769e-05	4120.41956772
2.769e-05	4120.41956772
2.769e-05	4120.41956772
2.769e-05	78636.0678539
2.769e-05	78636.0678539
2.769e-05	78636.0678539
2.769e-05	74515.6482861
2.769e-05	74515.6482861
2.769e-05	74515.6482861
2.768e-05	108642.22
2.768e-05	108642.22
2.768e-05	108642.22
2.768e-05	108642.22
2.768e-05	108642.22
2.768e-05	108642.22
2.768e-05	108642.22
2.768e-05	108642.22
2.768e-05	108642.22
2.766e-05	109291.749
2.766e-05	109291.749
2.766e-05	109291.749
2.752e-05	4145.87274092
2.752e-05	4145.87274092
2.752e-05	4145.87274092
2.752e-05	4145.87274092
2.752e-05	4145.87274092
2.752e-05	4145.87274092
2.752e-05	4145.87274092
2.752e-05	4145.87274092
2.752e-05	4145.87274092
2.752e-05	4145.87274092
2.752e-05	4145.87274092
2.752e-05	4145.87274092
2.753e-05	4931.63180004
2.753e-05	4931.63180004
2.753e-05	4931.63180004
2.753e-05	4931.63180004
2.753e-05	4931.63180004
2.753e-05	4931.63180004
2.753e-05	4931.63180004
2.753e-05	4931.63180004
2.753e-05	4931.63180004
2.754e-05	45539.7703574
2.754e-05	45539.7703574
2.754e-05	45539.7703574
2.754e-05	45539.7703574
2.754e-05	45539.7703574
2.754e-05	45539.7703574
2.754e-05	45539.7703574
2.754e-05	45539.7703574
2.754e-05	45539.7703574
2.754e-05	45539.7703574
2.754e-05	45539.7703574
2.754e-05	45539.7703574
2.754e-05	45539.7703574
2.754e-05	45539.7703574
2.754e-05	45539.7703574
2.754e-05	45539.7703574
2.754e-05	45539.7703574
2.754e-05	45539.7703574
2.754e-05	45539.7703574
2.754e-05	45539.7703574
2.754e-05	45539.7703574
2.753e-05	787.26500636
2.753e-05	787.26500636
2.753e-05	787.26500636
2.753e-05	787.26500636
2.753e-05	787.26500636
2.753e-05	787.26500636
2.759e-05	4136.79542729
2.759e-05	4136.79542729
2.759e-05	4136.79542729
2.769e-05	74515.6482861
2.769e-05	74515.6482861
2.769e-05	74515.6482861
2.77e-05	77729.7898396
2.77e-05	77729.7898396
2.77e-05	77729.7898396
2.775e-05	654.73205817
2.775e-05	654.73205817
2.775e-05	654.73205817
2.768e-05	17032.6928163
2.768e-05	17032.6928163
2.768e-05	17032.6928163
2.768e-05	13924.9059086
2.768e-05	13924.9059086
2.768e-05	13924.9059086
2.77e-05	77729.7898396
2.77e-05	77729.7898396
2.77e-05	77729.7898396
2.769e-05	4134.82662914
2.769e-05	4134.82662914
2.769e-05	4134.82662914
2.775e-05	144.51321759
2.775e-05	144.51321759
2.775e-05	144.51321759
2.775e-05	144.51321759
2.775e-05	144.51321759
2.775e-05	144.51321759
2.775e-05	144.51321759
2.775e-05	144.51321759
2.775e-05	144.51321759
2.775e-05	144.51321759
2.775e-05	144.51321759
2.775e-05	144.51321759
2.764e-05	700.0
2.764e-05	700.0
2.764e-05	700.0
2.764e-05	700.0
2.764e-05	700.0
2.764e-05	700.0
2.764e-05	700.0
2.764e-05	700.0
2.764e-05	700.0
2.764e-05	700.0
2.764e-05	700.0
2.764e-05	700.0
2.764e-05	700.0
2.764e-05	700.0
2.764e-05	700.0
2.764e-05	700.0
2.764e-05	700.0
2.764e-05	700.0
2.77e-05	77729.7898396
2.77e-05	77729.7898396
2.77e-05	77729.7898396
2.768e-05	10077.0556512
2.768e-05	10077.0556512
2.768e-05	10077.0556512
2.774e-05	4153.51480765
2.774e-05	4153.51480765
2.774e-05	4153.51480765
2.774e-05	4153.51480765
2.774e-05	4153.51480765
2.774e-05	4153.51480765
2.774e-05	4153.51480765
2.774e-05	4153.51480765
2.774e-05	4153.51480765
2.774e-05	4153.51480765
2.774e-05	4153.51480765
2.774e-05	4153.51480765
2.776e-05	1045.43970709
2.776e-05	1045.43970709
2.776e-05	1045.43970709
2.776e-05	1045.43970709
2.776e-05	1045.43970709
2.776e-05	1045.43970709
2.776e-05	1045.43970709
2.776e-05	1045.43970709
2.776e-05	1045.43970709
2.776e-05	1045.43970709
2.776e-05	1045.43970709
2.776e-05	1045.43970709
2.776e-05	1045.43970709
2.776e-05	1045.43970709
2.776e-05	1045.43970709
2.776e-05	1045.43970709
2.776e-05	1045.43970709
2.776e-05	1045.43970709
2.776e-05	1045.43970709
2.776e-05	1045.43970709
2.776e-05	1045.43970709
2.776e-05	1045.43970709
2.776e-05	1045.43970709
2.776e-05	1045.43970709
2.776e-05	1045.43970709
2.776e-05	1045.43970709
2.776e-05	1045.43970709
2.776e-05	1045.43970709
2.776e-05	1045.43970709
2.776e-05	1045.43970709
2.774e-05	4153.51480765
2.774e-05	4153.51480765
2.774e-05	4153.51480765
2.77e-05	9596.5045149
2.77e-05	9596.5045149
2.77e-05	9596.5045149
2.769e-05	1000.0
2.769e-05	1000.0
2.769e-05	1000.0
2.769e-05	1000.0
2.769e-05	1000.0
2.769e-05	1000.0
2.767e-05	26.05297867
2.767e-05	26.05297867
2.767e-05	26.05297867
2.768e-05	2632.36130113
2.768e-05	2632.36130113
2.768e-05	2632.36130113
2.768e-05	2632.36130113
2.768e-05	2632.36130113
2.768e-05	2632.36130113
2.77e-05	9596.5045149
2.77e-05	9596.5045149
2.77e-05	9596.5045149
2.77e-05	9596.5045149
2.77e-05	9596.5045149
2.77e-05	9596.5045149
2.77e-05	9596.5045149
2.77e-05	9596.5045149
2.77e-05	9596.5045149
2.774e-05	4172.601302
2.774e-05	4172.601302
2.774e-05	4172.601302
2.774e-05	4172.601302
2.774e-05	4172.601302
2.774e-05	4172.601302
2.774e-05	4172.601302
2.774e-05	4172.601302
2.774e-05	4172.601302
2.773e-05	51239.656
2.773e-05	51239.656
2.773e-05	51239.656
2.772e-05	350.0
2.772e-05	350.0
2.772e-05	350.0
2.769e-05	4194.96422822
2.769e-05	4194.96422822
2.769e-05	4194.96422822
2.768e-05	4205.43064884
2.768e-05	4205.43064884
2.768e-05	4205.43064884
2.769e-05	4203.91189454
2.769e-05	4203.91189454
2.769e-05	4203.91189454
2.77e-05	5273.72606221
2.77e-05	5273.72606221
2.77e-05	5273.72606221
2.774e-05	110332.203
2.774e-05	110332.203
2.774e-05	110332.203
2.773e-05	110241.152
2.773e-05	110241.152
2.773e-05	110241.152
2.774e-05	4196.33454794
2.774e-05	4196.33454794
2.774e-05	4196.33454794
2.774e-05	4196.33454794
2.774e-05	4196.33454794
2.774e-05	4196.33454794
2.77e-05	5273.72606221
2.77e-05	5273.72606221
2.77e-05	5273.72606221
2.77e-05	5273.72606221
2.77e-05	5273.72606221
2.77e-05	5273.72606221
2.77e-05	5273.72606221
2.77e-05	5273.72606221
2.77e-05	5273.72606221
2.769e-05	4203.91189454
2.769e-05	4203.91189454
2.769e-05	4203.91189454
2.77e-05	5273.72606221
2.77e-05	5273.72606221
2.77e-05	5273.72606221
2.775e-05	144.51321759
2.775e-05	144.51321759
2.775e-05	144.51321759
2.78e-05	1329.95275956
2.78e-05	1329.95275956
2.78e-05	1329.95275956
2.78e-05	1329.95275956
2.78e-05	1329.95275956
2.78e-05	1329.95275956
2.783e-05	56.10185185
2.783e-05	56.10185185
2.783e-05	56.10185185
2.783e-05	56.10185185
2.783e-05	56.10185185
2.783e-05	56.10185185
2.783e-05	56.10185185
2.783e-05	56.10185185
2.783e-05	56.10185185
2.783e-05	56.10185185
2.783e-05	56.10185185
2.783e-05	56.10185185
2.779e-05	66534.2
2.779e-05	66534.2
2.779e-05	66534.2
2.775e-05	26.09540101
2.775e-05	26.09540101
2.775e-05	26.09540101
2.78e-05	1329.95275956
2.78e-05	1329.95275956
2.78e-05	1329.95275956
2.78e-05	1329.95275956
2.78e-05	1329.95275956
2.78e-05	1329.95275956
2.791e-05	1060.18982817
2.791e-05	1060.18982817
2.791e-05	1060.18982817
2.792e-05	12145.0
2.792e-05	12145.0
2.792e-05	12145.0
2.796e-05	1551.53919131
2.796e-05	1551.53919131
2.796e-05	1551.53919131
2.797e-05	75082.4882389
2.797e-05	75082.4882389
2.797e-05	75082.4882389
2.795e-05	500.0
2.795e-05	500.0
2.795e-05	500.0
2.793e-05	99796.478718
2.793e-05	99796.478718
2.793e-05	99796.478718
2.793e-05	99796.478718
2.793e-05	99796.478718
2.793e-05	99796.478718
2.792e-05	500.0
2.792e-05	500.0
2.792e-05	500.0
2.795e-05	500.0
2.795e-05	500.0
2.795e-05	500.0
2.795e-05	500.0
2.795e-05	500.0
2.795e-05	500.0
2.797e-05	566.83995274
2.797e-05	566.83995274
2.797e-05	566.83995274
2.799e-05	2317.97619773
2.799e-05	2317.97619773
2.799e-05	2317.97619773
2.799e-05	1817.97619773
2.799e-05	1817.97619773
2.799e-05	1817.97619773
2.799e-05	1817.97619773
2.799e-05	1817.97619773
2.799e-05	1817.97619773
2.799e-05	1817.97619773
2.799e-05	1817.97619773
2.799e-05	1817.97619773
2.803e-05	39.78684429
2.803e-05	39.78684429
2.803e-05	39.78684429
2.803e-05	39.78684429
2.803e-05	39.78684429
2.803e-05	39.78684429
2.817e-05	500.0
2.817e-05	500.0
2.817e-05	500.0
2.817e-05	500.0
2.817e-05	500.0
2.817e-05	500.0
2.818e-05	110197.803555
2.818e-05	110197.803555
2.818e-05	110197.803555
2.82e-05	21910.8359376
2.82e-05	21910.8359376
2.82e-05	21910.8359376
2.822e-05	3367.10385413
2.822e-05	3367.10385413
2.822e-05	3367.10385413
2.818e-05	110597.803555
2.818e-05	110597.803555
2.818e-05	110597.803555
2.828e-05	8644.05344207
2.828e-05	8644.05344207
2.828e-05	8644.05344207
2.836e-05	2221.37804614
2.836e-05	2221.37804614
2.836e-05	2221.37804614
2.847e-05	74515.6482861
2.847e-05	74515.6482861
2.847e-05	74515.6482861
2.849e-05	22000.0
2.849e-05	22000.0
2.849e-05	22000.0
2.856e-05	500.0
2.856e-05	500.0
2.856e-05	500.0
2.875e-05	429.99505234
2.875e-05	429.99505234
2.875e-05	429.99505234
2.881e-05	10000.0
2.881e-05	10000.0
2.881e-05	10000.0
2.891e-05	234.57345774
2.891e-05	234.57345774
2.891e-05	234.57345774
2.902e-05	2807.85339278
2.902e-05	2807.85339278
2.902e-05	2807.85339278
2.903e-05	2995.36076103
2.903e-05	2995.36076103
2.903e-05	2995.36076103
2.903e-05	2995.36076103
2.903e-05	2995.36076103
2.903e-05	2995.36076103
2.917e-05	23093.5242866
2.917e-05	23093.5242866
2.917e-05	23093.5242866
2.938e-05	224.0
2.938e-05	224.0
2.938e-05	224.0
2.949e-05	7767.51291033
2.949e-05	7767.51291033
2.949e-05	7767.51291033
2.929e-05	25.45881318
2.929e-05	25.45881318
2.929e-05	25.45881318
2.921e-05	25248.2
2.921e-05	25248.2
2.921e-05	25248.2
2.91e-05	10000.9558746
2.91e-05	10000.9558746
2.91e-05	10000.9558746
