0.01755475	70.707
0.01755475	70.707
0.01755475	70.707
0.01755484	46.888
0.01755484	46.888
0.01755484	46.888
0.01756484	1.75244771
0.01756484	1.75244771
0.01756484	1.75244771
0.01756484	1.75244771
0.01756484	1.75244771
0.01756484	1.75244771
0.01751243	71.096
0.01751243	71.096
0.01751243	71.096
0.01752254	73.582
0.01752254	73.582
0.01752254	73.582
0.0175228	69.619
0.0175228	69.619
0.0175228	69.619
0.01752304	68.998
0.01752304	68.998
0.01752304	68.998
0.0175231	71.484
0.0175231	71.484
0.0175231	71.484
0.0175234	74.747
0.0175234	74.747
0.0175234	74.747
0.01752368	72.261
0.01752368	72.261
0.01752368	72.261
0.01752387	40.79
0.01752387	40.79
0.01752387	40.79
0.01752406	77.234
0.01752406	77.234
0.01752406	77.234
0.01752407	72.339
0.01752407	72.339
0.01752407	72.339
0.01752407	72.339
0.01752407	72.339
0.01752407	72.339
0.01752407	72.339
0.01752407	72.339
0.01752407	72.339
0.01752413	72.727
0.01752413	72.727
0.01752413	72.727
0.01752413	72.727
0.01752413	72.727
0.01752413	72.727
0.01752413	72.727
0.01752413	72.727
0.01752413	72.727
0.01752413	72.727
0.01752413	72.727
0.01752413	72.727
0.01752413	72.727
0.01752413	72.727
0.01752413	72.727
0.01752414	72.183
0.01752414	72.183
0.01752414	72.183
0.01752414	72.183
0.01752414	72.183
0.01752414	72.183
0.0175243	77.001
0.0175243	77.001
0.0175243	77.001
0.01752438	70.785
0.01752438	70.785
0.01752438	70.785
0.01752467	40.79
0.01752467	40.79
0.01752467	40.79
0.017525	75.447
0.017525	75.447
0.017525	75.447
0.01752514	74.437
0.01752514	74.437
0.01752514	74.437
0.01752547	28.29818133
0.01752547	28.29818133
0.01752547	28.29818133
0.01752642	72.65
0.01752642	72.65
0.01752642	72.65
0.01752739	28.29818133
0.01752739	28.29818133
0.01752739	28.29818133
0.01753836	77.622
0.01753836	77.622
0.01753836	77.622
0.01753933	77.312
0.01753933	77.312
0.01753933	77.312
0.01754026	28.28214265
0.01754026	28.28214265
0.01754026	28.28214265
0.01754116	74.592
0.01754116	74.592
0.01754116	74.592
0.01754209	75.214
0.01754209	75.214
0.01754209	75.214
0.01755294	72.96
0.01755294	72.96
0.01755294	72.96
0.01755382	40.79
0.01755382	40.79
0.01755382	40.79
0.01755475	71.795
0.01755475	71.795
0.01755475	71.795
0.01755584	40.79
0.01755584	40.79
0.01755584	40.79
0.0175567	69.697
0.0175567	69.697
0.0175567	69.697
0.01756759	71.717
0.01756759	71.717
0.01756759	71.717
0.01756859	13.30161748
0.01756859	13.30161748
0.01756859	13.30161748
0.01756957	71.795
0.01756957	71.795
0.01756957	71.795
0.01757044	72.727
0.01757044	72.727
0.01757044	72.727
0.01757141	76.612
0.01757141	76.612
0.01757141	76.612
0.0175723	78.13108725
0.0175723	78.13108725
0.0175723	78.13108725
0.01758262	73.97
0.01758262	73.97
0.01758262	73.97
0.01758293	40.79
0.01758293	40.79
0.01758293	40.79
0.01758323	40.79
0.01758323	40.79
0.01758323	40.79
0.01758352	69.542
0.01758352	69.542
0.01758352	69.542
0.01758381	40.79
0.01758381	40.79
0.01758381	40.79
0.017584	70.008
0.017584	70.008
0.017584	70.008
0.01758426	72.339
0.01758426	72.339
0.01758426	72.339
0.01758451	40.79
0.01758451	40.79
0.01758451	40.79
0.01758478	74.67
0.01758478	74.67
0.01758478	74.67
0.01762001	74.67
0.01762001	74.67
0.01762001	74.67
0.01762001	74.67
0.01762001	74.67
0.01762001	74.67
0.01762001	74.67
0.01762001	74.67
0.01762001	74.67
0.01762001	74.67
0.01762001	74.67
0.01762001	74.67
0.01762001	74.67
0.01762001	74.67
0.01762001	74.67
0.01763002	76.923
0.01763002	76.923
0.01763002	76.923
0.01764003	77.467
0.01764003	77.467
0.01764003	77.467
0.01764012	69.93
0.01764012	69.93
0.01764012	69.93
0.01764012	69.93
0.01764012	69.93
0.01764012	69.93
0.01764012	69.93
0.01764012	69.93
0.01764012	69.93
0.01764012	69.8147518
0.01764012	69.8147518
0.01764012	69.8147518
0.01764012	69.8147518
0.01764012	69.8147518
0.01764012	69.8147518
0.01764012	70.8122518
0.01764012	70.8122518
0.01764012	70.8122518
0.01764012	70.8122518
0.01764012	70.8122518
0.01764012	70.8122518
0.01764012	70.8122518
0.01764012	70.8122518
0.01764012	70.8122518
0.01764013	75.136
0.01764013	75.136
0.01764013	75.136
0.01764013	75.136
0.01764013	75.136
0.01764013	75.136
0.01764013	75.136
0.01764013	75.136
0.01764013	75.136
0.0176503	74.359
0.0176503	74.359
0.0176503	74.359
0.01765051	448.69
0.01765051	448.69
0.01765051	448.69
0.01765078	71.018
0.01765078	71.018
0.01765078	71.018
0.01765105	448.69
0.01765105	448.69
0.01765105	448.69
0.01765108	72.494
0.01765108	72.494
0.01765108	72.494
0.01765108	72.494
0.01765108	72.494
0.01765108	72.494
0.01765108	72.494
0.01765108	72.494
0.01765108	72.494
0.01765136	74.747
0.01765136	74.747
0.01765136	74.747
0.01765158	71.173
0.01765158	71.173
0.01765158	71.173
0.01765185	448.69
0.01765185	448.69
0.01765185	448.69
0.01765204	10.229
0.01765204	10.229
0.01765204	10.229
0.01765227	407.9
0.01765227	407.9
0.01765227	407.9
0.0176525	8.564
0.0176525	8.564
0.0176525	8.564
0.01765257	40.79
0.01765257	40.79
0.01765257	40.79
0.01765258	407.9
0.01765258	407.9
0.01765258	407.9
0.01765267	61.423
0.01765267	61.423
0.01765267	61.423
0.01765274	448.69
0.01765274	448.69
0.01765274	448.69
0.01765275	40.79
0.01765275	40.79
0.01765275	40.79
0.01765276	407.9
0.01765276	407.9
0.01765276	407.9
0.01765277	71.639
0.01765277	71.639
0.01765277	71.639
0.01765297	73.504
0.01765297	73.504
0.01765297	73.504
0.01765324	448.69
0.01765324	448.69
0.01765324	448.69
0.01765343	72.883
0.01765343	72.883
0.01765343	72.883
0.01765369	74.281
0.01765369	74.281
0.01765369	74.281
0.01765393	72.96
0.01765393	72.96
0.01765393	72.96
0.01765413	75.602
0.01765413	75.602
0.01765413	75.602
0.01765413	75.602
0.01765413	75.602
0.01765413	75.602
0.01765413	75.602
0.01765413	75.602
0.01765413	75.602
0.01765413	75.602
0.01765413	75.602
0.01765413	75.602
0.01765413	75.602
0.01765413	75.602
0.01765413	75.602
0.01765414	51.373
0.01765414	51.373
0.01765414	51.373
0.01765414	51.373
0.01765414	51.373
0.01765414	51.373
0.01764012	0.9975
0.01764012	0.9975
0.01764012	0.9975
0.01764012	196.87414887
0.01764012	196.87414887
0.01764012	196.87414887
0.01764012	196.87414887
0.01764012	196.87414887
0.01764012	196.87414887
0.01764012	196.87414887
0.01764012	196.87414887
0.01764012	196.87414887
0.01764012	196.87414887
0.01764012	196.87414887
0.01764012	196.87414887
0.01764012	196.87414887
0.01764012	196.87414887
0.01764012	196.87414887
0.01764012	196.87414887
0.01764012	196.87414887
0.01764012	196.87414887
0.01764012	196.87414887
0.01764012	196.87414887
0.01764012	196.87414887
0.01764012	196.87414887
0.01764012	196.87414887
0.01764012	196.87414887
0.01764012	196.87414887
0.01764012	196.87414887
0.01764012	196.87414887
0.01764012	0.9975
0.01764012	0.9975
0.01764012	0.9975
0.01764012	0.9975
0.01764012	0.9975
0.01764012	0.9975
0.01762	28.48706016
0.01762	28.48706016
0.01762	28.48706016
0.01763	2.51749809
0.01763	2.51749809
0.01763	2.51749809
0.01763001	33.955
0.01763001	33.955
0.01763001	33.955
0.01752263	28.27233953
0.01752263	28.27233953
0.01752263	28.27233953
0.01752354	71.95
0.01752354	71.95
0.01752354	71.95
0.01752448	69.075
0.01752448	69.075
0.01752448	69.075
0.01752546	448.69
0.01752546	448.69
0.01752546	448.69
0.01752639	103.23435748
0.01752639	103.23435748
0.01752639	103.23435748
0.01752737	28.21665651
0.01752737	28.21665651
0.01752737	28.21665651
0.01753829	69.386
0.01753829	69.386
0.01753829	69.386
0.01753935	448.69
0.01753935	448.69
0.01753935	448.69
0.01754025	77.312
0.01754025	77.312
0.01754025	77.312
0.01754132	70.241
0.01754132	70.241
0.01754132	70.241
0.01754228	32.07545488
0.01754228	32.07545488
0.01754228	32.07545488
0.01755333	28.12150063
0.01755333	28.12150063
0.01755333	28.12150063
0.01755434	28.12150063
0.01755434	28.12150063
0.01755434	28.12150063
0.01755525	28.17534758
0.01755525	28.17534758
0.01755525	28.17534758
0.0175561	74.281
0.0175561	74.281
0.0175561	74.281
0.0175569	448.69
0.0175569	448.69
0.0175569	448.69
0.01755776	28.24852373
0.01755776	28.24852373
0.01755776	28.24852373
0.01756872	72.572
0.01756872	72.572
0.01756872	72.572
0.01756953	28.24858757
0.01756953	28.24858757
0.01756953	28.24858757
0.01757043	28.24858757
0.01757043	28.24858757
0.01757043	28.24858757
0.01757137	28.24857161
0.01757137	28.24857161
0.01757137	28.24857161
0.01757231	519.941
0.01757231	519.941
0.01757231	519.941
0.01758302	73.16141751
0.01758302	73.16141751
0.01758302	73.16141751
0.01758348	72.883
0.01758348	72.883
0.01758348	72.883
0.01758372	70.785
0.01758372	70.785
0.01758372	70.785
0.01758402	71.872
0.01758402	71.872
0.01758402	71.872
0.01758425	77.234
0.01758425	77.234
0.01758425	77.234
0.01758454	448.69
0.01758454	448.69
0.01758454	448.69
0.01758512	71.406
0.01758512	71.406
0.01758512	71.406
0.01758547	75.136
0.01758547	75.136
0.01758547	75.136
0.01758573	77.545
0.01758573	77.545
0.01758573	77.545
0.01758608	72.727
0.01758608	72.727
0.01758608	72.727
0.01758639	111.886
0.01758639	111.886
0.01758639	111.886
0.01758701	70.085
0.01758701	70.085
0.01758701	70.085
0.01758729	79.60267057
0.01758729	79.60267057
0.01758729	79.60267057
0.0175875	77.545
0.0175875	77.545
0.0175875	77.545
0.01758774	75.291
0.01758774	75.291
0.01758774	75.291
0.01758805	4.07902919
0.01758805	4.07902919
0.01758805	4.07902919
0.01759834	448.69
0.01759834	448.69
0.01759834	448.69
0.01759866	74.048
0.01759866	74.048
0.01759866	74.048
0.01759893	448.69
0.01759893	448.69
0.01759893	448.69
0.01759922	448.69
0.01759922	448.69
0.01759922	448.69
0.01760971	71.484
0.01760971	71.484
0.01760971	71.484
0.01761047	518.232
0.01761047	518.232
0.01761047	518.232
0.01761139	28.15315315
0.01761139	28.15315315
0.01761139	28.15315315
0.01761226	69.93
0.01761226	69.93
0.01761226	69.93
0.01761314	28.12939521
0.01761314	28.12939521
0.01761314	28.12939521
0.01761397	76.224
0.01761397	76.224
0.01761397	76.224
0.01762479	72.805
0.01762479	72.805
0.01762479	72.805
0.01762574	28.11836933
0.01762574	28.11836933
0.01762574	28.11836933
0.0176271	116.314
0.0176271	116.314
0.0176271	116.314
0.01762801	74.592
0.01762801	74.592
0.01762801	74.592
0.01762906	448.69
0.01762906	448.69
0.01762906	448.69
0.01763986	28.12937939
0.01763986	28.12937939
0.01763986	28.12937939
0.01764074	70.318
0.01764074	70.318
0.01764074	70.318
0.01764176	71.329
0.01764176	71.329
0.01764176	71.329
0.01764269	71.639
0.01764269	71.639
0.01764269	71.639
0.01764306	71.562
0.01764306	71.562
0.01764306	71.562
0.01765337	70.552
0.01765337	70.552
0.01765337	70.552
0.01765367	24.46
0.01765367	24.46
0.01765367	24.46
0.01766357	2.1293521
0.01766357	2.1293521
0.01766357	2.1293521
0.01752295	71.484
0.01752295	71.484
0.01752295	71.484
0.01752389	73.349
0.01752389	73.349
0.01752389	73.349
0.01752493	74.126
0.01752493	74.126
0.01752493	74.126
0.0175259	519.863
0.0175259	519.863
0.0175259	519.863
0.01752679	70.474
0.01752679	70.474
0.01752679	70.474
0.01752792	518.853
0.01752792	518.853
0.01752792	518.853
0.01753885	70.396
0.01753885	70.396
0.01753885	70.396
0.01753991	3.66181018
0.01753991	3.66181018
0.01753991	3.66181018
0.01754084	77.078
0.01754084	77.078
0.01754084	77.078
0.01754198	70.318
0.01754198	70.318
0.01754198	70.318
0.01754295	74.048
0.01754295	74.048
0.01754295	74.048
0.01755391	76.845
0.01755391	76.845
0.01755391	76.845
0.01755485	526.157
0.01755485	526.157
0.01755485	526.157
0.01755587	70.163
0.01755587	70.163
0.01755587	70.163
0.01755693	525.691
0.01755693	525.691
0.01755693	525.691
0.01755793	113.517
0.01755793	113.517
0.01755793	113.517
0.01756892	28.11359466
0.01756892	28.11359466
0.01756892	28.11359466
0.01756974	76.457
0.01756974	76.457
0.01756974	76.457
0.0175706	482.58060136
0.0175706	482.58060136
0.0175706	482.58060136
0.0175711	103.26353882
0.0175711	103.26353882
0.0175711	103.26353882
0.01757221	72.339
0.01757221	72.339
0.01757221	72.339
0.01757323	28.1021389
0.01757323	28.1021389
0.01757323	28.1021389
0.01758426	105.10627623
0.01758426	105.10627623
0.01758426	105.10627623
0.01758533	75.36120885
0.01758533	75.36120885
0.01758533	75.36120885
0.01758636	107.20078375
0.01758636	107.20078375
0.01758636	107.20078375
0.01758744	29.81010562
0.01758744	29.81010562
0.01758744	29.81010562
0.01758807	3.77406558
0.01758807	3.77406558
0.01758807	3.77406558
0.01759863	71.639
0.01759863	71.639
0.01759863	71.639
0.01759962	77.156
0.01759962	77.156
0.01759962	77.156
0.01760053	101.92856305
0.01760053	101.92856305
0.01760053	101.92856305
0.0176015	71.795
0.0176015	71.795
0.0176015	71.795
0.01760245	520.873
0.01760245	520.873
0.01760245	520.873
0.0176033	448.69
0.0176033	448.69
0.0176033	448.69
0.01761418	74.903
0.01761418	74.903
0.01761418	74.903
0.01762507	72.96
0.01762507	72.96
0.01762507	72.96
0.01762611	75.136
0.01762611	75.136
0.01762611	75.136
0.01762716	75.653621
0.01762716	75.653621
0.01762716	75.653621
0.01763803	100.43145037
0.01763803	100.43145037
0.01763803	100.43145037
0.0176391	75.291
0.0176391	75.291
0.0176391	75.291
0.01764003	70.241
0.01764003	70.241
0.01764003	70.241
0.01764105	526.079
0.01764105	526.079
0.01764105	526.079
0.01764205	77.622
0.01764205	77.622
0.01764205	77.622
0.01765299	70.474
0.01765299	70.474
0.01765299	70.474
0.01765401	73.426
0.01765401	73.426
0.01765401	73.426
0.01765497	72.028
0.01765497	72.028
0.01765497	72.028
0.01765575	73.426
0.01765575	73.426
0.01765575	73.426
0.01765666	3.89747407
0.01765666	3.89747407
0.01765666	3.89747407
0.01765747	70.396
0.01765747	70.396
0.01765747	70.396
0.01766822	75.369
0.01766822	75.369
0.01766822	75.369
0.01766917	452.59679201
0.01766917	452.59679201
0.01766917	452.59679201
0.01767005	547.64059676
0.01767005	547.64059676
0.01767005	547.64059676
0.01767095	99.8031718
0.01767095	99.8031718
0.01767095	99.8031718
0.01767184	72.028
0.01767184	72.028
0.01767184	72.028
0.01767275	27.9173646
0.01767275	27.9173646
0.01767275	27.9173646
0.01767366	69.386
0.01767366	69.386
0.01767366	69.386
0.0176746	76.457
0.0176746	76.457
0.0176746	76.457
0.0176755	77.078
0.0176755	77.078
0.0176755	77.078
0.01767643	2.9614509
0.01767643	2.9614509
0.01767643	2.9614509
0.01767729	3.68734534
0.01767729	3.68734534
0.01767729	3.68734534
0.01767825	513.06378411
0.01767825	513.06378411
0.01767825	513.06378411
0.01767917	70.396
0.01767917	70.396
0.01767917	70.396
0.01768002	109.22268983
0.01768002	109.22268983
0.01768002	109.22268983
0.01768096	481.404
0.01768096	481.404
0.01768096	481.404
0.01768202	71.406
0.01768202	71.406
0.01768202	71.406
0.01768307	517.688
0.01768307	517.688
0.01768307	517.688
0.01768386	77.622
0.01768386	77.622
0.01768386	77.622
0.01768427	70.085
0.01768427	70.085
0.01768427	70.085
0.01768497	28.01277382
0.01768497	28.01277382
0.01768497	28.01277382
0.01768575	17.0133312
0.01768575	17.0133312
0.01768575	17.0133312
0.01768614	75.447
0.01768614	75.447
0.01768614	75.447
0.01768664	72.883
0.01768664	72.883
0.01768664	72.883
0.01768744	4.21275343
0.01768744	4.21275343
0.01768744	4.21275343
0.01768836	23.90225721
0.01768836	23.90225721
0.01768836	23.90225721
0.017689	69.231
0.017689	69.231
0.017689	69.231
0.01768918	69.775
0.01768918	69.775
0.01768918	69.775
0.01768956	71.562
0.01768956	71.562
0.01768956	71.562
0.01769046	73.504
0.01769046	73.504
0.01769046	73.504
0.01780011	27.75618963
0.01780011	27.75618963
0.01780011	27.75618963
0.01780087	110.72
0.01780087	110.72
0.01780087	110.72
0.01780164	27.75617422
0.01780164	27.75617422
0.01780164	27.75617422
0.01780241	72.805
0.01780241	72.805
0.01780241	72.805
0.01781392	76.224
0.01781392	76.224
0.01781392	76.224
0.01781475	69.075
0.01781475	69.075
0.01781475	69.075
0.01781504	75.602
0.01781504	75.602
0.01781504	75.602
0.01781541	72.106
0.01781541	72.106
0.01781541	72.106
0.01781575	69.153
0.01781575	69.153
0.01781575	69.153
0.01781608	40.79
0.01781608	40.79
0.01781608	40.79
0.01781647	77.156
0.01781647	77.156
0.01781647	77.156
0.01781682	76.845
0.01781682	76.845
0.01781682	76.845
0.01781715	40.79
0.01781715	40.79
0.01781715	40.79
0.01781755	76.69
0.01781755	76.69
0.01781755	76.69
0.01781789	122.56057747
0.01781789	122.56057747
0.01781789	122.56057747
0.01781802	69.153
0.01781802	69.153
0.01781802	69.153
0.01781822	76.457
0.01781822	76.457
0.01781822	76.457
0.0178184	40.79
0.0178184	40.79
0.0178184	40.79
0.01781858	4.57685652
0.01781858	4.57685652
0.01781858	4.57685652
0.01781876	73.504
0.01781876	73.504
0.01781876	73.504
0.01781884	75.991
0.01781884	75.991
0.01781884	75.991
0.01781903	72.805
0.01781903	72.805
0.01781903	72.805
0.0178192	73.737
0.0178192	73.737
0.0178192	73.737
0.01781941	4.57664334
0.01781941	4.57664334
0.01781941	4.57664334
0.0178196	4.59379992
0.0178196	4.59379992
0.0178196	4.59379992
0.01781984	40.79
0.01781984	40.79
0.01781984	40.79
0.01782011	70.629
0.01782011	70.629
0.01782011	70.629
0.01782083	74.204
0.01782083	74.204
0.01782083	74.204
0.01782172	45.38284119
0.01782172	45.38284119
0.01782172	45.38284119
0.01782267	72.028
0.01782267	72.028
0.01782267	72.028
0.01782357	73.66
0.01782357	73.66
0.01782357	73.66
0.01782445	72.416
0.01782445	72.416
0.01782445	72.416
0.01782545	110.332
0.01782545	110.332
0.01782545	110.332
0.01782642	71.795
0.01782642	71.795
0.01782642	71.795
0.01782738	40.79
0.01782738	40.79
0.01782738	40.79
0.01782841	72.883
0.01782841	72.883
0.01782841	72.883
0.01782945	27.80567613
0.01782945	27.80567613
0.01782945	27.80567613
0.01783034	40.79
0.01783034	40.79
0.01783034	40.79
0.01783144	27.80586169
0.01783144	27.80586169
0.01783144	27.80586169
0.01783237	75.136
0.01783237	75.136
0.01783237	75.136
0.01783331	71.562
0.01783331	71.562
0.01783331	71.562
0.01783431	27.77785493
0.01783431	27.77785493
0.01783431	27.77785493
0.01783535	73.193
0.01783535	73.193
0.01783535	73.193
0.01783625	76.457
0.01783625	76.457
0.01783625	76.457
0.01789002	0.05394559
0.01789002	0.05394559
0.01789002	0.05394559
0.01789004	9.362
0.01789004	9.362
0.01789004	9.362
0.01789004	0.05320393
0.01789004	0.05320393
0.01789004	0.05320393
0.01789005	0.54040491
0.01789005	0.54040491
0.01789005	0.54040491
0.01789	5.32680597
0.01789	5.32680597
0.01789	5.32680597
0.01789	5.32680597
0.01789	5.32680597
0.01789	5.32680597
0.01789	5.32680597
0.01789	5.32680597
0.01789	5.32680597
0.01789001	23.291
0.01789001	23.291
0.01789001	23.291
0.01789	5.32680597
0.01789	5.32680597
0.01789	5.32680597
0.01789	5.32680597
0.01789	5.32680597
0.01789	5.32680597
0.01789	0.32680597
0.01789	0.32680597
0.01789	0.32680597
0.01789	0.32680597
0.01789	0.32680597
0.01789	0.32680597
0.01789	0.32680597
0.01789	0.32680597
0.01789	0.32680597
0.01789002	45.319
0.01789002	45.319
0.01789002	45.319
0.01789025	77.389
0.01789025	77.389
0.01789025	77.389
0.01789103	77.622
0.01789103	77.622
0.01789103	77.622
0.01789198	74.67
0.01789198	74.67
0.01789198	74.67
0.01789291	69.153
0.01789291	69.153
0.01789291	69.153
0.01789399	75.913
0.01789399	75.913
0.01789399	75.913
0.01789487	48.771
0.01789487	48.771
0.01789487	48.771
0.0178958	1.67042466
0.0178958	1.67042466
0.0178958	1.67042466
0.01789537	31.021
0.01789537	31.021
0.01789537	31.021
0.01789001	0.487903
0.01789001	0.487903
0.01789001	0.487903
0.01789001	42.407
0.01789001	42.407
0.01789001	42.407
0.01789	9.96922525
0.01789	9.96922525
0.01789	9.96922525
0.01789	9.96922525
0.01789	9.96922525
0.01789	9.96922525
0.01789	9.96922525
0.01789	9.96922525
0.01789	9.96922525
0.01789	9.96922525
0.01789	9.96922525
0.01789	9.96922525
0.01781841	73.504
0.01781841	73.504
0.01781841	73.504
0.01781842	71.018
0.01781842	71.018
0.01781842	71.018
0.01781842	71.018
0.01781842	71.018
0.01781842	71.018
0.01781842	71.018
0.01781842	71.018
0.01781842	71.018
0.01781842	71.018
0.01781842	71.018
0.01781842	71.018
0.01781842	71.018
0.01781842	71.018
0.01781842	71.018
0.01781843	75.136
0.01781843	75.136
0.01781843	75.136
0.01781843	75.136
0.01781843	75.136
0.01781843	75.136
0.01781844	72.65
0.01781844	72.65
0.01781844	72.65
0.01781844	72.65
0.01781844	72.65
0.01781844	72.65
0.01781864	70.241
0.01781864	70.241
0.01781864	70.241
0.01781885	4.72346184
0.01781885	4.72346184
0.01781885	4.72346184
0.01781903	70.552
0.01781903	70.552
0.01781903	70.552
0.01781932	71.639
0.01781932	71.639
0.01781932	71.639
0.01781949	71.018
0.01781949	71.018
0.01781949	71.018
0.01781971	74.592
0.01781971	74.592
0.01781971	74.592
0.01781988	77.467
0.01781988	77.467
0.01781988	77.467
0.01782005	73.116
0.01782005	73.116
0.01782005	73.116
0.01782025	70.396
0.01782025	70.396
0.01782025	70.396
0.0178204	69.542
0.0178204	69.542
0.0178204	69.542
0.01782057	4.68527185
0.01782057	4.68527185
0.01782057	4.68527185
0.01781801	8.685945
0.01781801	8.685945
0.01781801	8.685945
0.01781801	8.685945
0.01781801	8.685945
0.01781801	8.685945
0.01781816	72.572
0.01781816	72.572
0.01781816	72.572
0.01781826	75.991
0.01781826	75.991
0.01781826	75.991
0.01781843	76.457
0.01781843	76.457
0.01781843	76.457
0.01781859	73.76065292
0.01781859	73.76065292
0.01781859	73.76065292
0.01781878	74.514
0.01781878	74.514
0.01781878	74.514
0.01781895	76.923
0.01781895	76.923
0.01781895	76.923
0.01781915	73.737
0.01781915	73.737
0.01781915	73.737
0.01781931	4.67140061
0.01781931	4.67140061
0.01781931	4.67140061
0.01781947	76.845
0.01781947	76.845
0.01781947	76.845
0.01781967	72.96
0.01781967	72.96
0.01781967	72.96
0.01781982	75.68
0.01781982	75.68
0.01781982	75.68
0.01782002	70.396
0.01782002	70.396
0.01782002	70.396
0.01782019	73.97
0.01782019	73.97
0.01782019	73.97
0.01782034	72.65
0.01782034	72.65
0.01782034	72.65
0.01782054	72.96
0.01782054	72.96
0.01782054	72.96
0.0178207	4.64334094
0.0178207	4.64334094
0.0178207	4.64334094
0.01782082	69.93
0.01782082	69.93
0.01782082	69.93
0.01782102	69.153
0.01782102	69.153
0.01782102	69.153
0.01782122	71.329
0.01782122	71.329
0.01782122	71.329
0.01782137	75.758
0.01782137	75.758
0.01782137	75.758
0.01782154	75.214
0.01782154	75.214
0.01782154	75.214
0.01782172	77.312
0.01782172	77.312
0.01782172	77.312
0.01782188	4.63901004
0.01782188	4.63901004
0.01782188	4.63901004
0.01782207	70.552
0.01782207	70.552
0.01782207	70.552
0.01782224	72.883
0.01782224	72.883
0.01782224	72.883
0.01782241	77.312
0.01782241	77.312
0.01782241	77.312
0.0178226	4.63882264
0.0178226	4.63882264
0.0178226	4.63882264
0.01782275	4.6387836
0.01782275	4.6387836
0.01782275	4.6387836
0.0178229	72.028
0.0178229	72.028
0.0178229	72.028
0.01782306	4.61106208
0.01782306	4.61106208
0.01782306	4.61106208
0.01782325	72.572
0.01782325	72.572
0.01782325	72.572
0.0178234	70.629
0.0178234	70.629
0.0178234	70.629
0.01782354	72.65
0.01782354	72.65
0.01782354	72.65
0.01782364	4.60386799
0.01782364	4.60386799
0.01782364	4.60386799
0.01782097	4.60376801
0.01782097	4.60376801
0.01782097	4.60376801
0.0178212	10.269
0.0178212	10.269
0.0178212	10.269
0.01782082	4.60380676
0.01782082	4.60380676
0.01782082	4.60380676
0.01782082	4.60380676
0.01782082	4.60380676
0.01782082	4.60380676
0.01782082	4.60380676
0.01782082	4.60380676
0.01782082	4.60380676
0.01783082	1.85232754
0.01783082	1.85232754
0.01783082	1.85232754
0.01783082	1.85232754
0.01783082	1.85232754
0.01783082	1.85232754
0.01783082	1.85232754
0.01783082	1.85232754
0.01783082	1.85232754
0.01783082	1.85232754
0.01783082	1.85232754
0.01783082	1.85232754
0.01783082	1.85232754
0.01783082	1.85232754
0.01783082	1.85232754
0.01765178	40.79
0.01765178	40.79
0.01765178	40.79
0.01765237	76.06786715
0.01765237	76.06786715
0.01765237	76.06786715
0.01765272	28.33407869
0.01765272	28.33407869
0.01765272	28.33407869
0.01766009	77.312
0.01766009	77.312
0.01766009	77.312
0.01768009	70.163
0.01768009	70.163
0.01768009	70.163
0.0176901	75.835
0.0176901	75.835
0.0176901	75.835
0.01771008	74.592
0.01771008	74.592
0.01771008	74.592
0.01773006	4.64381222
0.01773006	4.64381222
0.01773006	4.64381222
0.01774066	4.64103755
0.01774066	4.64103755
0.01774066	4.64103755
0.01774086	40.79
0.01774086	40.79
0.01774086	40.79
0.0177501	71.872
0.0177501	71.872
0.0177501	71.872
0.0177603	73.815
0.0177603	73.815
0.0177603	73.815
0.01776046	77.13125516
0.01776046	77.13125516
0.01776046	77.13125516
0.0177666	3.0
0.0177666	3.0
0.0177666	3.0
0.0177666	3.0
0.0177666	3.0
0.0177666	3.0
0.01776666	2.45010103
0.01776666	2.45010103
0.01776666	2.45010103
0.01776666	4.23377374
0.01776666	4.23377374
0.01776666	4.23377374
0.01776666	4.16839819
0.01776666	4.16839819
0.01776666	4.16839819
0.01776667	10.823
0.01776667	10.823
0.01776667	10.823
0.01776667	9.545
0.01776667	9.545
0.01776667	9.545
0.01776669	40.86008434
0.01776669	40.86008434
0.01776669	40.86008434
0.01777668	6.465
0.01777668	6.465
0.01777668	6.465
0.01777668	6.465
0.01777668	6.465
0.01777668	6.465
0.01776666	1.78367271
0.01776666	1.78367271
0.01776666	1.78367271
0.01776666	1.78367271
0.01776666	1.78367271
0.01776666	1.78367271
0.01776667	70.163
0.01776667	70.163
0.01776667	70.163
0.0177667	15.157
0.0177667	15.157
0.0177667	15.157
0.01776671	69.542
0.01776671	69.542
0.01776671	69.542
0.01776671	69.542
0.01776671	69.542
0.01776671	69.542
0.01776672	71.173
0.01776672	71.173
0.01776672	71.173
0.01776666	1.78367271
0.01776666	1.78367271
0.01776666	1.78367271
0.01776666	1.78367271
0.01776666	1.78367271
0.01776666	1.78367271
0.01776667	60.259
0.01776667	60.259
0.01776667	60.259
0.01776671	26.65
0.01776671	26.65
0.01776671	26.65
0.01776666	1.78367271
0.01776666	1.78367271
0.01776666	1.78367271
0.01776666	1.78367271
0.01776666	1.78367271
0.01776666	1.78367271
0.01776668	7.287
0.01776668	7.287
0.01776668	7.287
0.01777667	9.427
0.01777667	9.427
0.01777667	9.427
0.01777669	6.344
0.01777669	6.344
0.01777669	6.344
0.01777669	6.344
0.01777669	6.344
0.01777669	6.344
0.01777666	1.77725306
0.01777666	1.77725306
0.01777666	1.77725306
0.01776666	1.78367271
0.01776666	1.78367271
0.01776666	1.78367271
0.01776666	1.78367271
0.01776666	1.78367271
0.01776666	1.78367271
0.01776667	59.291
0.01776667	59.291
0.01776667	59.291
0.01776667	59.291
0.01776667	59.291
0.01776667	59.291
0.01776667	59.291
0.01776667	59.291
0.01776667	59.291
0.01776667	59.291
0.01776667	59.291
0.01776667	59.291
0.01776667	49.312
0.01776667	49.312
0.01776667	49.312
0.0179466	29.7199454
0.0179466	29.7199454
0.0179466	29.7199454
0.01777674	71.251
0.01777674	71.251
0.01777674	71.251
0.01777674	71.251
0.01777674	71.251
0.01777674	71.251
0.01777675	75.602
0.01777675	75.602
0.01777675	75.602
0.01777675	75.602
0.01777675	75.602
0.01777675	75.602
0.01777675	75.602
0.01777675	75.602
0.01777675	75.602
0.01777675	75.602
0.01777675	75.602
0.01777675	75.602
0.01777675	75.602
0.01777675	75.602
0.01777675	75.602
0.01777675	75.602
0.01777675	75.602
0.01777675	75.602
0.01777675	75.602
0.01777675	75.602
0.01777675	75.602
0.01777675	75.602
0.01777675	75.602
0.01777675	75.602
0.01777677	75.991
0.01777677	75.991
0.01777677	75.991
0.01777007	76.146
0.01777007	76.146
0.01777007	76.146
0.01777007	76.146
0.01777007	76.146
0.01777007	76.146
0.01777007	76.03788906
0.01777007	76.03788906
0.01777007	76.03788906
0.01778009	71.795
0.01778009	71.795
0.01778009	71.795
0.01778009	71.795
0.01778009	71.795
0.01778009	71.795
0.01778009	71.795
0.01778009	71.795
0.01778009	71.795
0.01778009	71.795
0.01778009	71.795
0.01778009	71.795
0.01778009	71.795
0.01778009	71.795
0.01778009	71.795
0.01778009	71.795
0.01778009	71.795
0.01778009	71.795
0.01778009	71.795
0.01778009	71.795
0.01778009	71.795
0.01778009	71.795
0.01778009	71.795
0.01778009	71.795
0.01779011	11.744
0.01779011	11.744
0.01779011	11.744
0.01779012	11.064
0.01779012	11.064
0.01779012	11.064
0.0177901	10.021
0.0177901	10.021
0.0177901	10.021
0.01779009	1.77591063
0.01779009	1.77591063
0.01779009	1.77591063
0.01778009	71.329
0.01778009	71.329
0.01778009	71.329
0.01778009	71.329
0.01778009	71.329
0.01778009	71.329
0.01778009	71.329
0.01778009	71.329
0.01778009	71.329
0.01778009	71.329
0.01778009	71.329
0.01778009	71.329
0.01778009	71.329
0.01778009	71.329
0.01778009	71.329
0.01778009	71.329
0.01778009	71.329
0.01778009	71.329
0.01778009	71.329
0.01778009	71.329
0.01778009	71.329
0.01778009	71.329
0.01778009	71.329
0.01778009	71.329
0.01778009	1.329
0.01778009	1.329
0.01778009	1.329
0.01778009	1.629
0.01778009	1.629
0.01778009	1.629
0.01778009	1.629
0.01778009	1.629
0.01778009	1.629
0.01778009	1.629
0.01778009	1.629
0.01778009	1.629
0.0177801	0.02823296
0.0177801	0.02823296
0.0177801	0.02823296
0.0177801	77.312
0.0177801	77.312
0.0177801	77.312
0.01778011	0.02885068
0.01778011	0.02885068
0.01778011	0.02885068
0.01778089	77.234
0.01778089	77.234
0.01778089	77.234
0.0177816	74.281
0.0177816	74.281
0.0177816	74.281
0.01778246	71.173
0.01778246	71.173
0.01778246	71.173
0.01778342	71.562
0.01778342	71.562
0.01778342	71.562
0.01778413	72.65
0.01778413	72.65
0.01778413	72.65
0.017785	77.312
0.017785	77.312
0.017785	77.312
0.01779573	72.106
0.01779573	72.106
0.01779573	72.106
0.01779653	69.775
0.01779653	69.775
0.01779653	69.775
0.01779752	72.572
0.01779752	72.572
0.01779752	72.572
0.0178083	73.582
0.0178083	73.582
0.0178083	73.582
0.01780917	27.85496698
0.01780917	27.85496698
0.01780917	27.85496698
0.01780997	27.86286788
0.01780997	27.86286788
0.01780997	27.86286788
0.01781069	76.534
0.01781069	76.534
0.01781069	76.534
0.01781148	74.437
0.01781148	74.437
0.01781148	74.437
0.01781233	27.8086763
0.01781233	27.8086763
0.01781233	27.8086763
0.01781304	27.83648182
0.01781304	27.83648182
0.01781304	27.83648182
0.01782378	77.389
0.01782378	77.389
0.01782378	77.389
0.01782401	72.106
0.01782401	72.106
0.01782401	72.106
0.01782401	72.106
0.01782401	72.106
0.01782401	72.106
0.01782408	0.37935009
0.01782408	0.37935009
0.01782408	0.37935009
0.01782401	72.106
0.01782401	72.106
0.01782401	72.106
0.01782401	72.106
0.01782401	72.106
0.01782401	72.106
0.01782401	72.106
0.01782401	72.106
0.01782401	72.106
0.01782401	72.106
0.01782401	72.106
0.01782401	72.106
0.01782401	71.506
0.01782401	71.506
0.01782401	71.506
0.01782401	71.506
0.01782401	71.506
0.01782401	71.506
0.01782401	71.506
0.01782401	71.506
0.01782401	71.506
0.01782401	71.506
0.01782401	71.506
0.01782401	71.506
0.01782425	75.06443421
0.01782425	75.06443421
0.01782425	75.06443421
0.0179	28.91555467
0.0179	28.91555467
0.0179	28.91555467
0.0179	28.91555467
0.0179	28.91555467
0.0179	28.91555467
0.0179	28.91555467
0.0179	28.91555467
0.0179	28.91555467
0.01790002	12.221
0.01790002	12.221
0.01790002	12.221
0.01783451	73.349
0.01783451	73.349
0.01783451	73.349
0.01783451	73.349
0.01783451	73.349
0.01783451	73.349
0.01793812	28.85410878
0.01793812	28.85410878
0.01793812	28.85410878
0.01783467	69.93
0.01783467	69.93
0.01783467	69.93
0.01789	5.57578636
0.01789	5.57578636
0.01789	5.57578636
0.01789	5.57578636
0.01789	5.57578636
0.01789	5.57578636
0.01789	5.57578636
0.01789	5.57578636
0.01789	5.57578636
0.01789	5.57578636
0.01789	5.57578636
0.01789	5.57578636
0.01789	5.57578636
0.01789	5.57578636
0.01789	5.57578636
0.01789001	0.48837926
0.01789001	0.48837926
0.01789001	0.48837926
0.01789001	0.48837926
0.01789001	0.48837926
0.01789001	0.48837926
0.01783541	20.628
0.01783541	20.628
0.01783541	20.628
0.01783554	20.271
0.01783554	20.271
0.01783554	20.271
0.01783566	19.701
0.01783566	19.701
0.01783566	19.701
0.01783565	0.48836967
0.01783565	0.48836967
0.01783565	0.48836967
0.01777041	69.697
0.01777041	69.697
0.01777041	69.697
0.01777081	75.136
0.01777081	75.136
0.01777081	75.136
0.01777122	448.69
0.01777122	448.69
0.01777122	448.69
0.01777189	71.639
0.01777189	71.639
0.01777189	71.639
0.01777214	75.602
0.01777214	75.602
0.01777214	75.602
0.01777259	72.805
0.01777259	72.805
0.01777259	72.805
0.01777287	81.38136075
0.01777287	81.38136075
0.01777287	81.38136075
0.01777327	524.836
0.01777327	524.836
0.01777327	524.836
0.01777357	75.291
0.01777357	75.291
0.01777357	75.291
0.01777391	71.562
0.01777391	71.562
0.01777391	71.562
0.01777426	75.369
0.01777426	75.369
0.01777426	75.369
0.01777442	0.48825782
0.01777442	0.48825782
0.01777442	0.48825782
0.01777489	523.07503252
0.01777489	523.07503252
0.01777489	523.07503252
0.01777577	27.87134808
0.01777577	27.87134808
0.01777577	27.87134808
0.01777627	73.426
0.01777627	73.426
0.01777627	73.426
0.01777661	448.69
0.01777661	448.69
0.01777661	448.69
0.01777697	448.69
0.01777697	448.69
0.01777697	448.69
0.0177776	70.241
0.0177776	70.241
0.0177776	70.241
0.01777797	70.707
0.01777797	70.707
0.01777797	70.707
0.01777819	76.379
0.01777819	76.379
0.01777819	76.379
0.0177782	0.48815399
0.0177782	0.48815399
0.0177782	0.48815399
0.01777833	448.69
0.01777833	448.69
0.01777833	448.69
0.01777864	81.03653773
0.01777864	81.03653773
0.01777864	81.03653773
0.01777921	448.69
0.01777921	448.69
0.01777921	448.69
0.01777951	74.048
0.01777951	74.048
0.01777951	74.048
0.01777986	69.775
0.01777986	69.775
0.01777986	69.775
0.01780005	72.883
0.01780005	72.883
0.01780005	72.883
0.01785979	3.60020524
0.01785979	3.60020524
0.01785979	3.60020524
0.0178006	72.523
0.0178006	72.523
0.0178006	72.523
0.01780097	478.762
0.01780097	478.762
0.01780097	478.762
0.0178013	448.69
0.0178013	448.69
0.0178013	448.69
0.01780165	453.93395127
0.01780165	453.93395127
0.01780165	453.93395127
0.01780203	72.106
0.01780203	72.106
0.01780203	72.106
0.01780235	46.03374508
0.01780235	46.03374508
0.01780235	46.03374508
0.01780268	448.69
0.01780268	448.69
0.01780268	448.69
0.01780302	70.241
0.01780302	70.241
0.01780302	70.241
0.01780335	113.595
0.01780335	113.595
0.01780335	113.595
0.01780364	75.63936513
0.01780364	75.63936513
0.01780364	75.63936513
0.01780401	77.156
0.01780401	77.156
0.01780401	77.156
0.01780437	448.69
0.01780437	448.69
0.01780437	448.69
0.0178047	74.437
0.0178047	74.437
0.0178047	74.437
0.01780501	448.69
0.01780501	448.69
0.01780501	448.69
0.01780535	448.69
0.01780535	448.69
0.01780535	448.69
0.01780559	58.936
0.01780559	58.936
0.01780559	58.936
0.01780576	76.845
0.01780576	76.845
0.01780576	76.845
0.01780596	69.231
0.01780596	69.231
0.01780596	69.231
0.01780614	5.32352731
0.01780614	5.32352731
0.01780614	5.32352731
0.01780645	77.312
0.01780645	77.312
0.01780645	77.312
0.01780683	122.978
0.01780683	122.978
0.01780683	122.978
0.01780767	76.534
0.01780767	76.534
0.01780767	76.534
0.01780864	179.36477999
0.01780864	179.36477999
0.01780864	179.36477999
0.01780961	27.85510664
0.01780961	27.85510664
0.01780961	27.85510664
0.01781056	24.34034752
0.01781056	24.34034752
0.01781056	24.34034752
0.01781128	27.77793209
0.01781128	27.77793209
0.01781128	27.77793209
0.01781212	234.832
0.01781212	234.832
0.01781212	234.832
0.01781314	195.719
0.01781314	195.719
0.01781314	195.719
0.01781396	114.838
0.01781396	114.838
0.01781396	114.838
0.01781427	73.893
0.01781427	73.893
0.01781427	73.893
0.01781454	72.65
0.01781454	72.65
0.01781454	72.65
0.01781484	121.632
0.01781484	121.632
0.01781484	121.632
0.01781516	76.69
0.01781516	76.69
0.01781516	76.69
0.01781543	58.372
0.01781543	58.372
0.01781543	58.372
0.01781565	61.433
0.01781565	61.433
0.01781565	61.433
0.01781582	55.849
0.01781582	55.849
0.01781582	55.849
0.01781592	5.3294796
0.01781592	5.3294796
0.01781592	5.3294796
0.01781592	5.3294796
0.01781592	5.3294796
0.01781592	5.3294796
0.01781593	0.49069283
0.01781593	0.49069283
0.01781593	0.49069283
0.01781593	0.49069283
0.01781593	0.49069283
0.01781593	0.49069283
0.01777881	69.231
0.01777881	69.231
0.01777881	69.231
0.01777909	71.867
0.01777909	71.867
0.01777909	71.867
0.01777938	448.69
0.01777938	448.69
0.01777938	448.69
0.01777963	448.69
0.01777963	448.69
0.01777963	448.69
0.01777991	74.514
0.01777991	74.514
0.01777991	74.514
0.01778023	70.785
0.01778023	70.785
0.01778023	70.785
0.01778053	448.69
0.01778053	448.69
0.01778053	448.69
0.01778084	448.69
0.01778084	448.69
0.01778084	448.69
0.01778114	13.35
0.01778114	13.35
0.01778114	13.35
0.01778144	14.985
0.01778144	14.985
0.01778144	14.985
0.01778167	14.745
0.01778167	14.745
0.01778167	14.745
0.01778194	40.79
0.01778194	40.79
0.01778194	40.79
0.0177819	5.32799143
0.0177819	5.32799143
0.0177819	5.32799143
0.01778179	413.22802439
0.01778179	413.22802439
0.01778179	413.22802439
0.01778191	0.49060642
0.01778191	0.49060642
0.01778191	0.49060642
0.01778191	0.49060642
0.01778191	0.49060642
0.01778191	0.49060642
0.01778197	5.32356886
0.01778197	5.32356886
0.01778197	5.32356886
0.0177819	40.79
0.0177819	40.79
0.0177819	40.79
0.01778205	5.32354491
0.01778205	5.32354491
0.01778205	5.32354491
0.01778191	0.49060393
0.01778191	0.49060393
0.01778191	0.49060393
0.01777821	0.49060393
0.01777821	0.49060393
0.01777821	0.49060393
0.01777821	0.49060393
0.01777821	0.49060393
0.01777821	0.49060393
0.01764225	521.495
0.01764225	521.495
0.01764225	521.495
0.01764349	78.38946801
0.01764349	78.38946801
0.01764349	78.38946801
0.01764473	199.295
0.01764473	199.295
0.01764473	199.295
0.01764559	28.06544862
0.01764559	28.06544862
0.01764559	28.06544862
0.01764642	239.49
0.01764642	239.49
0.01764642	239.49
0.01764732	28.06544862
0.01764732	28.06544862
0.01764732	28.06544862
0.01764818	28.08988764
0.01764818	28.08988764
0.01764818	28.08988764
0.01764906	28.08988764
0.01764906	28.08988764
0.01764906	28.08988764
0.01764987	28.09066092
0.01764987	28.09066092
0.01764987	28.09066092
0.01765051	69.386
0.01765051	69.386
0.01765051	69.386
0.0176511	0.60367362
0.0176511	0.60367362
0.0176511	0.60367362
0.0176516	5.53842669
0.0176516	5.53842669
0.0176516	5.53842669
0.01765234	28.12406311
0.01765234	28.12406311
0.01765234	28.12406311
0.01765307	448.69
0.01765307	448.69
0.01765307	448.69
0.01765399	118.315
0.01765399	118.315
0.01765399	118.315
0.01765459	69.775
0.01765459	69.775
0.01765459	69.775
0.01765507	448.69
0.01765507	448.69
0.01765507	448.69
0.01765538	191.86595115
0.01765538	191.86595115
0.01765538	191.86595115
0.01765565	5.53386652
0.01765565	5.53386652
0.01765565	5.53386652
0.01765613	520.329
0.01765613	520.329
0.01765613	520.329
0.01765646	117.343
0.01765646	117.343
0.01765646	117.343
0.01765699	115.215
0.01765699	115.215
0.01765699	115.215
0.01767033	117.503
0.01767033	117.503
0.01767033	117.503
0.01767114	118.412
0.01767114	118.412
0.01767114	118.412
0.01767155	112.842
0.01767155	112.842
0.01767155	112.842
0.01767185	114.452
0.01767185	114.452
0.01767185	114.452
0.01767251	74.126
0.01767251	74.126
0.01767251	74.126
0.01767317	119.588
0.01767317	119.588
0.01767317	119.588
0.0176735	75.291
0.0176735	75.291
0.0176735	75.291
0.01767433	1.58865719
0.01767433	1.58865719
0.01767433	1.58865719
0.0176751	571.22206126
0.0176751	571.22206126
0.0176751	571.22206126
0.01768567	12.9278064
0.01768567	12.9278064
0.01768567	12.9278064
0.01768652	71.329
0.01768652	71.329
0.01768652	71.329
0.01768741	454.21188194
0.01768741	454.21188194
0.01768741	454.21188194
0.01768803	407.9
0.01768803	407.9
0.01768803	407.9
0.01768856	74.592
0.01768856	74.592
0.01768856	74.592
0.01768942	69.775
0.01768942	69.775
0.01768942	69.775
0.01769037	69.852
0.01769037	69.852
0.01769037	69.852
0.01770124	448.69
0.01770124	448.69
0.01770124	448.69
0.01770159	448.69
0.01770159	448.69
0.01770159	448.69
0.01770191	75.524
0.01770191	75.524
0.01770191	75.524
0.01770225	70.94
0.01770225	70.94
0.01770225	70.94
0.01770258	46.22004787
0.01770258	46.22004787
0.01770258	46.22004787
0.01770291	68.998
0.01770291	68.998
0.01770291	68.998
0.01770324	74.204
0.01770324	74.204
0.01770324	74.204
0.01770356	73.582
0.01770356	73.582
0.01770356	73.582
0.01770392	68.558
0.01770392	68.558
0.01770392	68.558
0.01770424	448.69
0.01770424	448.69
0.01770424	448.69
0.01770451	66.972
0.01770451	66.972
0.01770451	66.972
0.01770483	63.915
0.01770483	63.915
0.01770483	63.915
0.01770512	53.799
0.01770512	53.799
0.01770512	53.799
0.01770545	5.42916767
0.01770545	5.42916767
0.01770545	5.42916767
0.01770576	448.69
0.01770576	448.69
0.01770576	448.69
0.01770606	60.18
0.01770606	60.18
0.01770606	60.18
0.01771635	54.052
0.01771635	54.052
0.01771635	54.052
0.01771655	55.697
0.01771655	55.697
0.01771655	55.697
0.01771686	14.924
0.01771686	14.924
0.01771686	14.924
0.01771715	40.79
0.01771715	40.79
0.01771715	40.79
0.01771747	8.912
0.01771747	8.912
0.01771747	8.912
0.01771779	5.4211189
0.01771779	5.4211189
0.01771779	5.4211189
0.01771797	69.93
0.01771797	69.93
0.01771797	69.93
0.01771814	69.775
0.01771814	69.775
0.01771814	69.775
0.01771831	74.747
0.01771831	74.747
0.01771831	74.747
0.01772856	38.52013954
0.01772856	38.52013954
0.01772856	38.52013954
0.01772886	71.759
0.01772886	71.759
0.01772886	71.759
0.01772913	6.385
0.01772913	6.385
0.01772913	6.385
0.01772824	5.4435234
0.01772824	5.4435234
0.01772824	5.4435234
0.01772831	5.44354392
0.01772831	5.44354392
0.01772831	5.44354392
0.01772836	43.87049499
0.01772836	43.87049499
0.01772836	43.87049499
0.0177285	38.4051177
0.0177285	38.4051177
0.0177285	38.4051177
0.01772868	38.40468444
0.01772868	38.40468444
0.01772868	38.40468444
0.01772884	38.40429452
0.01772884	38.40429452
0.01772884	38.40429452
0.01772813	10.01383479
0.01772813	10.01383479
0.01772813	10.01383479
0.01771814	9.52859029
0.01771814	9.52859029
0.01771814	9.52859029
0.01772829	7.33608185
0.01772829	7.33608185
0.01772829	7.33608185
0.01771813	5.44660976
0.01771813	5.44660976
0.01771813	5.44660976
0.01772816	1.41511694
0.01772816	1.41511694
0.01772816	1.41511694
0.01771813	5.44697022
0.01771813	5.44697022
0.01771813	5.44697022
0.01772813	5.60289748
0.01772813	5.60289748
0.01772813	5.60289748
0.01771813	5.44697022
0.01771813	5.44697022
0.01771813	5.44697022
0.01771813	5.44697022
0.01771813	5.44697022
0.01771813	5.44697022
0.01771813	5.44697022
0.01771813	5.44697022
0.01771813	5.44697022
0.01772813	5.60289748
0.01772813	5.60289748
0.01772813	5.60289748
0.01772813	5.60289748
0.01772813	5.60289748
0.01772813	5.60289748
0.01771813	5.44697022
0.01771813	5.44697022
0.01771813	5.44697022
0.01771813	5.44697022
0.01771813	5.44697022
0.01771813	5.44697022
0.01771812	3.33930865
0.01771812	3.33930865
0.01771812	3.33930865
0.01771812	3.33930865
0.01771812	3.33930865
0.01771812	3.33930865
0.01771812	3.33930865
0.01771812	3.33930865
0.01771812	3.33930865
0.01771812	3.33930865
0.01771812	3.33930865
0.01771812	3.33930865
0.017686	0.12721927
0.017686	0.12721927
0.017686	0.12721927
0.017686	0.12721927
0.017686	0.12721927
0.017686	0.12721927
0.017686	0.12721927
0.017686	0.12721927
0.017686	0.12721927
0.017686	0.12721927
0.017686	0.12721927
0.017686	0.12721927
0.017686	0.12721927
0.017686	0.12721927
0.017686	0.12721927
0.017686	0.12721927
0.017686	0.12721927
0.017686	0.12721927
0.017686	1e-08
0.017686	1e-08
0.017686	1e-08
0.017686	1e-08
0.017686	1e-08
0.017686	1e-08
0.017686	1e-08
0.017686	1e-08
0.017686	1e-08
0.017686	1e-08
0.017686	1e-08
0.017686	1e-08
0.017686	1e-08
0.017686	1e-08
0.017686	1e-08
0.017686	1e-08
0.017686	1e-08
0.017686	1e-08
0.017686	1e-08
0.017686	1e-08
0.017686	1e-08
0.017686	1e-08
0.017686	1e-08
0.017686	1e-08
0.017686	1e-08
0.017686	1e-08
0.017686	1e-08
0.017686	1e-08
0.017686	1e-08
0.017686	1e-08
0.01761829	1e-08
0.01761829	1e-08
0.01761829	1e-08
0.01761829	1e-08
0.01761829	1e-08
0.01761829	1e-08
0.0176183	0.03164785
0.0176183	0.03164785
0.0176183	0.03164785
0.0176183	0.03164785
0.0176183	0.03164785
0.0176183	0.03164785
0.01761831	0.03219371
0.01761831	0.03219371
0.01761831	0.03219371
0.01761831	0.03219371
0.01761831	0.03219371
0.01761831	0.03219371
0.01761832	0.03232468
0.01761832	0.03232468
0.01761832	0.03232468
0.01761832	0.03232468
0.01761832	0.03232468
0.01761832	0.03232468
0.01761833	0.03337498
0.01761833	0.03337498
0.01761833	0.03337498
0.01761829	1e-08
0.01761829	1e-08
0.01761829	1e-08
0.01761829	1e-08
0.01761829	1e-08
0.01761829	1e-08
0.01761829	1e-08
0.01761829	1e-08
0.01761829	1e-08
0.01761829	1e-08
0.01761829	1e-08
0.01761829	1e-08
0.01761829	1.02844465
0.01761829	1.02844465
0.01761829	1.02844465
0.01761829	1.02844465
0.01761829	1.02844465
0.01761829	1.02844465
0.01761829	1.02844465
0.01761829	1.02844465
0.01761829	1.02844465
0.01761829	1.02844465
0.01761829	1.02844465
0.01761829	1.02844465
0.0176	0.08025568
0.0176	0.08025568
0.0176	0.08025568
0.0176183	0.03262642
0.0176183	0.03262642
0.0176183	0.03262642
0.01761832	0.31880723
0.01761832	0.31880723
0.01761832	0.31880723
0.01761833	0.36110957
0.01761833	0.36110957
0.01761833	0.36110957
0.01761831	0.03285313
0.01761831	0.03285313
0.01761831	0.03285313
0.01761834	0.03365616
0.01761834	0.03365616
0.01761834	0.03365616
0.01761834	0.03365616
0.01761834	0.03365616
0.01761834	0.03365616
0.01761835	0.03355516
0.01761835	0.03355516
0.01761835	0.03355516
0.01761835	0.03355516
0.01761835	0.03355516
0.01761835	0.03355516
0.01761836	0.03376253
0.01761836	0.03376253
0.01761836	0.03376253
0.01761836	0.03376253
0.01761836	0.03376253
0.01761836	0.03376253
0.01761837	0.03585722
0.01761837	0.03585722
0.01761837	0.03585722
0.0175497	76.457
0.0175497	76.457
0.0175497	76.457
0.01755007	70.552
0.01755007	70.552
0.01755007	70.552
0.01755053	74.67
0.01755053	74.67
0.01755053	74.67
0.01755119	76.068
0.01755119	76.068
0.01755119	76.068
0.01755154	161.85896442
0.01755154	161.85896442
0.01755154	161.85896442
0.01755191	520.407
0.01755191	520.407
0.01755191	520.407
0.01755228	70.008
0.01755228	70.008
0.01755228	70.008
0.01755267	110.332
0.01755267	110.332
0.01755267	110.332
0.01755327	72.028
0.01755327	72.028
0.01755327	72.028
0.01755366	70.552
0.01755366	70.552
0.01755366	70.552
0.01755402	74.514
0.01755402	74.514
0.01755402	74.514
0.01755444	76.612
0.01755444	76.612
0.01755444	76.612
0.0175648	448.69
0.0175648	448.69
0.0175648	448.69
0.01756516	74.825
0.01756516	74.825
0.01756516	74.825
0.01756552	120.663
0.01756552	120.663
0.01756552	120.663
0.01756586	70.862
0.01756586	70.862
0.01756586	70.862
0.01756618	448.69
0.01756618	448.69
0.01756618	448.69
0.01756658	448.69
0.01756658	448.69
0.01756658	448.69
0.01776346	0.32122363
0.01776346	0.32122363
0.01776346	0.32122363
0.0177637	0.32122306
0.0177637	0.32122306
0.0177637	0.32122306
0.01763027	29.497
0.01763027	29.497
0.01763027	29.497
0.01763046	72.883
0.01763046	72.883
0.01763046	72.883
0.01763066	75.991
0.01763066	75.991
0.01763066	75.991
0.01763035	64.595
0.01763035	64.595
0.01763035	64.595
0.01763026	59.429
0.01763026	59.429
0.01763026	59.429
0.0175115	120.47841078
0.0175115	120.47841078
0.0175115	120.47841078
0.01751239	71.95
0.01751239	71.95
0.01751239	71.95
0.01751332	72.805
0.01751332	72.805
0.01751332	72.805
0.01751476	28.23268475
0.01751476	28.23268475
0.01751476	28.23268475
0.01759001	75.291
0.01759001	75.291
0.01759001	75.291
0.01760012	43.988
0.01760012	43.988
0.01760012	43.988
0.01760004	21.907
0.01760004	21.907
0.01760004	21.907
0.01760001	4.95295884
0.01760001	4.95295884
0.01760001	4.95295884
0.01760001	4.95295884
0.01760001	4.95295884
0.01760001	4.95295884
0.01760001	4.95295884
0.01760001	4.95295884
0.01760001	4.95295884
0.01760003	41.26
0.01760003	41.26
0.01760003	41.26
0.01760002	33.4
0.01760002	33.4
0.01760002	33.4
0.01760004	28.297
0.01760004	28.297
0.01760004	28.297
0.01760002	25.78
0.01760002	25.78
0.01760002	25.78
0.01760002	22.325
0.01760002	22.325
0.01760002	22.325
0.01760018	72.261
0.01760018	72.261
0.01760018	72.261
0.01760045	75.602
0.01760045	75.602
0.01760045	75.602
0.0176008	77.545
0.0176008	77.545
0.0176008	77.545
0.0176011	178.015
0.0176011	178.015
0.0176011	178.015
0.01760001	4.95295884
0.01760001	4.95295884
0.01760001	4.95295884
0.01760003	23.744
0.01760003	23.744
0.01760003	23.744
0.01759002	14.985
0.01759002	14.985
0.01759002	14.985
0.01760011	48.62084198
0.01760011	48.62084198
0.01760011	48.62084198
0.01760011	48.62084198
0.01760011	48.62084198
0.01760011	48.62084198
0.01760011	48.62084198
0.01760011	48.62084198
0.01760011	48.62084198
0.01760011	48.62084198
0.01760011	48.62084198
0.01760011	48.62084198
0.01760011	48.62084198
0.01760011	48.62084198
0.01760011	48.62084198
0.01760024	71.562
0.01760024	71.562
0.01760024	71.562
0.01760051	33.00985534
0.01760051	33.00985534
0.01760051	33.00985534
0.01760079	72.805
0.01760079	72.805
0.01760079	72.805
0.01760106	8.29804713
0.01760106	8.29804713
0.01760106	8.29804713
0.01760132	76.379
0.01760132	76.379
0.01760132	76.379
0.01760011	9.673
0.01760011	9.673
0.01760011	9.673
0.01760083	76.146
0.01760083	76.146
0.01760083	76.146
0.01760168	0.36343471
0.01760168	0.36343471
0.01760168	0.36343471
0.01760199	74.359
0.01760199	74.359
0.01760199	74.359
0.01760276	624.079
0.01760276	624.079
0.01760276	624.079
0.01761025	448.69
0.01761025	448.69
0.01761025	448.69
0.01762124	73.815
0.01762124	73.815
0.01762124	73.815
0.01762213	75.524
0.01762213	75.524
0.01762213	75.524
0.01764064	75.214
0.01764064	75.214
0.01764064	75.214
0.01765024	9.17968436
0.01765024	9.17968436
0.01765024	9.17968436
0.01766085	77.156
0.01766085	77.156
0.01766085	77.156
0.01766135	448.69
0.01766135	448.69
0.01766135	448.69
0.01766167	69.386
0.01766167	69.386
0.01766167	69.386
0.01766197	73.504
0.01766197	73.504
0.01766197	73.504
0.01766224	477.597
0.01766224	477.597
0.01766224	477.597
0.0176625	454.77769311
0.0176625	454.77769311
0.0176625	454.77769311
0.0176626	40.79
0.0176626	40.79
0.0176626	40.79
0.01766258	40.79
0.01766258	40.79
0.01766258	40.79
0.01766254	407.9
0.01766254	407.9
0.01766254	407.9
0.01766267	6.07889133
0.01766267	6.07889133
0.01766267	6.07889133
0.01766257	46.86892575
0.01766257	46.86892575
0.01766257	46.86892575
0.01766271	6.07887756
0.01766271	6.07887756
0.01766271	6.07887756
0.01766288	69.075
0.01766288	69.075
0.01766288	69.075
0.01766317	69.619
0.01766317	69.619
0.01766317	69.619
0.01766348	50.223
0.01766348	50.223
0.01766348	50.223
0.01761005	76.379
0.01761005	76.379
0.01761005	76.379
0.01761043	71.329
0.01761043	71.329
0.01761043	71.329
0.01761078	75.758
0.01761078	75.758
0.01761078	75.758
0.01761114	558.151
0.01761114	558.151
0.01761114	558.151
0.01761149	75.68
0.01761149	75.68
0.01761149	75.68
0.01761188	407.9
0.01761188	407.9
0.01761188	407.9
0.017801	0.03
0.017801	0.03
0.017801	0.03
0.017801	0.03
0.017801	0.03
0.017801	0.03
0.01780102	0.32100242
0.01780102	0.32100242
0.01780102	0.32100242
0.01780102	0.32102034
0.01780102	0.32102034
0.01780102	0.32102034
0.017801	0.03
0.017801	0.03
0.017801	0.03
0.017801	0.03
0.017801	0.03
0.017801	0.03
0.017801	0.03
0.017801	0.03
0.017801	0.03
0.017801	0.03
0.017801	0.03
0.017801	0.03
0.017801	0.03
0.017801	0.03
0.017801	0.03
0.017801	0.03
0.017801	0.03
0.017801	0.03
0.017801	0.03
0.017801	0.03
0.017801	0.03
0.017801	0.03
0.017801	0.03
0.017801	0.03
0.017801	0.03
0.017801	0.03
0.017801	0.03
0.017801	0.03
0.017801	0.03
0.017801	0.03
0.017801	0.03
0.017801	0.03
0.017801	0.03
0.017801	0.03
0.017801	0.03
0.017801	0.03
0.0176242	73.349
0.0176242	73.349
0.0176242	73.349
0.01762458	71.95
0.01762458	71.95
0.01762458	71.95
0.0176249	448.69
0.0176249	448.69
0.0176249	448.69
0.01763522	70.008
0.01763522	70.008
0.01763522	70.008
0.01763558	448.69
0.01763558	448.69
0.01763558	448.69
0.01763593	75.913
0.01763593	75.913
0.01763593	75.913
0.01770001	6.077
0.01770001	6.077
0.01770001	6.077
0.01771002	3.79628335
0.01771002	3.79628335
0.01771002	3.79628335
0.0177002	37.163
0.0177002	37.163
0.0177002	37.163
0.01771001	3.79628549
0.01771001	3.79628549
0.01771001	3.79628549
0.01770001	5.92513965
0.01770001	5.92513965
0.01770001	5.92513965
0.01770001	5.92513965
0.01770001	5.92513965
0.01770001	5.92513965
0.01770009	5.92434931
0.01770009	5.92434931
0.01770009	5.92434931
0.0177	3.84590126
0.0177	3.84590126
0.0177	3.84590126
0.01771008	75.758
0.01771008	75.758
0.01771008	75.758
0.0177	3.84590126
0.0177	3.84590126
0.0177	3.84590126
0.0176002	181.541
0.0176002	181.541
0.0176002	181.541
0.01768067	0.33373009
0.01768067	0.33373009
0.01768067	0.33373009
0.01768067	25.04514863
0.01768067	25.04514863
0.01768067	25.04514863
0.01769067	3.80043806
0.01769067	3.80043806
0.01769067	3.80043806
0.0177	0.33336563
0.0177	0.33336563
0.0177	0.33336563
