0.00016069	1.1
0.00016069	1.1
0.00016069	1.1
0.00016069	1.1
0.00016069	1.1
0.00016069	1.1
0.00016069	1.1
0.00016069	1.1
0.00016069	1.1
0.00016069	1.1
0.00016069	1.1
0.00016069	1.1
0.00016069	1.1
0.00016069	1.1
0.00016069	1.1
0.00016069	1.1
0.00016069	1.1
0.00016069	1.1
0.00016069	1.1
0.00016069	1.1
0.00016069	1.1
0.00016069	1.1
0.00016069	1.1
0.00016069	1.1
0.00016069	1.1
0.00016069	1.1
0.00016069	1.1
0.00016069	1.1
0.00016069	1.1
0.00016069	1.1
0.00015904	690.58188339
0.00015904	690.58188339
0.00015904	690.58188339
0.00015783	61.66934323
0.00015783	61.66934323
0.00015783	61.66934323
0.00015783	61.66934323
0.00015783	61.66934323
0.00015783	61.66934323
0.00015813	7279.272
0.00015813	7279.272
0.00015813	7279.272
0.00015849	7722.561
0.00015849	7722.561
0.00015849	7722.561
0.00015879	7411.481
0.00015879	7411.481
0.00015879	7411.481
0.00015899	690.79906116
0.00015899	690.79906116
0.00015899	690.79906116
0.00015902	9.00221564
0.00015902	9.00221564
0.00015902	9.00221564
0.00015909	7299.32512732
0.00015909	7299.32512732
0.00015909	7299.32512732
0.00015909	7299.32512732
0.00015909	7299.32512732
0.00015909	7299.32512732
0.00015909	7299.32512732
0.00015909	7299.32512732
0.00015909	7299.32512732
0.00015909	7299.32512732
0.00015909	7299.32512732
0.00015909	7299.32512732
0.00015909	7299.32512732
0.00015909	7299.32512732
0.00015909	7299.32512732
0.00015909	7299.32512732
0.00015909	7299.32512732
0.00015909	7299.32512732
0.00015909	7299.32512732
0.00015909	7299.32512732
0.00015909	7299.32512732
0.00015922	689.80117281
0.00015922	689.80117281
0.00015922	689.80117281
0.00015926	8.98864956
0.00015926	8.98864956
0.00015926	8.98864956
0.00015926	8.98864956
0.00015926	8.98864956
0.00015926	8.98864956
0.00015933	4.49235025
0.00015933	4.49235025
0.00015933	4.49235025
0.00015933	4.49235025
0.00015933	4.49235025
0.00015933	4.49235025
0.00015933	4.49235025
0.00015933	4.49235025
0.00015933	4.49235025
0.00015933	4.49235025
0.00015933	4.49235025
0.00015933	4.49235025
0.00015904	690.58188339
0.00015904	690.58188339
0.00015904	690.58188339
0.00015941	6968.97900216
0.00015941	6968.97900216
0.00015941	6968.97900216
0.00015951	1391.567
0.00015951	1391.567
0.00015951	1391.567
0.00015951	1391.567
0.00015951	1391.567
0.00015951	1391.567
0.00015783	61.66934323
0.00015783	61.66934323
0.00015783	61.66934323
0.00015783	61.66934323
0.00015783	61.66934323
0.00015783	61.66934323
0.00015953	6280.0
0.00015953	6280.0
0.00015953	6280.0
0.00015953	6280.0
0.00015953	6280.0
0.00015953	6280.0
0.00015953	6280.0
0.00015953	6280.0
0.00015953	6280.0
0.00015799	3084.645
0.00015799	3084.645
0.00015799	3084.645
0.00015954	4.48643704
0.00015954	4.48643704
0.00015954	4.48643704
0.00015954	4.48643704
0.00015954	4.48643704
0.00015954	4.48643704
0.00015954	4.48643704
0.00015954	4.48643704
0.00015954	4.48643704
0.00015954	4.48643704
0.00015954	4.48643704
0.00015954	4.48643704
0.00015956	8.97231168
0.00015956	8.97231168
0.00015956	8.97231168
0.00015958	6280.0
0.00015958	6280.0
0.00015958	6280.0
0.00015958	6280.0
0.00015958	6280.0
0.00015958	6280.0
0.00015958	6280.0
0.00015958	6280.0
0.00015958	6280.0
0.00015958	6280.0
0.00015958	6280.0
0.00015958	6280.0
0.00015958	6280.0
0.00015958	6280.0
0.00015958	6280.0
0.00015958	6280.0
0.00015958	6280.0
0.00015958	6280.0
0.00015958	6280.0
0.00015958	6280.0
0.00015958	6280.0
0.00015958	6280.0
0.00015958	6280.0
0.00015958	6280.0
0.00015959	39.9899743
0.00015959	39.9899743
0.00015959	39.9899743
0.00016	153.36475219
0.00016	153.36475219
0.00016	153.36475219
0.00016002	4.47325894
0.00016002	4.47325894
0.00016002	4.47325894
0.0001605	152.88698037
0.0001605	152.88698037
0.0001605	152.88698037
0.0001605	152.88698037
0.0001605	152.88698037
0.0001605	152.88698037
0.0001605	152.88698037
0.0001605	152.88698037
0.0001605	152.88698037
0.0001605	152.88698037
0.0001605	152.88698037
0.0001605	152.88698037
0.00016002	4.47325894
0.00016002	4.47325894
0.00016002	4.47325894
0.00016003	39.76076255
0.00016003	39.76076255
0.00016003	39.76076255
0.00016075	152.64920902
0.00016075	152.64920902
0.00016075	152.64920902
0.00016069	50.0
0.00016069	50.0
0.00016069	50.0
0.00016001	4.47325894
0.00016001	4.47325894
0.00016001	4.47325894
0.00016069	50.0
0.00016069	50.0
0.00016069	50.0
0.00016069	50.0
0.00016069	50.0
0.00016069	50.0
0.00016069	50.0
0.00016069	50.0
0.00016069	50.0
0.00016069	50.0
0.00016069	50.0
0.00016069	50.0
0.00016069	50.0
0.00016069	50.0
0.00016069	50.0
0.00016069	50.0
0.00016069	50.0
0.00016069	50.0
0.00016069	50.0
0.00016069	50.0
0.00016069	50.0
0.00016069	50.0
0.00016069	50.0
0.00016069	50.0
0.00016069	50.0
0.00016069	50.0
0.00016069	50.0
0.00015895	50.0
0.00015895	50.0
0.00015895	50.0
0.00015895	50.0
0.00015895	50.0
0.00015895	50.0
0.00015895	50.0
0.00015895	50.0
0.00015895	50.0
0.00015895	50.0
0.00015895	50.0
0.00015895	50.0
0.00015895	50.0
0.00015895	50.0
0.00015895	50.0
0.00015904	7567.021
0.00015904	7567.021
0.00015904	7567.021
0.00015934	7115.955
0.00015934	7115.955
0.00015934	7115.955
0.00015952	7170.394
0.00015952	7170.394
0.00015952	7170.394
0.00015952	7170.394
0.00015952	7170.394
0.00015952	7170.394
0.0001607	10.20682085
0.0001607	10.20682085
0.0001607	10.20682085
0.0001607	10.20682085
0.0001607	10.20682085
0.0001607	10.20682085
0.0001607	10.20682085
0.0001607	10.20682085
0.0001607	10.20682085
0.0001607	10.20682085
0.0001607	10.20682085
0.0001607	10.20682085
0.0001607	10.20682085
0.0001607	10.20682085
0.0001607	10.20682085
0.0001607	10.20682085
0.0001607	10.20682085
0.0001607	10.20682085
0.0001607	10.20682085
0.0001607	10.20682085
0.0001607	10.20682085
0.0001607	10.20682085
0.0001607	10.20682085
0.0001607	10.20682085
0.0001607	4.45405205
0.0001607	4.45405205
0.0001607	4.45405205
0.0001607	4.45405205
0.0001607	4.45405205
0.0001607	4.45405205
0.0001607	4.45405205
0.0001607	4.45405205
0.0001607	4.45405205
0.0001607	4.45405205
0.0001607	4.45405205
0.0001607	4.45405205
0.00015784	7595.0
0.00015784	7595.0
0.00015784	7595.0
0.00015784	7595.0
0.00015784	7595.0
0.00015784	7595.0
0.00016004	1751.51075931
0.00016004	1751.51075931
0.00016004	1751.51075931
0.00016004	1751.51075931
0.00016004	1751.51075931
0.00016004	1751.51075931
0.00016025	281.75804674
0.00016025	281.75804674
0.00016025	281.75804674
0.00016027	605.38399224
0.00016027	605.38399224
0.00016027	605.38399224
0.00016027	605.38399224
0.00016027	605.38399224
0.00016027	605.38399224
0.00016027	605.38399224
0.00016027	605.38399224
0.00016027	605.38399224
0.00016027	605.38399224
0.00016027	605.38399224
0.00016027	605.38399224
0.0001603	4.46516634
0.0001603	4.46516634
0.0001603	4.46516634
0.00016036	6968.192
0.00016036	6968.192
0.00016036	6968.192
0.00016038	4.46293904
0.00016038	4.46293904
0.00016038	4.46293904
0.00016038	4.46293904
0.00016038	4.46293904
0.00016038	4.46293904
0.00016041	2673.74710438
0.00016041	2673.74710438
0.00016041	2673.74710438
0.00016042	4.49796871
0.00016042	4.49796871
0.00016042	4.49796871
0.00016042	4.49796871
0.00016042	4.49796871
0.00016042	4.49796871
0.00016042	4.49796871
0.00016042	4.49796871
0.00016042	4.49796871
0.00016042	4.49796871
0.00016042	4.49796871
0.00016042	4.49796871
0.00016042	4.49796871
0.00016042	4.49796871
0.00016042	4.49796871
0.00016044	778.08976345
0.00016044	778.08976345
0.00016044	778.08976345
0.00016045	7672.61996871
0.00016045	7672.61996871
0.00016045	7672.61996871
0.00016045	4.49796871
0.00016045	4.49796871
0.00016045	4.49796871
0.00015784	7595.0
0.00015784	7595.0
0.00015784	7595.0
0.00015784	7595.0
0.00015784	7595.0
0.00015784	7595.0
0.00015784	7595.0
0.00015784	7595.0
0.00015784	7595.0
0.00015784	7595.0
0.00015784	7595.0
0.00015784	7595.0
0.00015784	7595.0
0.00015784	7595.0
0.00015784	7595.0
0.00015794	7473.697
0.00015794	7473.697
0.00015794	7473.697
0.00016048	4.46015805
0.00016048	4.46015805
0.00016048	4.46015805
0.0001605	4.45960228
0.0001605	4.45960228
0.0001605	4.45960228
0.00016055	500.0
0.00016055	500.0
0.00016055	500.0
0.00016056	44.19124417
0.00016056	44.19124417
0.00016056	44.19124417
0.00016057	4.45765813
0.00016057	4.45765813
0.00016057	4.45765813
0.00016058	44.18574021
0.00016058	44.18574021
0.00016058	44.18574021
0.00016059	4.45710297
0.00016059	4.45710297
0.00016059	4.45710297
0.0001606	44.18023761
0.0001606	44.18023761
0.0001606	44.18023761
0.00016061	4.45682543
0.00016061	4.45682543
0.00016061	4.45682543
0.00016055	500.0
0.00016055	500.0
0.00016055	500.0
0.00016062	44.1747364
0.00016062	44.1747364
0.00016062	44.1747364
0.00016064	44.16923656
0.00016064	44.16923656
0.00016064	44.16923656
0.00016064	44.16923656
0.00016064	44.16923656
0.00016064	44.16923656
0.00016065	4.45543831
0.00016065	4.45543831
0.00016065	4.45543831
0.00016066	44.16373808
0.00016066	44.16373808
0.00016066	44.16373808
0.00016055	500.0
0.00016055	500.0
0.00016055	500.0
0.00016055	500.0
0.00016055	500.0
0.00016055	500.0
0.00016069	44.15549292
0.00016069	44.15549292
0.00016069	44.15549292
0.00016069	44.15549292
0.00016069	44.15549292
0.00016069	44.15549292
0.00016055	500.0
0.00016055	500.0
0.00016055	500.0
0.00016056	44.15909945
0.00016056	44.15909945
0.00016056	44.15909945
0.00016057	4.45765813
0.00016057	4.45765813
0.00016057	4.45765813
0.00016057	4.45765813
0.00016057	4.45765813
0.00016057	4.45765813
0.00016057	4.45765813
0.00016057	4.45765813
0.00016057	4.45765813
0.00016058	44.15359948
0.00016058	44.15359948
0.00016058	44.15359948
0.00016055	500.0
0.00016055	500.0
0.00016055	500.0
0.00016055	500.0
0.00016055	500.0
0.00016055	500.0
0.00016055	500.0
0.00016055	500.0
0.00016055	500.0
0.00016055	500.0
0.00016055	500.0
0.00016055	500.0
0.00016055	500.0
0.00016055	500.0
0.00016055	500.0
0.00016055	500.0
0.00016055	500.0
0.00016055	500.0
0.00016057	44.15140488
0.00016057	44.15140488
0.00016057	44.15140488
0.00016057	39.69374675
0.00016057	39.69374675
0.00016057	39.69374675
0.00016056	1164.037
0.00016056	1164.037
0.00016056	1164.037
0.00016056	1164.037
0.00016056	1164.037
0.00016056	1164.037
0.00016056	1164.037
0.00016056	1164.037
0.00016056	1164.037
0.00016056	1164.037
0.00016056	1164.037
0.00016056	1164.037
0.0001606	4.45682544
0.0001606	4.45682544
0.0001606	4.45682544
0.00016061	44.14040893
0.00016061	44.14040893
0.00016061	44.14040893
0.00016062	4.45627048
0.00016062	4.45627048
0.00016062	4.45627048
0.00016056	1164.037
0.00016056	1164.037
0.00016056	1164.037
0.00016056	1164.037
0.00016056	1164.037
0.00016056	1164.037
0.00016056	1164.037
0.00016056	1164.037
0.00016056	1164.037
0.00016056	1164.037
0.00016056	1164.037
0.00016056	1164.037
0.00016064	4.45571567
0.00016064	4.45571567
0.00016064	4.45571567
0.00016056	1164.037
0.00016056	1164.037
0.00016056	1164.037
0.00016056	1164.037
0.00016056	1164.037
0.00016056	1164.037
0.00016056	1164.037
0.00016056	1164.037
0.00016056	1164.037
0.00016056	1164.037
0.00016056	1164.037
0.00016056	1164.037
0.00016056	1164.037
0.00016056	1164.037
0.00016056	1164.037
0.00016068	44.12117921
0.00016068	44.12117921
0.00016068	44.12117921
0.00016068	44.12117921
0.00016068	44.12117921
0.00016068	44.12117921
0.00016069	4.45432924
0.00016069	4.45432924
0.00016069	4.45432924
0.00016056	7664.58
0.00016056	7664.58
0.00016056	7664.58
0.0001607	4.45405205
0.0001607	4.45405205
0.0001607	4.45405205
0.0001607	4.45405205
0.0001607	4.45405205
0.0001607	4.45405205
0.0001607	4.45405205
0.0001607	4.45405205
0.0001607	4.45405205
0.0001607	4.45405205
0.0001607	4.45405205
0.0001607	4.45405205
0.0001607	4.45405205
0.0001607	4.45405205
0.0001607	4.45405205
0.0001607	4.45405205
0.0001607	4.45405205
0.0001607	4.45405205
0.0001607	4.45405205
0.0001607	4.45405205
0.0001607	4.45405205
0.0001607	4.45405205
0.0001607	4.45405205
0.0001607	4.45405205
0.00016056	7664.58
0.00016056	7664.58
0.00016056	7664.58
0.00016071	44.11294302
0.00016071	44.11294302
0.00016071	44.11294302
0.00016072	4.45349779
0.00016072	4.45349779
0.00016072	4.45349779
0.00016056	7664.58
0.00016056	7664.58
0.00016056	7664.58
0.00016055	500.0
0.00016055	500.0
0.00016055	500.0
0.00016058	281.75804674
0.00016058	281.75804674
0.00016058	281.75804674
0.00016058	281.75804674
0.00016058	281.75804674
0.00016058	281.75804674
0.00016059	7660.345
0.00016059	7660.345
0.00016059	7660.345
0.00016059	7660.345
0.00016059	7660.345
0.00016059	7660.345
0.00016059	7660.345
0.00016059	7660.345
0.00016059	7660.345
0.00016059	7660.345
0.00016059	7660.345
0.00016059	7660.345
0.00016059	7660.345
0.00016059	7660.345
0.00016059	7660.345
0.00016059	7660.345
0.00016059	7660.345
0.00016059	7660.345
0.00016059	7660.345
0.00016059	7660.345
0.00016059	7660.345
0.00016059	7660.345
0.00016059	7660.345
0.00016059	7660.345
0.00016059	7660.345
0.00016059	7660.345
0.00016059	7660.345
0.00016059	7660.345
0.00016059	7660.345
0.00016059	7660.345
0.00016059	7660.345
0.00016059	7660.345
0.00016059	7660.345
0.00016059	7660.345
0.00016059	7660.345
0.00016059	7660.345
0.00016059	7660.345
0.00016059	7660.345
0.00016059	7660.345
0.0001606	239.64682582
0.0001606	239.64682582
0.0001606	239.64682582
0.00016063	1751.51075931
0.00016063	1751.51075931
0.00016063	1751.51075931
0.00016063	1751.51075931
0.00016063	1751.51075931
0.00016063	1751.51075931
0.00016064	7224.833
0.00016064	7224.833
0.00016064	7224.833
0.00016064	7224.833
0.00016064	7224.833
0.00016064	7224.833
0.00016066	1751.51075931
0.00016066	1751.51075931
0.00016066	1751.51075931
0.00016067	7178.171
0.00016067	7178.171
0.00016067	7178.171
0.00016067	7178.171
0.00016067	7178.171
0.00016067	7178.171
0.00016067	7178.171
0.00016067	7178.171
0.00016067	7178.171
0.00016067	7178.171
0.00016067	7178.171
0.00016067	7178.171
0.00016067	7178.171
0.00016067	7178.171
0.00016067	7178.171
0.00016067	7178.171
0.00016067	7178.171
0.00016067	7178.171
0.00016071	1751.51075931
0.00016071	1751.51075931
0.00016071	1751.51075931
0.00016071	1751.51075931
0.00016071	1751.51075931
0.00016071	1751.51075931
0.00016072	7170.394
0.00016072	7170.394
0.00016072	7170.394
0.00016072	7170.394
0.00016072	7170.394
0.00016072	7170.394
0.00016074	500.0199958
0.00016074	500.0199958
0.00016074	500.0199958
0.00016074	500.0199958
0.00016074	500.0199958
0.00016074	500.0199958
0.00016077	7038.185
0.00016077	7038.185
0.00016077	7038.185
0.00016077	7038.185
0.00016077	7038.185
0.00016077	7038.185
0.00016079	1751.51075931
0.00016079	1751.51075931
0.00016079	1751.51075931
0.00016079	1751.51075931
0.00016079	1751.51075931
0.00016079	1751.51075931
0.0001608	7294.826
0.0001608	7294.826
0.0001608	7294.826
0.0001608	7294.826
0.0001608	7294.826
0.0001608	7294.826
0.00016082	1282.09769075
0.00016082	1282.09769075
0.00016082	1282.09769075
0.00016083	7691.453
0.00016083	7691.453
0.00016083	7691.453
0.00016084	44.03784123
0.00016084	44.03784123
0.00016084	44.03784123
0.00016085	4.4501751
0.00016085	4.4501751
0.00016085	4.4501751
0.00016086	44.03236594
0.00016086	44.03236594
0.00016086	44.03236594
0.00016087	4.44934522
0.00016087	4.44934522
0.00016087	4.44934522
0.00016088	44.02689199
0.00016088	44.02689199
0.00016088	44.02689199
0.0001609	35.52371762
0.0001609	35.52371762
0.0001609	35.52371762
0.0001609	35.52371762
0.0001609	35.52371762
0.0001609	35.52371762
0.00016091	44.01868363
0.00016091	44.01868363
0.00016091	44.01868363
0.00016092	4.44796275
0.00016092	4.44796275
0.00016092	4.44796275
0.00016093	44.01321309
0.00016093	44.01321309
0.00016093	44.01321309
0.00016094	4.44741
0.00016094	4.44741
0.00016094	4.44741
0.00016096	35.51047568
0.00016096	35.51047568
0.00016096	35.51047568
0.00016098	4.4463049
0.00016098	4.4463049
0.00016098	4.4463049
0.00016099	43.99680961
0.00016099	43.99680961
0.00016099	43.99680961
0.000161	4.44575257
0.000161	4.44575257
0.000161	4.44575257
0.00016096	31.06361829
0.00016096	31.06361829
0.00016096	31.06361829
0.00016101	43.99134451
0.00016101	43.99134451
0.00016101	43.99134451
0.00016096	31.06361829
0.00016096	31.06361829
0.00016096	31.06361829
0.00016096	31.06361829
0.00016096	31.06361829
0.00016096	31.06361829
0.00016104	43.9831494
0.00016104	43.9831494
0.00016104	43.9831494
0.00016062	7403.704
0.00016062	7403.704
0.00016062	7403.704
0.00016063	43.99449414
0.00016063	43.99449414
0.00016063	43.99449414
0.00016063	43.99449414
0.00016063	43.99449414
0.00016063	43.99449414
0.00016065	7502.13201707
0.00016065	7502.13201707
0.00016065	7502.13201707
0.00016065	7502.13201707
0.00016065	7502.13201707
0.00016065	7502.13201707
0.00016066	4.45516099
0.00016066	4.45516099
0.00016066	4.45516099
0.00016073	7201.502
0.00016073	7201.502
0.00016073	7201.502
0.00016078	683.10823942
0.00016078	683.10823942
0.00016078	683.10823942
0.00016085	4.4501751
0.00016085	4.4501751
0.00016085	4.4501751
0.00016084	4.4501751
0.00016084	4.4501751
0.00016084	4.4501751
0.00016079	683.06575492
0.00016079	683.06575492
0.00016079	683.06575492
0.00016079	683.06575492
0.00016079	683.06575492
0.00016079	683.06575492
0.00016087	43.92885926
0.00016087	43.92885926
0.00016087	43.92885926
0.00016093	1322.97
0.00016093	1322.97
0.00016093	1322.97
0.0001611	686.19434451
0.0001611	686.19434451
0.0001611	686.19434451
0.0001611	686.19434451
0.0001611	686.19434451
0.0001611	686.19434451
0.00016109	1100.198
0.00016109	1100.198
0.00016109	1100.198
0.00016109	1100.198
0.00016109	1100.198
0.00016109	1100.198
0.00016109	1100.198
0.00016109	1100.198
0.00016109	1100.198
0.00016109	1100.198
0.00016109	1100.198
0.00016109	1100.198
0.00016065	6186.431
0.00016065	6186.431
0.00016065	6186.431
0.00016065	6186.431
0.00016065	6186.431
0.00016065	6186.431
0.00016065	6186.431
0.00016065	6186.431
0.00016065	6186.431
0.00016065	6186.431
0.00016065	6186.431
0.00016065	6186.431
0.00016066	43.87341708
0.00016066	43.87341708
0.00016066	43.87341708
0.00016065	6186.431
0.00016065	6186.431
0.00016065	6186.431
0.0001607	180.0
0.0001607	180.0
0.0001607	180.0
0.00016072	4.45349779
0.00016072	4.45349779
0.00016072	4.45349779
0.00016073	43.85430963
0.00016073	43.85430963
0.00016073	43.85430963
0.00016071	6913.753
0.00016071	6913.753
0.00016071	6913.753
0.00016073	7509.25822071
0.00016073	7509.25822071
0.00016073	7509.25822071
0.00016073	7504.805
0.00016073	7504.805
0.00016073	7504.805
0.00016074	35.5590778
0.00016074	35.5590778
0.00016074	35.5590778
0.00016075	43.84640234
0.00016075	43.84640234
0.00016075	43.84640234
0.00016076	4.45238968
0.00016076	4.45238968
0.00016076	4.45238968
0.00016074	31.10613413
0.00016074	31.10613413
0.00016074	31.10613413
0.00016077	43.84094778
0.00016077	43.84094778
0.00016077	43.84094778
0.00016078	31.09839532
0.00016078	31.09839532
0.00016078	31.09839532
0.00016078	31.09839532
0.00016078	31.09839532
0.00016078	31.09839532
0.00016079	43.83549458
0.00016079	43.83549458
0.00016079	43.83549458
0.00016079	43.83549458
0.00016079	43.83549458
0.00016079	43.83549458
0.0001608	4.45128212
0.0001608	4.45128212
0.0001608	4.45128212
0.00016083	39.37414044
0.00016083	39.37414044
0.00016083	39.37414044
0.00016083	39.37414044
0.00016083	39.37414044
0.00016083	39.37414044
0.00016083	39.37414044
0.00016083	39.37414044
0.00016083	39.37414044
0.00016084	31.08679433
0.00016084	31.08679433
0.00016084	31.08679433
0.00016084	31.08679433
0.00016084	31.08679433
0.00016084	31.08679433
0.00016084	31.08679433
0.00016084	31.08679433
0.00016084	31.08679433
0.00016085	39.36924468
0.00016085	39.36924468
0.00016085	39.36924468
0.00016086	31.08292926
0.00016086	31.08292926
0.00016086	31.08292926
0.00016086	31.08292926
0.00016086	31.08292926
0.00016086	31.08292926
0.00016087	4.44934521
0.00016087	4.44934521
0.00016087	4.44934521
0.00016086	31.08292926
0.00016086	31.08292926
0.00016086	31.08292926
0.00016086	31.08292926
0.00016086	31.08292926
0.00016086	31.08292926
0.00016087	39.36190331
0.00016087	39.36190331
0.00016087	39.36190331
0.00016087	39.36190331
0.00016087	39.36190331
0.00016087	39.36190331
0.00016087	39.36190331
0.00016087	39.36190331
0.00016087	39.36190331
0.00016088	31.07906514
0.00016088	31.07906514
0.00016088	31.07906514
0.00016088	31.07906514
0.00016088	31.07906514
0.00016088	31.07906514
0.00016088	31.07906514
0.00016088	31.07906514
0.00016088	31.07906514
0.00016088	31.07906514
0.00016088	31.07906514
0.00016088	31.07906514
0.00016088	31.07906514
0.00016088	31.07906514
0.00016088	31.07906514
0.0001607	180.0
0.0001607	180.0
0.0001607	180.0
0.0001607	180.0
0.0001607	180.0
0.0001607	180.0
0.0001607	180.0
0.0001607	180.0
0.0001607	180.0
0.0001607	180.0
0.0001607	180.0
0.0001607	180.0
0.0001607	180.0
0.0001607	180.0
0.0001607	180.0
0.0001607	180.0
0.0001607	180.0
0.0001607	180.0
0.0001607	180.0
0.0001607	180.0
0.0001607	180.0
0.0001607	180.0
0.0001607	180.0
0.0001607	180.0
0.0001607	180.0
0.0001607	180.0
0.0001607	180.0
0.0001607	180.0
0.0001607	180.0
0.0001607	180.0
0.0001607	180.0
0.0001607	180.0
0.0001607	180.0
0.0001607	180.0
0.0001607	180.0
0.0001607	180.0
0.0001607	180.0
0.0001607	180.0
0.0001607	180.0
0.0001607	180.0
0.0001607	180.0
0.0001607	180.0
0.0001607	180.0
0.0001607	180.0
0.0001607	180.0
0.0001607	180.0
0.0001607	180.0
0.0001607	180.0
0.0001607	180.0
0.0001607	180.0
0.0001607	180.0
0.0001607	180.0
0.0001607	180.0
0.0001607	180.0
0.0001607	180.0
0.0001607	180.0
0.0001607	180.0
0.0001607	180.0
0.0001607	180.0
0.0001607	180.0
0.0001607	180.0
0.0001607	180.0
0.0001607	180.0
0.0001607	180.0
0.0001607	180.0
0.0001607	180.0
0.0001607	180.0
0.0001607	180.0
0.0001607	180.0
0.0001607	180.0
0.0001607	180.0
0.0001607	180.0
0.0001607	180.0
0.0001607	180.0
0.0001607	180.0
0.0001607	180.0
0.0001607	180.0
0.0001607	180.0
0.0001607	180.0
0.0001607	180.0
0.0001607	180.0
0.0001607	180.0
0.0001607	180.0
0.0001607	180.0
0.0001607	180.0
0.0001607	180.0
0.0001607	180.0
0.0001607	180.0
0.0001607	180.0
0.0001607	180.0
0.0001607	180.0
0.0001607	180.0
0.0001607	180.0
0.0001607	180.0
0.0001607	180.0
0.0001607	180.0
0.0001607	180.0
0.0001607	180.0
0.0001607	180.0
0.0001607	180.0
0.0001607	180.0
0.0001607	180.0
0.0001607	180.0
0.0001607	180.0
0.0001607	180.0
0.0001607	180.0
0.0001607	180.0
0.0001607	180.0
0.0001607	180.0
0.0001607	180.0
0.0001607	180.0
0.0001607	180.0
0.0001607	180.0
0.0001607	180.0
0.0001607	180.0
0.0001607	180.0
0.0001607	180.0
0.0001607	180.0
0.0001607	180.0
0.0001607	180.0
0.0001607	180.0
0.0001607	180.0
0.0001607	180.0
0.0001607	180.0
0.0001607	180.0
0.0001607	180.0
0.0001607	180.0
0.0001607	180.0
0.0001607	180.0
0.0001607	180.0
0.0001607	180.0
0.0001607	180.0
0.0001607	180.0
0.0001607	180.0
0.0001607	180.0
0.0001607	180.0
0.0001607	180.0
0.0001607	180.0
0.0001607	180.0
0.0001607	180.0
0.0001607	180.0
0.0001607	180.0
0.0001607	180.0
0.0001607	180.0
0.0001607	180.0
0.0001607	180.0
0.0001607	180.0
0.0001607	180.0
0.0001607	180.0
0.0001607	180.0
0.00016071	4.4537749
0.00016071	4.4537749
0.00016071	4.4537749
0.0001607	180.0
0.0001607	180.0
0.0001607	180.0
0.0001606	200.0
0.0001606	200.0
0.0001606	200.0
0.0001607	180.0
0.0001607	180.0
0.0001607	180.0
0.0001607	180.0
0.0001607	180.0
0.0001607	180.0
0.0001607	180.0
0.0001607	180.0
0.0001607	180.0
0.0001607	180.0
0.0001607	180.0
0.0001607	180.0
0.0001607	180.0
0.0001607	180.0
0.0001607	180.0
0.0001607	180.0
0.0001607	180.0
0.0001607	180.0
0.0001607	180.0
0.0001607	180.0
0.0001607	180.0
0.0001607	180.0
0.0001607	180.0
0.0001607	180.0
0.0001607	180.0
0.0001607	180.0
0.0001607	180.0
0.0001607	180.0
0.0001607	180.0
0.0001607	180.0
0.0001607	180.0
0.0001607	180.0
0.0001607	180.0
0.0001607	180.0
0.0001607	180.0
0.0001607	180.0
0.0001607	180.0
0.0001607	180.0
0.0001607	180.0
0.0001607	180.0
0.0001607	180.0
0.0001607	180.0
0.0001607	180.0
0.0001607	180.0
0.0001607	180.0
0.0001607	180.0
0.0001607	180.0
0.0001607	180.0
0.0001607	180.0
0.0001607	180.0
0.0001607	180.0
0.0001607	180.0
0.0001607	180.0
0.0001607	180.0
0.0001607	180.0
0.0001607	180.0
0.0001607	180.0
0.0001607	180.0
0.0001607	180.0
0.0001607	180.0
0.0001607	180.0
0.0001607	180.0
0.0001607	180.0
0.0001607	180.0
0.0001607	180.0
0.0001607	180.0
0.0001607	180.0
0.0001607	180.0
0.0001607	180.0
0.0001607	180.0
0.0001607	180.0
0.0001607	180.0
0.0001607	180.0
0.0001607	180.0
0.0001607	180.0
0.0001607	180.0
0.0001607	180.0
0.0001607	180.0
0.0001607	180.0
0.0001607	180.0
0.0001607	180.0
0.0001607	180.0
0.0001607	180.0
0.0001607	180.0
0.0001607	180.0
0.0001607	180.0
0.0001607	180.0
0.00016071	68.275154
0.00016071	68.275154
0.00016071	68.275154
0.00016071	68.275154
0.00016071	68.275154
0.00016071	68.275154
0.00016071	68.275154
0.00016071	68.275154
0.00016071	68.275154
0.00016072	43.80561061
0.00016072	43.80561061
0.00016072	43.80561061
0.00016073	4.45349778
0.00016073	4.45349778
0.00016073	4.45349778
0.00016073	4.45349778
0.00016073	4.45349778
0.00016073	4.45349778
0.00016073	4.45349778
0.00016073	4.45349778
0.00016073	4.45349778
0.00016073	4.45349778
0.00016073	4.45349778
0.00016073	4.45349778
0.00016073	4.45349778
0.00016073	4.45349778
0.00016073	4.45349778
0.00016073	4.45349778
0.00016073	4.45349778
0.00016073	4.45349778
0.00016073	4.45349778
0.00016073	4.45349778
0.00016073	4.45349778
0.00016073	4.45349778
0.00016073	4.45349778
0.00016073	4.45349778
0.00016073	4.45349778
0.00016073	4.45349778
0.00016073	4.45349778
0.00016089	7595.0
0.00016089	7595.0
0.00016089	7595.0
0.00016074	39.34721646
0.00016074	39.34721646
0.00016074	39.34721646
0.00016186	68.275154
0.00016186	68.275154
0.00016186	68.275154
0.00016186	68.275154
0.00016186	68.275154
0.00016186	68.275154
0.00016186	68.275154
0.00016186	68.275154
0.00016186	68.275154
0.00016186	68.275154
0.00016186	68.275154
0.00016186	68.275154
0.00016186	68.275154
0.00016186	68.275154
0.00016186	68.275154
0.00016186	68.275154
0.00016186	68.275154
0.00016186	68.275154
0.00016186	68.275154
0.00016186	68.275154
0.00016186	68.275154
0.00016073	4.45349778
0.00016073	4.45349778
0.00016073	4.45349778
0.00016188	68.275154
0.00016188	68.275154
0.00016188	68.275154
0.00016073	4.45349778
0.00016073	4.45349778
0.00016073	4.45349778
0.00016189	68.275154
0.00016189	68.275154
0.00016189	68.275154
0.00015936	7434.812
0.00015936	7434.812
0.00015936	7434.812
0.00015972	7595.0
0.00015972	7595.0
0.00015972	7595.0
0.00016004	686.26682538
0.00016004	686.26682538
0.00016004	686.26682538
0.00015918	281.75804674
0.00015918	281.75804674
0.00015918	281.75804674
0.00015956	8283.33130317
0.00015956	8283.33130317
0.00015956	8283.33130317
0.00015987	7007.077
0.00015987	7007.077
0.00015987	7007.077
0.00016001	7372.596
0.00016001	7372.596
0.00016001	7372.596
0.00015926	7722.561
0.00015926	7722.561
0.00015926	7722.561
0.00015943	7582.575
0.00015943	7582.575
0.00015943	7582.575
0.00015956	688.33130317
0.00015956	688.33130317
0.00015956	688.33130317
0.00015976	7201.502
0.00015976	7201.502
0.00015976	7201.502
0.00015991	196.35202088
0.00015991	196.35202088
0.00015991	196.35202088
0.00016011	7411.481
0.00016011	7411.481
0.00016011	7411.481
0.00016029	2123.8
0.00016029	2123.8
0.00016029	2123.8
0.00015918	689.97451146
0.00015918	689.97451146
0.00015918	689.97451146
0.00015955	7535.913
0.00015955	7535.913
0.00015955	7535.913
0.00015985	7489.251
0.00015985	7489.251
0.00015985	7489.251
0.00016011	685.96678992
0.00016011	685.96678992
0.00016011	685.96678992
0.00016031	7595.0
0.00016031	7595.0
0.00016031	7595.0
0.00016043	8.90256422
0.00016043	8.90256422
0.00016043	8.90256422
0.00016052	7599.45072854
0.00016052	7599.45072854
0.00016052	7599.45072854
0.00016053	4.45072854
0.00016053	4.45072854
0.00016053	4.45072854
0.00016054	4.45072854
0.00016054	4.45072854
0.00016054	4.45072854
0.00016055	4.44989844
0.00016055	4.44989844
0.00016055	4.44989844
0.00016056	4.44989844
0.00016056	4.44989844
0.00016056	4.44989844
0.00016056	4.44989844
0.00016056	4.44989844
0.00016056	4.44989844
0.00016056	4.44989844
0.00016056	4.44989844
0.00016056	4.44989844
0.00016056	4.44989844
0.00016056	4.44989844
0.00016056	4.44989844
0.00016056	4.44989844
0.00016056	4.44989844
0.00016056	4.44989844
0.00016056	4.44989844
0.00016056	4.44989844
0.00016056	4.44989844
0.00016058	4.44851562
0.00016058	4.44851562
0.00016058	4.44851562
0.00016061	4.44851562
0.00016061	4.44851562
0.00016061	4.44851562
0.00016061	4.44851562
0.00016061	4.44851562
0.00016061	4.44851562
0.00016061	4.44851562
0.00016061	4.44851562
0.00016061	4.44851562
0.00016061	4.44851562
0.00016061	4.44851562
0.00016061	4.44851562
0.00016036	211.78762588
0.00016036	211.78762588
0.00016036	211.78762588
0.00016036	211.78762588
0.00016036	211.78762588
0.00016036	211.78762588
0.00016036	211.78762588
0.00016036	211.78762588
0.00016036	211.78762588
0.00016036	211.78762588
0.00016036	211.78762588
0.00016036	211.78762588
0.00016036	211.78762588
0.00016036	211.78762588
0.00016036	211.78762588
0.00016036	211.78762588
0.00016036	211.78762588
0.00016036	211.78762588
0.00016046	7595.0
0.00016046	7595.0
0.00016046	7595.0
0.00016056	4.45793576
0.00016056	4.45793576
0.00016056	4.45793576
0.00016071	2802.11377491
0.00016071	2802.11377491
0.00016071	2802.11377491
0.00016071	2802.11377491
0.00016071	2802.11377491
0.00016071	2802.11377491
0.00016071	2802.11377491
0.00016071	2802.11377491
0.00016071	2802.11377491
0.00016071	2802.11377491
0.00016071	2802.11377491
0.00016071	2802.11377491
0.00016071	2802.11377491
0.00016071	2802.11377491
0.00016071	2802.11377491
0.00016071	2802.11377491
0.00016071	2802.11377491
0.00016071	2802.11377491
0.00016071	4.45377491
0.00016071	4.45377491
0.00016071	4.45377491
0.00016071	4.45377491
0.00016071	4.45377491
0.00016071	4.45377491
0.00016071	4.45377491
0.00016071	4.45377491
0.00016071	4.45377491
0.00016071	4.45377491
0.00016071	4.45377491
0.00016071	4.45377491
0.00016071	4.45377491
0.00016071	4.45377491
0.00016071	4.45377491
0.00016071	4.45377491
0.00016071	4.45377491
0.00016071	4.45377491
0.00016071	4.45377491
0.00016071	4.45377491
0.00016071	4.45377491
0.00016071	4.45377491
0.00016071	4.45377491
0.00016071	4.45377491
0.0001609	4.44851563
0.0001609	4.44851563
0.0001609	4.44851563
0.00016089	4.44879213
0.00016089	4.44879213
0.00016089	4.44879213
0.00016089	4.44879213
0.00016089	4.44879213
0.00016089	4.44879213
0.00016089	4.44879213
0.00016089	4.44879213
0.00016089	4.44879213
0.00016089	4.44879213
0.00016089	4.44879213
0.00016089	4.44879213
0.00016089	4.44879213
0.00016089	4.44879213
0.00016089	4.44879213
0.00016089	4.44879213
0.00016089	4.44879213
0.00016089	4.44879213
0.00016089	4.44879213
0.00016089	4.44879213
0.00016089	4.44879213
0.00016067	1141.312
0.00016067	1141.312
0.00016067	1141.312
0.00016081	1138.31800532
0.00016081	1138.31800532
0.00016081	1138.31800532
0.00015964	687.9863614
0.00015964	687.9863614
0.00015964	687.9863614
0.00015806	6255.083
0.00015806	6255.083
0.00015806	6255.083
0.00015912	1530.23
0.00015912	1530.23
0.00015912	1530.23
0.0001595	7805.09849729
0.0001595	7805.09849729
0.0001595	7805.09849729
0.00015977	687.42656778
0.00015977	687.42656778
0.00015977	687.42656778
0.00016001	686.39549237
0.00016001	686.39549237
0.00016001	686.39549237
0.0001601	8494.79150042
0.0001601	8494.79150042
0.0001601	8494.79150042
0.00016011	4.47046508
0.00016011	4.47046508
0.00016011	4.47046508
0.00016011	4.47046508
0.00016011	4.47046508
0.00016011	4.47046508
0.00016011	4.47046508
0.00016011	4.47046508
0.00016011	4.47046508
0.00016011	4.47046508
0.00016011	4.47046508
0.00016011	4.47046508
0.00016011	4.47046508
0.00016011	4.47046508
0.00016011	4.47046508
0.00016011	4.47046508
0.00016011	4.47046508
0.00016011	4.47046508
0.00016011	4.47046508
0.00016011	4.47046508
0.00016011	4.47046508
0.00016011	4.47046508
0.00016011	4.47046508
0.00016011	4.47046508
0.00016011	4.47046508
0.00016011	4.47046508
0.00016011	4.47046508
0.00016011	4.47046508
0.00016011	4.47046508
0.00016011	4.47046508
0.00016012	8.94093016
0.00016012	8.94093016
0.00016012	8.94093016
0.00016013	7599.46990673
0.00016013	7599.46990673
0.00016013	7599.46990673
0.00016013	7599.46990673
0.00016013	7599.46990673
0.00016013	7599.46990673
0.00016017	4.46879044
0.00016017	4.46879044
0.00016017	4.46879044
0.00016034	4.46405242
0.00016034	4.46405242
0.00016034	4.46405242
0.00016034	4.46405242
0.00016034	4.46405242
0.00016034	4.46405242
0.00016034	4.46405242
0.00016034	4.46405242
0.00016034	4.46405242
0.00016034	4.46405242
0.00016034	4.46405242
0.00016034	4.46405242
0.00016034	4.46405242
0.00016034	4.46405242
0.00016034	4.46405242
0.00016034	4.46405242
0.00016034	4.46405242
0.00016034	4.46405242
0.00016063	8278.74614165
0.00016063	8278.74614165
0.00016063	8278.74614165
0.00016099	7473.697
0.00016099	7473.697
0.00016099	7473.697
0.00015916	883.18255503
0.00015916	883.18255503
0.00015916	883.18255503
0.00016105	7065.96037233
0.00016105	7065.96037233
0.00016105	7065.96037233
0.00016105	7065.96037233
0.00016105	7065.96037233
0.00016105	7065.96037233
0.00016109	4.4435446
0.00016109	4.4435446
0.00016109	4.4435446
0.00016111	4.44271717
0.00016111	4.44271717
0.00016111	4.44271717
0.00016111	4.44271717
0.00016111	4.44271717
0.00016111	4.44271717
0.00016111	4.44271717
0.00016111	4.44271717
0.00016111	4.44271717
0.00016111	4.44271717
0.00016111	4.44271717
0.00016111	4.44271717
0.00016111	4.44271717
0.00016111	4.44271717
0.00016111	4.44271717
0.00016111	4.44271717
0.00016111	4.44271717
0.00016111	4.44271717
0.00016109	7598.21163365
0.00016109	7598.21163365
0.00016109	7598.21163365
0.0001611	4.44299295
0.0001611	4.44299295
0.0001611	4.44299295
0.0001611	4.44299295
0.0001611	4.44299295
0.0001611	4.44299295
0.0001611	4.44299295
0.0001611	4.44299295
0.0001611	4.44299295
0.0001611	4.44299295
0.0001611	4.44299295
0.0001611	4.44299295
0.0001611	4.44299295
0.0001611	4.44299295
0.0001611	4.44299295
0.00016058	7707.007
0.00016058	7707.007
0.00016058	7707.007
0.00016074	7458.143
0.00016074	7458.143
0.00016074	7458.143
0.00015903	4384.235
0.00015903	4384.235
0.00015903	4384.235
0.00015942	11810.446
0.00015942	11810.446
0.00015942	11810.446
0.0001598	4234.829
0.0001598	4234.829
0.0001598	4234.829
0.00016016	3233.177
0.00016016	3233.177
0.00016016	3233.177
0.00016034	3015.15
0.00016034	3015.15
0.00016034	3015.15
0.00016047	1980.20933427
0.00016047	1980.20933427
0.00016047	1980.20933427
0.00016062	1572.387
0.00016062	1572.387
0.00016062	1572.387
0.0001607	1773.362
0.0001607	1773.362
0.0001607	1773.362
0.0001607	1773.362
0.0001607	1773.362
0.0001607	1773.362
0.00015941	4167.81900216
0.00015941	4167.81900216
0.00015941	4167.81900216
0.00015983	4111.92098135
0.00015983	4111.92098135
0.00015983	4111.92098135
0.00016016	3622.479
0.00016016	3622.479
0.00016016	3622.479
0.00016042	684.64120891
0.00016042	684.64120891
0.00016042	684.64120891
0.00016501	4.33797675
0.00016501	4.33797675
0.00016501	4.33797675
0.00016501	4.33797675
0.00016501	4.33797675
0.00016501	4.33797675
0.00016502	7603.6759535
0.00016502	7603.6759535
0.00016502	7603.6759535
0.00016537	14734.286
0.00016537	14734.286
0.00016537	14734.286
0.00016576	662.58532055
0.00016576	662.58532055
0.00016576	662.58532055
0.00016597	661.74695869
0.00016597	661.74695869
0.00016597	661.74695869
0.00016622	660.75167088
0.00016622	660.75167088
0.00016622	660.75167088
0.00016629	38.08010102
0.00016629	38.08010102
0.00016629	38.08010102
0.00016644	2909.62731164
0.00016644	2909.62731164
0.00016644	2909.62731164
0.00016676	1454.848
0.00016676	1454.848
0.00016676	1454.848
0.0001669	7419.258
0.0001669	7419.258
0.0001669	7419.258
0.00016878	2847.01826305
0.00016878	2847.01826305
0.00016878	2847.01826305
0.00016684	193.04407258
0.00016684	193.04407258
0.00016684	193.04407258
0.00016704	192.81600351
0.00016704	192.81600351
0.00016704	192.81600351
0.00016714	192.70064154
0.00016714	192.70064154
0.00016714	192.70064154
0.00016674	4.2927082
0.00016674	4.2927082
0.00016674	4.2927082
0.00016674	4.2927082
0.00016674	4.2927082
0.00016674	4.2927082
0.00016674	4.2927082
0.00016674	4.2927082
0.00016674	4.2927082
0.00016674	4.2927082
0.00016674	4.2927082
0.00016674	4.2927082
0.0001653	194.94691733
0.0001653	194.94691733
0.0001653	194.94691733
0.00016549	194.72309768
0.00016549	194.72309768
0.00016549	194.72309768
0.00016551	194.69956761
0.00016551	194.69956761
0.00016551	194.69956761
0.00016569	194.4880526
0.00016569	194.4880526
0.00016569	194.4880526
0.00016571	667.10463398
0.00016571	667.10463398
0.00016571	667.10463398
0.00016555	194.65252452
0.00016555	194.65252452
0.00016555	194.65252452
0.000165	44.2666399
0.000165	44.2666399
0.000165	44.2666399
0.000165	44.2666399
0.000165	44.2666399
0.000165	44.2666399
0.000165	44.2666399
0.000165	44.2666399
0.000165	44.2666399
0.000165	44.2666399
0.000165	44.2666399
0.000165	44.2666399
0.000165	44.2666399
0.000165	44.2666399
0.000165	44.2666399
0.0001651	5500.651
0.0001651	5500.651
0.0001651	5500.651
0.00016534	664.26843313
0.00016534	664.26843313
0.00016534	664.26843313
0.00016562	7595.0
0.00016562	7595.0
0.00016562	7595.0
0.00016576	4.31808738
0.00016576	4.31808738
0.00016576	4.31808738
0.00016576	4.31808738
0.00016576	4.31808738
0.00016576	4.31808738
0.00016578	7.25662577
0.00016578	7.25662577
0.00016578	7.25662577
0.00016533	664.30861147
0.00016533	664.30861147
0.00016533	664.30861147
0.00016527	664.54978359
0.00016527	664.54978359
0.00016527	664.54978359
0.00016543	7789.54655832
0.00016543	7789.54655832
0.00016543	7789.54655832
0.00016557	663.34567092
0.00016557	663.34567092
0.00016557	663.34567092
0.00016557	663.34567092
0.00016557	663.34567092
0.00016557	663.34567092
0.000165	44.2666399
0.000165	44.2666399
0.000165	44.2666399
0.000165	44.2666399
0.000165	44.2666399
0.000165	44.2666399
0.00016581	4.31678526
0.00016581	4.31678526
0.00016581	4.31678526
0.000165	44.2666399
0.000165	44.2666399
0.000165	44.2666399
0.00016582	3.29870016
0.00016582	3.29870016
0.00016582	3.29870016
0.000165	44.2666399
0.000165	44.2666399
0.000165	44.2666399
0.00016583	3.26804465
0.00016583	3.26804465
0.00016583	3.26804465
0.00016584	3.83624779
0.00016584	3.83624779
0.00016584	3.83624779
0.00016585	3.26524911
0.00016585	3.26524911
0.00016585	3.26524911
0.00016586	3.92803457
0.00016586	3.92803457
0.00016586	3.92803457
0.00016587	3.29187458
0.00016587	3.29187458
0.00016587	3.29187458
0.00016588	3.85077645
0.00016588	3.85077645
0.00016588	3.85077645
0.00016589	7.56632258
0.00016589	7.56632258
0.00016589	7.56632258
0.00016543	194.47667025
0.00016543	194.47667025
0.00016543	194.47667025
0.00016564	194.23011084
0.00016564	194.23011084
0.00016564	194.23011084
0.000165	44.2666399
0.000165	44.2666399
0.000165	44.2666399
0.000165	44.2666399
0.000165	44.2666399
0.000165	44.2666399
0.000165	44.2666399
0.000165	44.2666399
0.000165	44.2666399
0.000165	44.2666399
0.000165	44.2666399
0.000165	44.2666399
0.000165	44.2666399
0.000165	44.2666399
0.000165	44.2666399
0.000165	44.2666399
0.000165	44.2666399
0.000165	44.2666399
0.00016517	859.73492942
0.00016517	859.73492942
0.00016517	859.73492942
0.00016542	663.94718132
0.00016542	663.94718132
0.00016542	663.94718132
0.00016507	7595.0
0.00016507	7595.0
0.00016507	7595.0
0.00016525	7595.0
0.00016525	7595.0
0.00016525	7595.0
0.00016541	7595.0
0.00016541	7595.0
0.00016541	7595.0
0.00016556	194.14213005
0.00016556	194.14213005
0.00016556	194.14213005
0.00016556	194.14213005
0.00016556	194.14213005
0.00016556	194.14213005
0.00016514	194.63589106
0.00016514	194.63589106
0.00016514	194.63589106
0.00016529	7595.0
0.00016529	7595.0
0.00016529	7595.0
0.00016533	7595.0
0.00016533	7595.0
0.00016533	7595.0
0.00016501	194.78923126
0.00016501	194.78923126
0.00016501	194.78923126
0.00016501	194.78923126
0.00016501	194.78923126
0.00016501	194.78923126
0.000165	44.2666399
0.000165	44.2666399
0.000165	44.2666399
0.000165	44.2666399
0.000165	44.2666399
0.000165	44.2666399
0.000165	44.2666399
0.000165	44.2666399
0.000165	44.2666399
0.00016416	669.04326714
0.00016416	669.04326714
0.00016416	669.04326714
0.00016438	668.14784484
0.00016438	668.14784484
0.00016438	668.14784484
0.00016464	181.74540945
0.00016464	181.74540945
0.00016464	181.74540945
0.00016324	672.8139104
0.00016324	672.8139104
0.00016324	672.8139104
0.00016345	8266.9494814
0.00016345	8266.9494814
0.00016345	8266.9494814
0.00016373	7595.0
0.00016373	7595.0
0.00016373	7595.0
0.00016398	182.47691311
0.00016398	182.47691311
0.00016398	182.47691311
0.00016423	7777.19913665
0.00016423	7777.19913665
0.00016423	7777.19913665
0.00016439	182.0218031
0.00016439	182.0218031
0.00016439	182.0218031
0.00016452	7595.0
0.00016452	7595.0
0.00016452	7595.0
0.00016457	181.82271502
0.00016457	181.82271502
0.00016457	181.82271502
0.00016457	181.82271502
0.00016457	181.82271502
0.00016457	181.82271502
0.00016457	181.82271502
0.00016457	181.82271502
0.00016457	181.82271502
0.00016457	181.82271502
0.00016457	181.82271502
0.00016457	181.82271502
0.00016457	181.82271502
0.00016457	181.82271502
0.00016457	181.82271502
0.00016457	181.82271502
0.00016457	181.82271502
0.00016457	181.82271502
0.00016457	181.82271502
0.00016457	181.82271502
0.00016457	181.82271502
0.00016457	181.82271502
0.00016457	181.82271502
0.00016457	181.82271502
0.00016457	181.82271502
0.00016457	181.82271502
0.00016457	181.82271502
0.00016317	7595.0
0.00016317	7595.0
0.00016317	7595.0
0.00016348	671.82617283
0.00016348	671.82617283
0.00016348	671.82617283
0.00016383	865.683
0.00016383	865.683
0.00016383	865.683
0.00016416	809.849
0.00016416	809.849
0.00016416	809.849
0.00016444	182.48655987
0.00016444	182.48655987
0.00016444	182.48655987
0.00016293	184.17780584
0.00016293	184.17780584
0.00016293	184.17780584
0.00016192	8273.29880641
0.00016192	8273.29880641
0.00016192	8273.29880641
0.00016292	38.96763366
0.00016292	38.96763366
0.00016292	38.96763366
0.00016293	3.31230232
0.00016293	3.31230232
0.00016293	3.31230232
0.00016292	38.96763366
0.00016292	38.96763366
0.00016292	38.96763366
0.00016294	3.35478225
0.00016294	3.35478225
0.00016294	3.35478225
0.00016292	38.96763366
0.00016292	38.96763366
0.00016292	38.96763366
0.00016296	4.51974703
0.00016296	4.51974703
0.00016296	4.51974703
0.00016301	4.38099011
0.00016301	4.38099011
0.00016301	4.38099011
0.00016302	4.38099011
0.00016302	4.38099011
0.00016302	4.38099011
0.00016304	7.75879708
0.00016304	7.75879708
0.00016304	7.75879708
0.00016304	7.75879708
0.00016304	7.75879708
0.00016304	7.75879708
0.00016305	8.94489506
0.00016305	8.94489506
0.00016305	8.94489506
0.00016306	7.68049696
0.00016306	7.68049696
0.00016306	7.68049696
0.00016308	7.74566896
0.00016308	7.74566896
0.00016308	7.74566896
0.00016309	9.00649456
0.00016309	9.00649456
0.00016309	9.00649456
0.00016309	9.00649456
0.00016309	9.00649456
0.00016309	9.00649456
0.00016311	8.89170287
0.00016311	8.89170287
0.00016311	8.89170287
0.00016311	8.89170287
0.00016311	8.89170287
0.00016311	8.89170287
0.00016312	3.31908568
0.00016312	3.31908568
0.00016312	3.31908568
0.00016314	7.68900802
0.00016314	7.68900802
0.00016314	7.68900802
0.00016314	7.68900802
0.00016314	7.68900802
0.00016314	7.68900802
0.000165	4.21204645
0.000165	4.21204645
0.000165	4.21204645
0.00016515	3266.956
0.00016515	3266.956
0.00016515	3266.956
0.00016504	173.82297172
0.00016504	173.82297172
0.00016504	173.82297172
0.00016504	173.82297172
0.00016504	173.82297172
0.00016504	173.82297172
0.00016504	173.82297172
0.00016504	173.82297172
0.00016504	173.82297172
0.00016503	13.5
0.00016503	13.5
0.00016503	13.5
0.00016503	13.5
0.00016503	13.5
0.00016503	13.5
0.00016503	13.5
0.00016503	13.5
0.00016503	13.5
0.00016503	13.5
0.00016503	13.5
0.00016503	13.5
0.00016503	13.5
0.00016503	13.5
0.00016503	13.5
0.000165	119.07568281
0.000165	119.07568281
0.000165	119.07568281
0.000165	119.07568281
0.000165	119.07568281
0.000165	119.07568281
0.000165	119.07568281
0.000165	119.07568281
0.000165	119.07568281
0.000165	119.07568281
0.000165	119.07568281
0.000165	119.07568281
0.00016503	13.5
0.00016503	13.5
0.00016503	13.5
0.00016503	13.5
0.00016503	13.5
0.00016503	13.5
0.000165	119.07568281
0.000165	119.07568281
0.000165	119.07568281
0.000165	4.21204645
0.000165	4.21204645
0.000165	4.21204645
0.000165	4.21204645
0.000165	4.21204645
0.000165	4.21204645
0.000165	176.75735963
0.000165	176.75735963
0.000165	176.75735963
0.00016503	17.83718817
0.00016503	17.83718817
0.00016503	17.83718817
0.000165	4.21204645
0.000165	4.21204645
0.000165	4.21204645
0.000165	4.21204645
0.000165	4.21204645
0.000165	4.21204645
0.000165	4.21204645
0.000165	4.21204645
0.000165	4.21204645
0.00016503	17.83718817
0.00016503	17.83718817
0.00016503	17.83718817
0.00016503	17.83718817
0.00016503	17.83718817
0.00016503	17.83718817
0.00016503	17.83718817
0.00016503	17.83718817
0.00016503	17.83718817
0.000165	4.21204645
0.000165	4.21204645
0.000165	4.21204645
0.000165	4.21204645
0.000165	4.21204645
0.000165	4.21204645
0.000165	4.21204645
0.000165	4.21204645
0.000165	4.21204645
0.000165	4.21204645
0.000165	4.21204645
0.000165	4.21204645
0.00016503	13.5
0.00016503	13.5
0.00016503	13.5
0.00016503	13.5
0.00016503	13.5
0.00016503	13.5
0.00016503	13.5
0.00016503	13.5
0.00016503	13.5
0.000165	4.21204645
0.000165	4.21204645
0.000165	4.21204645
0.000165	4.21204645
0.000165	4.21204645
0.000165	4.21204645
0.000165	4.21204645
0.000165	4.21204645
0.000165	4.21204645
0.000165	4.21204645
0.000165	4.21204645
0.000165	4.21204645
0.000165	4.21204645
0.000165	4.21204645
0.000165	4.21204645
0.000165	4.21204645
0.000165	4.21204645
0.000165	4.21204645
0.000165	4.21204645
0.000165	4.21204645
0.000165	4.21204645
0.000165	4.21204645
0.000165	4.21204645
0.000165	4.21204645
0.000165	4.21204645
0.000165	4.21204645
0.000165	4.21204645
0.00016308	7768.82730225
0.00016308	7768.82730225
0.00016308	7768.82730225
0.00016308	7768.82730225
0.00016308	7768.82730225
0.00016308	7768.82730225
0.00016308	7768.82730225
0.00016308	7768.82730225
0.00016308	7768.82730225
0.00016308	7768.82730225
0.00016308	7768.82730225
0.00016308	7768.82730225
0.00016308	7768.82730225
0.00016308	7768.82730225
0.00016308	7768.82730225
0.00016308	7768.82730225
0.00016308	7768.82730225
0.00016308	7768.82730225
0.00016308	7768.82730225
0.00016308	7768.82730225
0.00016308	7768.82730225
0.0001631	4.3777747
0.0001631	4.3777747
0.0001631	4.3777747
0.0001631	4.3777747
0.0001631	4.3777747
0.0001631	4.3777747
0.0001631	4.3777747
0.0001631	4.3777747
0.0001631	4.3777747
0.0001645	200.0
0.0001645	200.0
0.0001645	200.0
0.0001645	200.0
0.0001645	200.0
0.0001645	200.0
0.0001645	200.0
0.0001645	200.0
0.0001645	200.0
0.0001645	200.0
0.0001645	200.0
0.0001645	200.0
0.0001645	200.0
0.0001645	200.0
0.0001645	200.0
0.0001645	200.0
0.0001645	200.0
0.0001645	200.0
0.0001645	200.0
0.0001645	200.0
0.0001645	200.0
0.0001645	200.0
0.0001645	200.0
0.0001645	200.0
0.0001645	200.0
0.0001645	200.0
0.0001645	200.0
0.0001645	200.0
0.0001645	200.0
0.0001645	200.0
0.0001645	200.0
0.0001645	200.0
0.0001645	200.0
0.00016451	4.35116209
0.00016451	4.35116209
0.00016451	4.35116209
0.00016451	4.35116209
0.00016451	4.35116209
0.00016451	4.35116209
0.00016452	4.3508976
0.00016452	4.3508976
0.00016452	4.3508976
0.0001645	200.0
0.0001645	200.0
0.0001645	200.0
0.0001645	200.0
0.0001645	200.0
0.0001645	200.0
0.0001645	200.0
0.0001645	200.0
0.0001645	200.0
0.0001645	200.0
0.0001645	200.0
0.0001645	200.0
0.0001645	200.0
0.0001645	200.0
0.0001645	200.0
0.0001645	200.0
0.0001645	200.0
0.0001645	200.0
0.0001645	200.0
0.0001645	200.0
0.0001645	200.0
0.0001645	200.0
0.0001645	200.0
0.0001645	200.0
0.0001645	200.0
0.0001645	200.0
0.0001645	200.0
0.0001635	200.0
0.0001635	200.0
0.0001635	200.0
0.00016351	1221.845
0.00016351	1221.845
0.00016351	1221.845
0.00016353	4895.501
0.00016353	4895.501
0.00016353	4895.501
0.0001636	4.3750988
0.0001636	4.3750988
0.0001636	4.3750988
0.0001636	4.3750988
0.0001636	4.3750988
0.0001636	4.3750988
0.00016365	171.5090816
0.00016365	171.5090816
0.00016365	171.5090816
0.00016376	4695.145
0.00016376	4695.145
0.00016376	4695.145
0.000164	20.0
0.000164	20.0
0.000164	20.0
0.000164	20.0
0.000164	20.0
0.000164	20.0
0.00016453	43.84903957
0.00016453	43.84903957
0.00016453	43.84903957
0.00016453	43.84903957
0.00016453	43.84903957
0.00016453	43.84903957
0.00016455	7.56455971
0.00016455	7.56455971
0.00016455	7.56455971
0.00016453	43.84903957
0.00016453	43.84903957
0.00016453	43.84903957
0.00016456	7.54172611
0.00016456	7.54172611
0.00016456	7.54172611
0.00016456	7.54172611
0.00016456	7.54172611
0.00016456	7.54172611
0.00016456	7.54172611
0.00016456	7.54172611
0.00016456	7.54172611
0.00016458	7.59260677
0.00016458	7.59260677
0.00016458	7.59260677
0.00016458	7.59260677
0.00016458	7.59260677
0.00016458	7.59260677
0.00016459	4.34904705
0.00016459	4.34904705
0.00016459	4.34904705
0.00016457	513.29991068
0.00016457	513.29991068
0.00016457	513.29991068
0.00016457	513.29991068
0.00016457	513.29991068
0.00016457	513.29991068
0.00016461	7.44718747
0.00016461	7.44718747
0.00016461	7.44718747
0.00016461	4.34113394
0.00016461	4.34113394
0.00016461	4.34113394
0.00016461	4.34113394
0.00016461	4.34113394
0.00016461	4.34113394
0.00016457	513.29991068
0.00016457	513.29991068
0.00016457	513.29991068
0.00016457	513.29991068
0.00016457	513.29991068
0.00016457	513.29991068
0.00016463	4.34034421
0.00016463	4.34034421
0.00016463	4.34034421
0.00016464	7.5067444
0.00016464	7.5067444
0.00016464	7.5067444
0.00016465	4.34113394
0.00016465	4.34113394
0.00016465	4.34113394
0.00016457	513.29991068
0.00016457	513.29991068
0.00016457	513.29991068
0.00016467	3.03694369
0.00016467	3.03694369
0.00016467	3.03694369
0.00016457	513.29991068
0.00016457	513.29991068
0.00016457	513.29991068
0.00016457	513.29991068
0.00016457	513.29991068
0.00016457	513.29991068
0.00016457	513.29991068
0.00016457	513.29991068
0.00016457	513.29991068
0.00016453	43.84903957
0.00016453	43.84903957
0.00016453	43.84903957
0.00016453	43.84903957
0.00016453	43.84903957
0.00016453	43.84903957
0.00016453	43.84903957
0.00016453	43.84903957
0.00016453	43.84903957
0.00016453	43.84903957
0.00016453	43.84903957
0.00016453	43.84903957
0.00016402	7595.0
0.00016402	7595.0
0.00016402	7595.0
0.00016402	7595.0
0.00016402	7595.0
0.00016402	7595.0
0.00016453	43.84903957
0.00016453	43.84903957
0.00016453	43.84903957
0.00016453	43.84903957
0.00016453	43.84903957
0.00016453	43.84903957
0.00016453	43.84903957
0.00016453	43.84903957
0.00016453	43.84903957
0.00016453	43.84903957
0.00016453	43.84903957
0.00016453	43.84903957
0.00016453	43.84903957
0.00016453	43.84903957
0.00016453	43.84903957
0.00016453	43.84903957
0.00016453	43.84903957
0.00016453	43.84903957
0.00016453	43.84903957
0.00016453	43.84903957
0.00016453	43.84903957
0.00016453	43.84903957
0.00016453	43.84903957
0.00016453	43.84903957
0.00016453	43.84903957
0.00016453	43.84903957
0.00016453	43.84903957
0.00016453	43.84903957
0.00016453	43.84903957
0.00016453	43.84903957
0.00016453	43.84903957
0.00016453	43.84903957
0.00016453	43.84903957
0.00016453	43.84903957
0.00016453	43.84903957
0.00016453	43.84903957
0.00016453	43.84903957
0.00016453	43.84903957
0.00016453	43.84903957
0.00016453	43.84903957
0.00016453	43.84903957
0.00016453	43.84903957
0.00016453	43.84903957
0.00016453	43.84903957
0.00016453	43.84903957
0.00016453	43.84903957
0.00016453	43.84903957
0.00016453	43.84903957
0.00016453	43.84903957
0.00016453	43.84903957
0.00016453	43.84903957
0.00016453	43.84903957
0.00016453	43.84903957
0.00016453	43.84903957
0.00016453	43.84903957
0.00016453	43.84903957
0.00016453	43.84903957
0.00016453	43.84903957
0.00016453	43.84903957
0.00016453	43.84903957
0.00016453	43.84903957
0.00016453	43.84903957
0.00016453	43.84903957
0.00016453	43.84903957
0.00016453	43.84903957
0.00016453	43.84903957
0.00016453	43.84903957
0.00016453	43.84903957
0.00016453	43.84903957
0.00016453	43.84903957
0.00016453	43.84903957
0.00016453	43.84903957
0.00016453	43.84903957
0.00016453	43.84903957
0.00016453	43.84903957
0.00016466	7.87009171
0.00016466	7.87009171
0.00016466	7.87009171
0.00016468	3.6108304
0.00016468	3.6108304
0.00016468	3.6108304
0.00016468	3.6108304
0.00016468	3.6108304
0.00016468	3.6108304
0.0001647	3.40281672
0.0001647	3.40281672
0.0001647	3.40281672
0.0001647	3.40281672
0.0001647	3.40281672
0.0001647	3.40281672
0.000165	50.0
0.000165	50.0
0.000165	50.0
0.000165	50.0
0.000165	50.0
0.000165	50.0
0.000165	50.0
0.000165	50.0
0.000165	50.0
0.000164	20.0
0.000164	20.0
0.000164	20.0
0.000164	20.0
0.000164	20.0
0.000164	20.0
0.000164	20.0
0.000164	20.0
0.000164	20.0
0.00016453	48.19940829
0.00016453	48.19940829
0.00016453	48.19940829
0.00016453	48.19940829
0.00016453	48.19940829
0.00016453	48.19940829
0.00016453	48.19940829
0.00016453	48.19940829
0.00016453	48.19940829
0.00016453	48.19940829
0.00016453	48.19940829
0.00016453	48.19940829
0.00016454	4.35010432
0.00016454	4.35010432
0.00016454	4.35010432
0.00016453	43.84903957
0.00016453	43.84903957
0.00016453	43.84903957
0.00016453	43.84903957
0.00016453	43.84903957
0.00016453	43.84903957
0.00016453	43.84903957
0.00016453	43.84903957
0.00016453	43.84903957
0.00016453	43.84903957
0.00016453	43.84903957
0.00016453	43.84903957
0.00016454	8.70020863
0.00016454	8.70020863
0.00016454	8.70020863
0.00016455	4.34983995
0.00016455	4.34983995
0.00016455	4.34983995
0.00016456	4.34957562
0.00016456	4.34957562
0.00016456	4.34957562
0.00016456	4.34957562
0.00016456	4.34957562
0.00016456	4.34957562
0.00016453	43.84903957
0.00016453	43.84903957
0.00016453	43.84903957
0.00016453	43.84903957
0.00016453	43.84903957
0.00016453	43.84903957
0.00016453	43.84903957
0.00016453	43.84903957
0.00016453	43.84903957
0.000164	20.0
0.000164	20.0
0.000164	20.0
0.00016964	5439.98877252
0.00016964	5439.98877252
0.00016964	5439.98877252
0.00016965	6980.18807553
0.00016965	6980.18807553
0.00016965	6980.18807553
0.00016965	4.21907553
0.00016965	4.21907553
0.00016965	4.21907553
0.00016965	4.21907553
0.00016965	4.21907553
0.00016965	4.21907553
0.00016661	166.03557643
0.00016661	166.03557643
0.00016661	166.03557643
0.0001668	7030.408
0.0001668	7030.408
0.0001668	7030.408
0.00016698	7722.561
0.00016698	7722.561
0.00016698	7722.561
0.00016718	7512.582
0.00016718	7512.582
0.00016718	7512.582
0.00016738	7395.927
0.00016738	7395.927
0.00016738	7395.927
0.00016758	7598.129
0.00016758	7598.129
0.00016758	7598.129
0.00016767	165.00166986
0.00016767	165.00166986
0.00016767	165.00166986
0.00016791	7595.0
0.00016791	7595.0
0.00016791	7595.0
0.00016792	7013.226
0.00016792	7013.226
0.00016792	7013.226
0.00016811	7595.0
0.00016811	7595.0
0.00016811	7595.0
0.0001682	4.25544688
0.0001682	4.25544688
0.0001682	4.25544688
0.00016672	7442.589
0.00016672	7442.589
0.00016672	7442.589
0.00016703	165.34314022
0.00016703	165.34314022
0.00016703	165.34314022
0.00016729	7595.0
0.00016729	7595.0
0.00016729	7595.0
0.00016754	7061.516
0.00016754	7061.516
0.00016754	7061.516
0.00016783	7595.0
0.00016783	7595.0
0.00016783	7595.0
0.00016796	4.26152754
0.00016796	4.26152754
0.00016796	4.26152754
0.00016813	164.26137341
0.00016813	164.26137341
0.00016813	164.26137341
0.00016964	1271.45369636
0.00016964	1271.45369636
0.00016964	1271.45369636
0.00016852	4004.93
0.00016852	4004.93
0.00016852	4004.93
0.00016798	164.17946894
0.00016798	164.17946894
0.00016798	164.17946894
0.00016797	8.52254766
0.00016797	8.52254766
0.00016797	8.52254766
0.00016665	7193.725
0.00016665	7193.725
0.00016665	7193.725
0.00016685	7224.833
0.00016685	7224.833
0.00016685	7224.833
0.00016705	7528.136
0.00016705	7528.136
0.00016705	7528.136
0.00016726	164.92313913
0.00016726	164.92313913
0.00016726	164.92313913
0.00016745	4165.269
0.00016745	4165.269
0.00016745	4165.269
0.00016765	7714.784
0.00016765	7714.784
0.00016765	7714.784
0.00016785	6078.364
0.00016785	6078.364
0.00016785	6078.364
0.00016792	164.14511257
0.00016792	164.14511257
0.00016792	164.14511257
0.00016793	168.39788061
0.00016793	168.39788061
0.00016793	168.39788061
0.00016667	7388.15
0.00016667	7388.15
0.00016667	7388.15
0.00016687	7641.30336397
0.00016687	7641.30336397
0.00016687	7641.30336397
0.00016707	7753.669
0.00016707	7753.669
0.00016707	7753.669
0.00016714	163.95079114
0.00016714	163.95079114
0.00016714	163.95079114
0.00016647	163.81285841
0.00016647	163.81285841
0.00016647	163.81285841
0.00016663	1213.911
0.00016663	1213.911
0.00016663	1213.911
0.00016667	8.5890222
0.00016667	8.5890222
0.00016667	8.5890222
0.00016667	8.5890222
0.00016667	8.5890222
0.00016667	8.5890222
