2.755e-05	37614.0649458
2.755e-05	37614.0649458
2.755e-05	37614.0649458
2.755e-05	14493.2759458
2.755e-05	14493.2759458
2.755e-05	14493.2759458
2.755e-05	3777.29794579
2.755e-05	3777.29794579
2.755e-05	3777.29794579
2.754e-05	8808.0
2.754e-05	8808.0
2.754e-05	8808.0
2.748e-05	3786.91988379
2.748e-05	3786.91988379
2.748e-05	3786.91988379
2.732e-05	2093.84964257
2.732e-05	2093.84964257
2.732e-05	2093.84964257
2.74e-05	20.0
2.74e-05	20.0
2.74e-05	20.0
2.74e-05	20.0
2.74e-05	20.0
2.74e-05	20.0
2.74e-05	20.0
2.74e-05	20.0
2.74e-05	20.0
2.74e-05	20.0
2.74e-05	20.0
2.74e-05	20.0
2.74e-05	20.0
2.74e-05	20.0
2.74e-05	20.0
2.704e-05	131577.035
2.704e-05	131577.035
2.704e-05	131577.035
2.707e-05	21231.4359672
2.707e-05	21231.4359672
2.707e-05	21231.4359672
2.74e-05	16712.8144818
2.74e-05	16712.8144818
2.74e-05	16712.8144818
2.74e-05	16712.8144818
2.74e-05	16712.8144818
2.74e-05	16712.8144818
2.74e-05	16712.8144818
2.74e-05	16712.8144818
2.74e-05	16712.8144818
2.74e-05	16712.8144818
2.74e-05	16712.8144818
2.74e-05	16712.8144818
2.74e-05	16712.8144818
2.74e-05	16712.8144818
2.74e-05	16712.8144818
2.731e-05	3810.49280141
2.731e-05	3810.49280141
2.731e-05	3810.49280141
2.731e-05	3810.49280141
2.731e-05	3810.49280141
2.731e-05	3810.49280141
2.731e-05	3810.49280141
2.731e-05	3810.49280141
2.731e-05	3810.49280141
2.712e-05	127994.833
2.712e-05	127994.833
2.712e-05	127994.833
2.703e-05	3849.96516487
2.703e-05	3849.96516487
2.703e-05	3849.96516487
2.703e-05	3849.96516487
2.703e-05	3849.96516487
2.703e-05	3849.96516487
2.703e-05	3849.96516487
2.703e-05	3849.96516487
2.703e-05	3849.96516487
2.73e-05	200.0
2.73e-05	200.0
2.73e-05	200.0
2.729e-05	42221.091
2.729e-05	42221.091
2.729e-05	42221.091
2.729e-05	42221.091
2.729e-05	42221.091
2.729e-05	42221.091
2.729e-05	42221.091
2.729e-05	42221.091
2.729e-05	42221.091
2.735e-05	13728.801
2.735e-05	13728.801
2.735e-05	13728.801
2.734e-05	15582.581
2.734e-05	15582.581
2.734e-05	15582.581
2.737e-05	14778.227
2.737e-05	14778.227
2.737e-05	14778.227
2.74e-05	37762.2884699
2.74e-05	37762.2884699
2.74e-05	37762.2884699
2.737e-05	17265.638
2.737e-05	17265.638
2.737e-05	17265.638
2.736e-05	3803.52918153
2.736e-05	3803.52918153
2.736e-05	3803.52918153
2.735e-05	15328.038
2.735e-05	15328.038
2.735e-05	15328.038
2.731e-05	3810.49280141
2.731e-05	3810.49280141
2.731e-05	3810.49280141
2.736e-05	3803.52918153
2.736e-05	3803.52918153
2.736e-05	3803.52918153
2.735e-05	41667.914
2.735e-05	41667.914
2.735e-05	41667.914
2.731e-05	3810.49280141
2.731e-05	3810.49280141
2.731e-05	3810.49280141
2.734e-05	37892.87
2.734e-05	37892.87
2.734e-05	37892.87
2.736e-05	51442.98
2.736e-05	51442.98
2.736e-05	51442.98
2.737e-05	3802.13951065
2.737e-05	3802.13951065
2.737e-05	3802.13951065
2.732e-05	125101.516
2.732e-05	125101.516
2.732e-05	125101.516
2.731e-05	3810.49280141
2.731e-05	3810.49280141
2.731e-05	3810.49280141
2.731e-05	3810.49280141
2.731e-05	3810.49280141
2.731e-05	3810.49280141
2.731e-05	3810.49280141
2.731e-05	3810.49280141
2.731e-05	3810.49280141
2.733e-05	3807.70429589
2.733e-05	3807.70429589
2.733e-05	3807.70429589
2.731e-05	3810.49280141
2.731e-05	3810.49280141
2.731e-05	3810.49280141
2.706e-05	127030.394
2.706e-05	127030.394
2.706e-05	127030.394
2.73e-05	200.0
2.73e-05	200.0
2.73e-05	200.0
2.73e-05	200.0
2.73e-05	200.0
2.73e-05	200.0
2.73e-05	200.0
2.73e-05	200.0
2.73e-05	200.0
2.704e-05	97597.026
2.704e-05	97597.026
2.704e-05	97597.026
2.703e-05	73991.8608953
2.703e-05	73991.8608953
2.703e-05	73991.8608953
2.702e-05	25000.0
2.702e-05	25000.0
2.702e-05	25000.0
2.706e-05	107555.664
2.706e-05	107555.664
2.706e-05	107555.664
2.709e-05	50.7240168
2.709e-05	50.7240168
2.709e-05	50.7240168
2.708e-05	109441.82
2.708e-05	109441.82
2.708e-05	109441.82
2.708e-05	109441.82
2.708e-05	109441.82
2.708e-05	109441.82
2.71e-05	14625.3926907
2.71e-05	14625.3926907
2.71e-05	14625.3926907
2.711e-05	107940.192
2.711e-05	107940.192
2.711e-05	107940.192
2.708e-05	3842.85666199
2.708e-05	3842.85666199
2.708e-05	3842.85666199
2.708e-05	3842.85666199
2.708e-05	3842.85666199
2.708e-05	3842.85666199
2.71e-05	14625.3926907
2.71e-05	14625.3926907
2.71e-05	14625.3926907
2.71e-05	14625.3926907
2.71e-05	14625.3926907
2.71e-05	14625.3926907
2.711e-05	110690.574
2.711e-05	110690.574
2.711e-05	110690.574
2.716e-05	52198.9624053
2.716e-05	52198.9624053
2.716e-05	52198.9624053
2.724e-05	3820.28481669
2.724e-05	3820.28481669
2.724e-05	3820.28481669
2.731e-05	682.62541159
2.731e-05	682.62541159
2.731e-05	682.62541159
2.725e-05	7472.40760359
2.725e-05	7472.40760359
2.725e-05	7472.40760359
2.728e-05	75499.595
2.728e-05	75499.595
2.728e-05	75499.595
2.711e-05	3838.60414631
2.711e-05	3838.60414631
2.711e-05	3838.60414631
2.71e-05	14625.3926907
2.71e-05	14625.3926907
2.71e-05	14625.3926907
2.711e-05	3838.60414631
2.711e-05	3838.60414631
2.711e-05	3838.60414631
2.715e-05	3832.94874426
2.715e-05	3832.94874426
2.715e-05	3832.94874426
2.71e-05	14625.3926907
2.71e-05	14625.3926907
2.71e-05	14625.3926907
2.71e-05	14625.3926907
2.71e-05	14625.3926907
2.71e-05	14625.3926907
2.711e-05	3838.60414631
2.711e-05	3838.60414631
2.711e-05	3838.60414631
2.725e-05	15762.2637334
2.725e-05	15762.2637334
2.725e-05	15762.2637334
2.725e-05	15762.2637334
2.725e-05	15762.2637334
2.725e-05	15762.2637334
2.729e-05	26.23776267
2.729e-05	26.23776267
2.729e-05	26.23776267
2.731e-05	3836.70174194
2.731e-05	3836.70174194
2.731e-05	3836.70174194
2.715e-05	131852.589
2.715e-05	131852.589
2.715e-05	131852.589
2.71e-05	14625.3926907
2.71e-05	14625.3926907
2.71e-05	14625.3926907
2.71e-05	14625.3926907
2.71e-05	14625.3926907
2.71e-05	14625.3926907
2.723e-05	19.34909612
2.723e-05	19.34909612
2.723e-05	19.34909612
2.73e-05	365.38461538
2.73e-05	365.38461538
2.73e-05	365.38461538
2.723e-05	21.06551605
2.723e-05	21.06551605
2.723e-05	21.06551605
2.71e-05	14625.3926907
2.71e-05	14625.3926907
2.71e-05	14625.3926907
2.71e-05	14625.3926907
2.71e-05	14625.3926907
2.71e-05	14625.3926907
2.71e-05	14625.3926907
2.71e-05	14625.3926907
2.71e-05	14625.3926907
2.718e-05	137225.892
2.718e-05	137225.892
2.718e-05	137225.892
2.711e-05	3838.60414631
2.711e-05	3838.60414631
2.711e-05	3838.60414631
2.711e-05	3838.60414631
2.711e-05	3838.60414631
2.711e-05	3838.60414631
2.711e-05	3838.60414631
2.711e-05	3838.60414631
2.711e-05	3838.60414631
2.711e-05	3838.60414631
2.711e-05	3838.60414631
2.711e-05	3838.60414631
2.732e-05	602.33519034
2.732e-05	602.33519034
2.732e-05	602.33519034
2.735e-05	41787.192
2.735e-05	41787.192
2.735e-05	41787.192
2.735e-05	41787.192
2.735e-05	41787.192
2.735e-05	41787.192
2.735e-05	41787.192
2.735e-05	41787.192
2.735e-05	41787.192
2.733e-05	4355.00352048
2.733e-05	4355.00352048
2.733e-05	4355.00352048
2.736e-05	1506.59829952
2.736e-05	1506.59829952
2.736e-05	1506.59829952
2.732e-05	602.33519034
2.732e-05	602.33519034
2.732e-05	602.33519034
2.732e-05	602.33519034
2.732e-05	602.33519034
2.732e-05	602.33519034
2.732e-05	602.33519034
2.732e-05	602.33519034
2.732e-05	602.33519034
2.732e-05	602.33519034
2.732e-05	602.33519034
2.732e-05	602.33519034
2.732e-05	602.33519034
2.732e-05	602.33519034
2.732e-05	602.33519034
2.732e-05	602.33519034
2.732e-05	602.33519034
2.732e-05	602.33519034
2.732e-05	602.33519034
2.732e-05	602.33519034
2.732e-05	602.33519034
2.71e-05	14625.3926907
2.71e-05	14625.3926907
2.71e-05	14625.3926907
2.711e-05	3838.60414631
2.711e-05	3838.60414631
2.711e-05	3838.60414631
2.721e-05	109561.04
2.721e-05	109561.04
2.721e-05	109561.04
2.711e-05	3838.60414631
2.711e-05	3838.60414631
2.711e-05	3838.60414631
2.734e-05	3806.31157303
2.734e-05	3806.31157303
2.734e-05	3806.31157303
2.741e-05	25993.133
2.741e-05	25993.133
2.741e-05	25993.133
2.741e-05	25993.133
2.741e-05	25993.133
2.741e-05	25993.133
2.741e-05	25993.133
2.741e-05	25993.133
2.741e-05	25993.133
2.741e-05	66444.301
2.741e-05	66444.301
2.741e-05	66444.301
2.741e-05	66444.301
2.741e-05	66444.301
2.741e-05	66444.301
2.741e-05	66444.301
2.741e-05	66444.301
2.741e-05	66444.301
2.741e-05	66444.301
2.741e-05	66444.301
2.741e-05	66444.301
2.74e-05	28935.2754033
2.74e-05	28935.2754033
2.74e-05	28935.2754033
2.74e-05	28935.2754033
2.74e-05	28935.2754033
2.74e-05	28935.2754033
2.745e-05	576.17825962
2.745e-05	576.17825962
2.745e-05	576.17825962
2.74e-05	28935.2754033
2.74e-05	28935.2754033
2.74e-05	28935.2754033
2.745e-05	576.17825962
2.745e-05	576.17825962
2.745e-05	576.17825962
2.745e-05	576.17825962
2.745e-05	576.17825962
2.745e-05	576.17825962
2.745e-05	576.17825962
2.745e-05	576.17825962
2.745e-05	576.17825962
2.745e-05	576.17825962
2.745e-05	576.17825962
2.745e-05	576.17825962
2.741e-05	118169.285
2.741e-05	118169.285
2.741e-05	118169.285
2.745e-05	576.17825962
2.745e-05	576.17825962
2.745e-05	576.17825962
2.746e-05	3789.67801918
2.746e-05	3789.67801918
2.746e-05	3789.67801918
2.752e-05	46823.8504796
2.752e-05	46823.8504796
2.752e-05	46823.8504796
2.743e-05	3793.82276364
2.743e-05	3793.82276364
2.743e-05	3793.82276364
2.741e-05	88426.92
2.741e-05	88426.92
2.741e-05	88426.92
2.741e-05	19372.428
2.741e-05	19372.428
2.741e-05	19372.428
2.726e-05	3817.48196649
2.726e-05	3817.48196649
2.726e-05	3817.48196649
2.745e-05	3549.48846727
2.745e-05	3549.48846727
2.745e-05	3549.48846727
2.745e-05	3549.48846727
2.745e-05	3549.48846727
2.745e-05	3549.48846727
2.74e-05	28935.2754033
2.74e-05	28935.2754033
2.74e-05	28935.2754033
2.717e-05	3830.12728769
2.717e-05	3830.12728769
2.717e-05	3830.12728769
2.74e-05	28935.2754033
2.74e-05	28935.2754033
2.74e-05	28935.2754033
2.737e-05	3802.13951065
2.737e-05	3802.13951065
2.737e-05	3802.13951065
2.737e-05	3802.13951065
2.737e-05	3802.13951065
2.737e-05	3802.13951065
2.737e-05	3802.13951065
2.737e-05	3802.13951065
2.737e-05	3802.13951065
2.74e-05	28935.2754033
2.74e-05	28935.2754033
2.74e-05	28935.2754033
2.741e-05	3796.59096704
2.741e-05	3796.59096704
2.741e-05	3796.59096704
2.741e-05	3796.59096704
2.741e-05	3796.59096704
2.741e-05	3796.59096704
2.741e-05	3796.59096704
2.741e-05	3796.59096704
2.741e-05	3796.59096704
2.745e-05	576.17825962
2.745e-05	576.17825962
2.745e-05	576.17825962
2.746e-05	3789.67801918
2.746e-05	3789.67801918
2.746e-05	3789.67801918
2.746e-05	3789.67801918
2.746e-05	3789.67801918
2.746e-05	3789.67801918
2.746e-05	3789.67801918
2.746e-05	3789.67801918
2.746e-05	3789.67801918
2.757e-05	64082.8429489
2.757e-05	64082.8429489
2.757e-05	64082.8429489
2.745e-05	576.17825962
2.745e-05	576.17825962
2.745e-05	576.17825962
2.74e-05	28935.2754033
2.74e-05	28935.2754033
2.74e-05	28935.2754033
2.745e-05	576.17825962
2.745e-05	576.17825962
2.745e-05	576.17825962
2.745e-05	576.17825962
2.745e-05	576.17825962
2.745e-05	576.17825962
2.745e-05	576.17825962
2.745e-05	576.17825962
2.745e-05	576.17825962
2.745e-05	576.17825962
2.745e-05	576.17825962
2.745e-05	576.17825962
2.745e-05	576.17825962
2.745e-05	576.17825962
2.745e-05	576.17825962
2.745e-05	576.17825962
2.745e-05	576.17825962
2.745e-05	576.17825962
2.745e-05	576.17825962
2.745e-05	576.17825962
2.745e-05	576.17825962
2.741e-05	3796.59096704
2.741e-05	3796.59096704
2.741e-05	3796.59096704
2.741e-05	3796.59096704
2.741e-05	3796.59096704
2.741e-05	3796.59096704
2.745e-05	576.17825962
2.745e-05	576.17825962
2.745e-05	576.17825962
2.746e-05	3789.67801918
2.746e-05	3789.67801918
2.746e-05	3789.67801918
2.741e-05	3796.59096704
2.741e-05	3796.59096704
2.741e-05	3796.59096704
2.71e-05	14625.3926907
2.71e-05	14625.3926907
2.71e-05	14625.3926907
2.716e-05	22.77629417
2.716e-05	22.77629417
2.716e-05	22.77629417
2.71e-05	14625.3926907
2.71e-05	14625.3926907
2.71e-05	14625.3926907
2.71e-05	14625.3926907
2.71e-05	14625.3926907
2.71e-05	14625.3926907
2.71e-05	14625.3926907
2.71e-05	14625.3926907
2.71e-05	14625.3926907
2.71e-05	14625.3926907
2.71e-05	14625.3926907
2.71e-05	14625.3926907
2.71e-05	14625.3926907
2.71e-05	14625.3926907
2.71e-05	14625.3926907
2.726e-05	3817.48196649
2.726e-05	3817.48196649
2.726e-05	3817.48196649
2.711e-05	3838.60414631
2.711e-05	3838.60414631
2.711e-05	3838.60414631
2.732e-05	9846.64015191
2.732e-05	9846.64015191
2.732e-05	9846.64015191
2.733e-05	104008.904
2.733e-05	104008.904
2.733e-05	104008.904
2.74e-05	132265.92
2.74e-05	132265.92
2.74e-05	132265.92
2.74e-05	132265.92
2.74e-05	132265.92
2.74e-05	132265.92
2.742e-05	16246.627
2.742e-05	16246.627
2.742e-05	16246.627
2.744e-05	11034.172
2.744e-05	11034.172
2.744e-05	11034.172
2.733e-05	3807.70429589
2.733e-05	3807.70429589
2.733e-05	3807.70429589
2.743e-05	17914.733
2.743e-05	17914.733
2.743e-05	17914.733
2.744e-05	3792.44017517
2.744e-05	3792.44017517
2.744e-05	3792.44017517
2.75e-05	250.0
2.75e-05	250.0
2.75e-05	250.0
2.75e-05	250.0
2.75e-05	250.0
2.75e-05	250.0
2.75e-05	250.0
2.75e-05	250.0
2.75e-05	250.0
2.75e-05	250.0
2.75e-05	250.0
2.75e-05	250.0
2.75e-05	250.0
2.75e-05	250.0
2.75e-05	250.0
2.75e-05	250.0
2.75e-05	250.0
2.75e-05	250.0
2.753e-05	84943.983
2.753e-05	84943.983
2.753e-05	84943.983
2.753e-05	84943.983
2.753e-05	84943.983
2.753e-05	84943.983
2.752e-05	3781.41563977
2.752e-05	3781.41563977
2.752e-05	3781.41563977
2.752e-05	3781.41563977
2.752e-05	3781.41563977
2.752e-05	3781.41563977
2.752e-05	3781.41563977
2.752e-05	3781.41563977
2.752e-05	3781.41563977
2.75e-05	250.0
2.75e-05	250.0
2.75e-05	250.0
2.75e-05	250.0
2.75e-05	250.0
2.75e-05	250.0
2.75e-05	250.0
2.75e-05	250.0
2.75e-05	250.0
2.731e-05	131439.258
2.731e-05	131439.258
2.731e-05	131439.258
2.737e-05	3802.13951065
2.737e-05	3802.13951065
2.737e-05	3802.13951065
2.737e-05	3802.13951065
2.737e-05	3802.13951065
2.737e-05	3802.13951065
2.738e-05	3800.75085488
2.738e-05	3800.75085488
2.738e-05	3800.75085488
2.74e-05	3797.97658418
2.74e-05	3797.97658418
2.74e-05	3797.97658418
2.741e-05	3796.59096704
2.741e-05	3796.59096704
2.741e-05	3796.59096704
2.736e-05	3803.52918153
2.736e-05	3803.52918153
2.736e-05	3803.52918153
2.736e-05	3803.52918153
2.736e-05	3803.52918153
2.736e-05	3803.52918153
2.724e-05	134194.798
2.724e-05	134194.798
2.724e-05	134194.798
2.736e-05	3803.52918153
2.736e-05	3803.52918153
2.736e-05	3803.52918153
2.735e-05	36077.9228336
2.735e-05	36077.9228336
2.735e-05	36077.9228336
2.737e-05	3644.50127877
2.737e-05	3644.50127877
2.737e-05	3644.50127877
2.737e-05	3644.50127877
2.737e-05	3644.50127877
2.737e-05	3644.50127877
2.736e-05	3803.52918153
2.736e-05	3803.52918153
2.736e-05	3803.52918153
2.738e-05	3800.75085488
2.738e-05	3800.75085488
2.738e-05	3800.75085488
2.738e-05	3800.75085488
2.738e-05	3800.75085488
2.738e-05	3800.75085488
2.735e-05	36077.9228336
2.735e-05	36077.9228336
2.735e-05	36077.9228336
2.737e-05	3644.50127877
2.737e-05	3644.50127877
2.737e-05	3644.50127877
2.737e-05	3644.50127877
2.737e-05	3644.50127877
2.737e-05	3644.50127877
2.735e-05	36077.9228336
2.735e-05	36077.9228336
2.735e-05	36077.9228336
2.738e-05	3800.75085488
2.738e-05	3800.75085488
2.738e-05	3800.75085488
2.738e-05	3800.75085488
2.738e-05	3800.75085488
2.738e-05	3800.75085488
2.738e-05	3800.75085488
2.738e-05	3800.75085488
2.738e-05	3800.75085488
2.738e-05	3800.75085488
2.738e-05	3800.75085488
2.738e-05	3800.75085488
2.743e-05	2410.07855326
2.743e-05	2410.07855326
2.743e-05	2410.07855326
2.744e-05	3792.44017517
2.744e-05	3792.44017517
2.744e-05	3792.44017517
2.744e-05	24320.1211752
2.744e-05	24320.1211752
2.744e-05	24320.1211752
2.747e-05	3788.29844946
2.747e-05	3788.29844946
2.747e-05	3788.29844946
2.743e-05	2383.98427087
2.743e-05	2383.98427087
2.743e-05	2383.98427087
2.743e-05	2383.98427087
2.743e-05	2383.98427087
2.743e-05	2383.98427087
2.745e-05	1334.18840984
2.745e-05	1334.18840984
2.745e-05	1334.18840984
2.745e-05	1334.18840984
2.745e-05	1334.18840984
2.745e-05	1334.18840984
2.745e-05	5125.24700389
2.745e-05	5125.24700389
2.745e-05	5125.24700389
2.746e-05	3789.67801918
2.746e-05	3789.67801918
2.746e-05	3789.67801918
2.744e-05	3792.44017517
2.744e-05	3792.44017517
2.744e-05	3792.44017517
2.744e-05	3792.44017517
2.744e-05	3792.44017517
2.744e-05	3792.44017517
2.745e-05	25779.2284098
2.745e-05	25779.2284098
2.745e-05	25779.2284098
2.743e-05	2383.98427087
2.743e-05	2383.98427087
2.743e-05	2383.98427087
2.743e-05	2383.98427087
2.743e-05	2383.98427087
2.743e-05	2383.98427087
2.724e-05	130888.15
2.724e-05	130888.15
2.724e-05	130888.15
2.737e-05	3644.50127877
2.737e-05	3644.50127877
2.737e-05	3644.50127877
2.741e-05	1399.80546972
2.741e-05	1399.80546972
2.741e-05	1399.80546972
2.741e-05	1399.80546972
2.741e-05	1399.80546972
2.741e-05	1399.80546972
2.741e-05	1399.80546972
2.741e-05	1399.80546972
2.741e-05	1399.80546972
2.741e-05	1399.80546972
2.741e-05	1399.80546972
2.741e-05	1399.80546972
2.738e-05	3800.75085488
2.738e-05	3800.75085488
2.738e-05	3800.75085488
2.724e-05	57233.591
2.724e-05	57233.591
2.724e-05	57233.591
2.72e-05	1844.91989063
2.72e-05	1844.91989063
2.72e-05	1844.91989063
2.727e-05	23336.588
2.727e-05	23336.588
2.727e-05	23336.588
2.723e-05	3821.68778577
2.723e-05	3821.68778577
2.723e-05	3821.68778577
2.72e-05	4249.06285203
2.72e-05	4249.06285203
2.72e-05	4249.06285203
2.704e-05	16337.109
2.704e-05	16337.109
2.704e-05	16337.109
2.702e-05	76868.29
2.702e-05	76868.29
2.702e-05	76868.29
2.7e-05	1454.78321389
2.7e-05	1454.78321389
2.7e-05	1454.78321389
2.706e-05	3406.42573168
2.706e-05	3406.42573168
2.706e-05	3406.42573168
2.715e-05	24.26543936
2.715e-05	24.26543936
2.715e-05	24.26543936
2.705e-05	554.52865065
2.705e-05	554.52865065
2.705e-05	554.52865065
2.706e-05	11058.8077106
2.706e-05	11058.8077106
2.706e-05	11058.8077106
2.713e-05	3835.77436073
2.713e-05	3835.77436073
2.713e-05	3835.77436073
2.709e-05	84006.999
2.709e-05	84006.999
2.709e-05	84006.999
2.719e-05	128270.387
2.719e-05	128270.387
2.719e-05	128270.387
2.733e-05	35144.6944749
2.733e-05	35144.6944749
2.733e-05	35144.6944749
2.71e-05	122483.753
2.71e-05	122483.753
2.71e-05	122483.753
2.711e-05	3838.60414631
2.711e-05	3838.60414631
2.711e-05	3838.60414631
2.714e-05	3834.36103193
2.714e-05	3834.36103193
2.714e-05	3834.36103193
2.707e-05	113858.182
2.707e-05	113858.182
2.707e-05	113858.182
2.706e-05	11058.8077106
2.706e-05	11058.8077106
2.706e-05	11058.8077106
2.706e-05	11058.8077106
2.706e-05	11058.8077106
2.706e-05	11058.8077106
2.707e-05	3844.27626179
2.707e-05	3844.27626179
2.707e-05	3844.27626179
2.707e-05	3844.27626179
2.707e-05	3844.27626179
2.707e-05	3844.27626179
2.712e-05	89203.297
2.712e-05	89203.297
2.712e-05	89203.297
2.718e-05	26.33429602
2.718e-05	26.33429602
2.718e-05	26.33429602
2.725e-05	3818.8828773
2.725e-05	3818.8828773
2.725e-05	3818.8828773
2.726e-05	26.25701269
2.726e-05	26.25701269
2.726e-05	26.25701269
2.726e-05	26.25701269
2.726e-05	26.25701269
2.726e-05	26.25701269
2.726e-05	26.25701269
2.726e-05	26.25701269
2.726e-05	26.25701269
2.725e-05	3818.8828773
2.725e-05	3818.8828773
2.725e-05	3818.8828773
2.724e-05	20000.0
2.724e-05	20000.0
2.724e-05	20000.0
2.725e-05	3818.8828773
2.725e-05	3818.8828773
2.725e-05	3818.8828773
2.724e-05	20000.0
2.724e-05	20000.0
2.724e-05	20000.0
2.724e-05	20000.0
2.724e-05	20000.0
2.724e-05	20000.0
2.718e-05	3828.7181165
2.718e-05	3828.7181165
2.718e-05	3828.7181165
2.724e-05	20100.0
2.724e-05	20100.0
2.724e-05	20100.0
2.724e-05	20100.0
2.724e-05	20100.0
2.724e-05	20100.0
2.725e-05	3818.8828773
2.725e-05	3818.8828773
2.725e-05	3818.8828773
2.725e-05	3818.8828773
2.725e-05	3818.8828773
2.725e-05	3818.8828773
2.729e-05	3813.28539416
2.729e-05	3813.28539416
2.729e-05	3813.28539416
2.728e-05	50916.473
2.728e-05	50916.473
2.728e-05	50916.473
2.732e-05	26.19934721
2.732e-05	26.19934721
2.732e-05	26.19934721
2.731e-05	100.0
2.731e-05	100.0
2.731e-05	100.0
2.728e-05	3814.68322605
2.728e-05	3814.68322605
2.728e-05	3814.68322605
2.728e-05	3814.68322605
2.728e-05	3814.68322605
2.728e-05	3814.68322605
2.728e-05	3814.68322605
2.728e-05	3814.68322605
2.728e-05	3814.68322605
2.731e-05	100.0
2.731e-05	100.0
2.731e-05	100.0
2.728e-05	103448.012
2.728e-05	103448.012
2.728e-05	103448.012
2.726e-05	3817.48196649
2.726e-05	3817.48196649
2.726e-05	3817.48196649
2.725e-05	3818.8828773
2.725e-05	3818.8828773
2.725e-05	3818.8828773
2.71e-05	107453.028
2.71e-05	107453.028
2.71e-05	107453.028
2.724e-05	20000.0
2.724e-05	20000.0
2.724e-05	20000.0
2.724e-05	20000.0
2.724e-05	20000.0
2.724e-05	20000.0
2.722e-05	136399.23
2.722e-05	136399.23
2.722e-05	136399.23
2.72e-05	122759.307
2.72e-05	122759.307
2.72e-05	122759.307
2.724e-05	3820.28481669
2.724e-05	3820.28481669
2.724e-05	3820.28481669
2.728e-05	21.28001321
2.728e-05	21.28001321
2.728e-05	21.28001321
2.714e-05	3834.36103193
2.714e-05	3834.36103193
2.714e-05	3834.36103193
2.721e-05	3824.49681759
2.721e-05	3824.49681759
2.721e-05	3824.49681759
2.727e-05	22529.2324945
2.727e-05	22529.2324945
2.727e-05	22529.2324945
2.729e-05	127.43985434
2.729e-05	127.43985434
2.729e-05	127.43985434
2.727e-05	22529.2324945
2.727e-05	22529.2324945
2.727e-05	22529.2324945
2.732e-05	11864.829
2.732e-05	11864.829
2.732e-05	11864.829
2.733e-05	20678.561
2.733e-05	20678.561
2.733e-05	20678.561
2.73e-05	3811.88858632
2.73e-05	3811.88858632
2.73e-05	3811.88858632
2.73e-05	3811.88858632
2.73e-05	3811.88858632
2.73e-05	3811.88858632
2.73e-05	3811.88858632
2.73e-05	3811.88858632
2.73e-05	3811.88858632
2.735e-05	20344.9224524
2.735e-05	20344.9224524
2.735e-05	20344.9224524
2.735e-05	20344.9224524
2.735e-05	20344.9224524
2.735e-05	20344.9224524
2.736e-05	3803.52918153
2.736e-05	3803.52918153
2.736e-05	3803.52918153
2.735e-05	20344.9224524
2.735e-05	20344.9224524
2.735e-05	20344.9224524
2.735e-05	20344.9224524
2.735e-05	20344.9224524
2.735e-05	20344.9224524
2.739e-05	102270.858
2.739e-05	102270.858
2.739e-05	102270.858
2.737e-05	31088.445
2.737e-05	31088.445
2.737e-05	31088.445
2.75e-05	11964.0658636
2.75e-05	11964.0658636
2.75e-05	11964.0658636
2.751e-05	299.97467365
2.751e-05	299.97467365
2.751e-05	299.97467365
2.751e-05	299.97467365
2.751e-05	299.97467365
2.751e-05	299.97467365
2.75e-05	11964.0658636
2.75e-05	11964.0658636
2.75e-05	11964.0658636
2.75e-05	11964.0658636
2.75e-05	11964.0658636
2.75e-05	11964.0658636
2.75e-05	11964.0658636
2.75e-05	11964.0658636
2.75e-05	11964.0658636
2.735e-05	533.55709689
2.735e-05	533.55709689
2.735e-05	533.55709689
2.735e-05	533.55709689
2.735e-05	533.55709689
2.735e-05	533.55709689
2.735e-05	533.55709689
2.735e-05	533.55709689
2.735e-05	533.55709689
2.731e-05	3810.49280141
2.731e-05	3810.49280141
2.731e-05	3810.49280141
2.731e-05	3810.49280141
2.731e-05	3810.49280141
2.731e-05	3810.49280141
2.73e-05	4011.88858632
2.73e-05	4011.88858632
2.73e-05	4011.88858632
2.73e-05	4011.88858632
2.73e-05	4011.88858632
2.73e-05	4011.88858632
2.73e-05	4011.88858632
2.73e-05	4011.88858632
2.73e-05	4011.88858632
2.73e-05	4011.88858632
2.73e-05	4011.88858632
2.73e-05	4011.88858632
2.73e-05	4011.88858632
2.73e-05	4011.88858632
2.73e-05	4011.88858632
2.73e-05	4011.88858632
2.73e-05	4011.88858632
2.73e-05	4011.88858632
2.727e-05	22712.1257838
2.727e-05	22712.1257838
2.727e-05	22712.1257838
2.714e-05	3834.36103193
2.714e-05	3834.36103193
2.714e-05	3834.36103193
2.711e-05	3838.60414631
2.711e-05	3838.60414631
2.711e-05	3838.60414631
2.695e-05	200.0
2.695e-05	200.0
2.695e-05	200.0
2.692e-05	985.27117385
2.692e-05	985.27117385
2.692e-05	985.27117385
2.699e-05	83908.6545847
2.699e-05	83908.6545847
2.699e-05	83908.6545847
2.699e-05	83908.6545847
2.699e-05	83908.6545847
2.699e-05	83908.6545847
2.701e-05	11157.8835839
2.701e-05	11157.8835839
2.701e-05	11157.8835839
2.701e-05	11157.8835839
2.701e-05	11157.8835839
2.701e-05	11157.8835839
2.701e-05	11157.8835839
2.701e-05	11157.8835839
2.701e-05	11157.8835839
2.702e-05	10127.2967582
2.702e-05	10127.2967582
2.702e-05	10127.2967582
2.701e-05	11157.8835839
2.701e-05	11157.8835839
2.701e-05	11157.8835839
2.706e-05	11560.3165022
2.706e-05	11560.3165022
2.706e-05	11560.3165022
2.706e-05	11560.3165022
2.706e-05	11560.3165022
2.706e-05	11560.3165022
2.702e-05	6275.90673575
2.702e-05	6275.90673575
2.702e-05	6275.90673575
2.702e-05	6275.90673575
2.702e-05	6275.90673575
2.702e-05	6275.90673575
2.702e-05	6275.90673575
2.702e-05	6275.90673575
2.702e-05	6275.90673575
2.696e-05	3859.96136523
2.696e-05	3859.96136523
2.696e-05	3859.96136523
2.677e-05	4364.09436229
2.677e-05	4364.09436229
2.677e-05	4364.09436229
2.685e-05	116258.337
2.685e-05	116258.337
2.685e-05	116258.337
2.689e-05	43.36471885
2.689e-05	43.36471885
2.689e-05	43.36471885
2.68e-05	117636.455
2.68e-05	117636.455
2.68e-05	117636.455
2.691e-05	3867.13334844
2.691e-05	3867.13334844
2.691e-05	3867.13334844
2.681e-05	20000.0
2.681e-05	20000.0
2.681e-05	20000.0
2.683e-05	52908.089
2.683e-05	52908.089
2.683e-05	52908.089
2.684e-05	45471.855
2.684e-05	45471.855
2.684e-05	45471.855
2.685e-05	3875.77498721
2.685e-05	3875.77498721
2.685e-05	3875.77498721
2.681e-05	20000.0
2.681e-05	20000.0
2.681e-05	20000.0
2.68e-05	23.0
2.68e-05	23.0
2.68e-05	23.0
2.681e-05	16775.2219749
2.681e-05	16775.2219749
2.681e-05	16775.2219749
2.681e-05	12893.6644066
2.681e-05	12893.6644066
2.681e-05	12893.6644066
2.682e-05	353.12678983
2.682e-05	353.12678983
2.682e-05	353.12678983
2.687e-05	29.84289304
2.687e-05	29.84289304
2.687e-05	29.84289304
2.691e-05	21762.4545034
2.691e-05	21762.4545034
2.691e-05	21762.4545034
2.7e-05	26.50985799
2.7e-05	26.50985799
2.7e-05	26.50985799
2.695e-05	8343.29830658
2.695e-05	8343.29830658
2.695e-05	8343.29830658
2.691e-05	3867.13334844
2.691e-05	3867.13334844
2.691e-05	3867.13334844
2.695e-05	3887.95267431
2.695e-05	3887.95267431
2.695e-05	3887.95267431
2.698e-05	15305.955
2.698e-05	15305.955
2.698e-05	15305.955
2.697e-05	86400.0
2.697e-05	86400.0
2.697e-05	86400.0
2.7e-05	96010.85
2.7e-05	96010.85
2.7e-05	96010.85
2.711e-05	3838.60414631
2.711e-05	3838.60414631
2.711e-05	3838.60414631
2.718e-05	3828.7181165
2.718e-05	3828.7181165
2.718e-05	3828.7181165
2.717e-05	501633.610757
2.717e-05	501633.610757
2.717e-05	501633.610757
2.695e-05	26.55904141
2.695e-05	26.55904141
2.695e-05	26.55904141
2.696e-05	3859.96136523
2.696e-05	3859.96136523
2.696e-05	3859.96136523
2.699e-05	41210.055
2.699e-05	41210.055
2.699e-05	41210.055
2.683e-05	3878.6641225
2.683e-05	3878.6641225
2.683e-05	3878.6641225
2.687e-05	3872.89015283
2.687e-05	3872.89015283
2.687e-05	3872.89015283
2.682e-05	353.12678983
2.682e-05	353.12678983
2.682e-05	353.12678983
2.69e-05	56843.77
2.69e-05	56843.77
2.69e-05	56843.77
2.687e-05	3872.89015283
2.687e-05	3872.89015283
2.687e-05	3872.89015283
2.693e-05	28701.1172327
2.693e-05	28701.1172327
2.693e-05	28701.1172327
2.686e-05	91868.979
2.686e-05	91868.979
2.686e-05	91868.979
2.701e-05	19845.093
2.701e-05	19845.093
2.701e-05	19845.093
2.689e-05	79760.666
2.689e-05	79760.666
2.689e-05	79760.666
2.681e-05	36833.3520039
2.681e-05	36833.3520039
2.681e-05	36833.3520039
2.686e-05	124688.185
2.686e-05	124688.185
2.686e-05	124688.185
2.681e-05	36833.3520039
2.681e-05	36833.3520039
2.681e-05	36833.3520039
2.688e-05	4493.57630044
2.688e-05	4493.57630044
2.688e-05	4493.57630044
2.682e-05	453.12678983
2.682e-05	453.12678983
2.682e-05	453.12678983
2.682e-05	453.12678983
2.682e-05	453.12678983
2.682e-05	453.12678983
2.681e-05	36833.3520039
2.681e-05	36833.3520039
2.681e-05	36833.3520039
2.685e-05	26.65795776
2.685e-05	26.65795776
2.685e-05	26.65795776
2.687e-05	26.63811559
2.687e-05	26.63811559
2.687e-05	26.63811559
2.682e-05	453.12678983
2.682e-05	453.12678983
2.682e-05	453.12678983
2.69e-05	50.0
2.69e-05	50.0
2.69e-05	50.0
2.69e-05	50.0
2.69e-05	50.0
2.69e-05	50.0
2.694e-05	26.56889999
2.694e-05	26.56889999
2.694e-05	26.56889999
2.69e-05	50.0
2.69e-05	50.0
2.69e-05	50.0
2.688e-05	42424.107
2.688e-05	42424.107
2.688e-05	42424.107
2.694e-05	32414.631
2.694e-05	32414.631
2.694e-05	32414.631
2.697e-05	10966.956
2.697e-05	10966.956
2.697e-05	10966.956
2.692e-05	15936.634
2.692e-05	15936.634
2.692e-05	15936.634
2.691e-05	20414.0009724
2.691e-05	20414.0009724
2.691e-05	20414.0009724
2.7e-05	20429.2543167
2.7e-05	20429.2543167
2.7e-05	20429.2543167
2.703e-05	3849.96516487
2.703e-05	3849.96516487
2.703e-05	3849.96516487
2.703e-05	29858.101
2.703e-05	29858.101
2.703e-05	29858.101
2.705e-05	32939.1297089
2.705e-05	32939.1297089
2.705e-05	32939.1297089
2.7e-05	20429.2543167
2.7e-05	20429.2543167
2.7e-05	20429.2543167
2.693e-05	18616.162
2.693e-05	18616.162
2.693e-05	18616.162
2.698e-05	109308.351
2.698e-05	109308.351
2.698e-05	109308.351
2.7e-05	20429.2543167
2.7e-05	20429.2543167
2.7e-05	20429.2543167
2.701e-05	29096.432
2.701e-05	29096.432
2.701e-05	29096.432
2.701e-05	3854.14540918
2.701e-05	3854.14540918
2.701e-05	3854.14540918
2.702e-05	22716.722
2.702e-05	22716.722
2.702e-05	22716.722
2.7e-05	20429.2543167
2.7e-05	20429.2543167
2.7e-05	20429.2543167
2.706e-05	3847.02392838
2.706e-05	3847.02392838
2.706e-05	3847.02392838
2.7e-05	20429.2543167
2.7e-05	20429.2543167
2.7e-05	20429.2543167
2.706e-05	3847.02392838
2.706e-05	3847.02392838
2.706e-05	3847.02392838
2.707e-05	64171.98
2.707e-05	64171.98
2.707e-05	64171.98
2.702e-05	3852.71900451
2.702e-05	3852.71900451
2.702e-05	3852.71900451
2.7e-05	3855.57287044
2.7e-05	3855.57287044
2.7e-05	3855.57287044
2.7e-05	3855.57287044
2.7e-05	3855.57287044
2.7e-05	3855.57287044
2.713e-05	28550.3844599
2.713e-05	28550.3844599
2.713e-05	28550.3844599
2.714e-05	20662.1804514
2.714e-05	20662.1804514
2.714e-05	20662.1804514
2.715e-05	3834.27136287
2.715e-05	3834.27136287
2.715e-05	3834.27136287
2.725e-05	57786.1707477
2.725e-05	57786.1707477
2.725e-05	57786.1707477
2.727e-05	11043.2914081
2.727e-05	11043.2914081
2.727e-05	11043.2914081
2.728e-05	10782.0996279
2.728e-05	10782.0996279
2.728e-05	10782.0996279
2.728e-05	10782.0996279
2.728e-05	10782.0996279
2.728e-05	10782.0996279
2.727e-05	11043.2914081
2.727e-05	11043.2914081
2.727e-05	11043.2914081
2.727e-05	11043.2914081
2.727e-05	11043.2914081
2.727e-05	11043.2914081
2.727e-05	11043.2914081
2.727e-05	11043.2914081
2.727e-05	11043.2914081
2.727e-05	11043.2914081
2.727e-05	11043.2914081
2.727e-05	11043.2914081
2.73e-05	30814.5343269
2.73e-05	30814.5343269
2.73e-05	30814.5343269
2.73e-05	30814.5343269
2.73e-05	30814.5343269
2.73e-05	30814.5343269
2.727e-05	11043.2914081
2.727e-05	11043.2914081
2.727e-05	11043.2914081
2.728e-05	14991.7521994
2.728e-05	14991.7521994
2.728e-05	14991.7521994
2.728e-05	14991.7521994
2.728e-05	14991.7521994
2.728e-05	14991.7521994
2.732e-05	4.5e-07
2.732e-05	4.5e-07
2.732e-05	4.5e-07
2.732e-05	4.5e-07
2.732e-05	4.5e-07
2.732e-05	4.5e-07
2.732e-05	4.5e-07
2.732e-05	4.5e-07
2.732e-05	4.5e-07
2.732e-05	4.5e-07
2.732e-05	4.5e-07
2.732e-05	4.5e-07
2.732e-05	4.5e-07
2.732e-05	4.5e-07
2.732e-05	4.5e-07
2.732e-05	4.5e-07
2.732e-05	4.5e-07
2.732e-05	4.5e-07
2.732e-05	4.5e-07
2.732e-05	4.5e-07
2.732e-05	4.5e-07
2.732e-05	4.5e-07
2.732e-05	4.5e-07
2.732e-05	4.5e-07
2.732e-05	4.5e-07
2.732e-05	4.5e-07
2.732e-05	4.5e-07
2.732e-05	4.5e-07
2.732e-05	4.5e-07
2.732e-05	4.5e-07
2.732e-05	4.5e-07
2.732e-05	4.5e-07
2.732e-05	4.5e-07
2.728e-05	14991.7521994
2.728e-05	14991.7521994
2.728e-05	14991.7521994
2.732e-05	4.5e-07
2.732e-05	4.5e-07
2.732e-05	4.5e-07
2.733e-05	75.79228097
2.733e-05	75.79228097
2.733e-05	75.79228097
2.733e-05	75.79228097
2.733e-05	75.79228097
2.733e-05	75.79228097
2.732e-05	4.5e-07
2.732e-05	4.5e-07
2.732e-05	4.5e-07
2.732e-05	3648.50036621
2.732e-05	3648.50036621
2.732e-05	3648.50036621
2.732e-05	3648.50036621
2.732e-05	3648.50036621
2.732e-05	3648.50036621
2.732e-05	3648.50036621
2.732e-05	3648.50036621
2.732e-05	3648.50036621
2.728e-05	14991.7521994
2.728e-05	14991.7521994
2.728e-05	14991.7521994
2.728e-05	14991.7521994
2.728e-05	14991.7521994
2.728e-05	14991.7521994
2.728e-05	14991.7521994
2.728e-05	14991.7521994
2.728e-05	14991.7521994
2.728e-05	14991.7521994
2.728e-05	14991.7521994
2.728e-05	14991.7521994
2.728e-05	14991.7521994
2.728e-05	14991.7521994
2.728e-05	14991.7521994
2.727e-05	11043.2914081
2.727e-05	11043.2914081
2.727e-05	11043.2914081
2.72e-05	4134.82770216
2.72e-05	4134.82770216
2.72e-05	4134.82770216
2.727e-05	11043.2914081
2.727e-05	11043.2914081
2.727e-05	11043.2914081
2.713e-05	4145.49625871
2.713e-05	4145.49625871
2.713e-05	4145.49625871
2.727e-05	11043.2914081
2.727e-05	11043.2914081
2.727e-05	11043.2914081
2.727e-05	11043.2914081
2.727e-05	11043.2914081
2.727e-05	11043.2914081
2.727e-05	11043.2914081
2.727e-05	11043.2914081
2.727e-05	11043.2914081
2.704e-05	4159.29413827
2.704e-05	4159.29413827
2.704e-05	4159.29413827
2.71e-05	4150.08536896
2.71e-05	4150.08536896
2.71e-05	4150.08536896
2.71e-05	4150.08536896
2.71e-05	4150.08536896
2.71e-05	4150.08536896
2.708e-05	4153.15042463
2.708e-05	4153.15042463
2.708e-05	4153.15042463
2.707e-05	5198.10220816
2.707e-05	5198.10220816
2.707e-05	5198.10220816
2.702e-05	3500.0
2.702e-05	3500.0
2.702e-05	3500.0
2.702e-05	3500.0
2.702e-05	3500.0
2.702e-05	3500.0
2.702e-05	3500.0
2.702e-05	3500.0
2.702e-05	3500.0
2.703e-05	4160.83290784
2.703e-05	4160.83290784
2.703e-05	4160.83290784
2.702e-05	3500.0
2.702e-05	3500.0
2.702e-05	3500.0
2.703e-05	11639.398
2.703e-05	11639.398
2.703e-05	11639.398
2.707e-05	1149.15956158
2.707e-05	1149.15956158
2.707e-05	1149.15956158
2.707e-05	1149.15956158
2.707e-05	1149.15956158
2.707e-05	1149.15956158
2.707e-05	1149.15956158
2.707e-05	1149.15956158
2.707e-05	1149.15956158
2.708e-05	14253.1504246
2.708e-05	14253.1504246
2.708e-05	14253.1504246
2.708e-05	14153.1504246
2.708e-05	14153.1504246
2.708e-05	14153.1504246
2.708e-05	14153.1504246
2.708e-05	14153.1504246
2.708e-05	14153.1504246
2.711e-05	117533.199293
2.711e-05	117533.199293
2.711e-05	117533.199293
2.711e-05	117533.199293
2.711e-05	117533.199293
2.711e-05	117533.199293
2.712e-05	1185.06273507
2.712e-05	1185.06273507
2.712e-05	1185.06273507
2.712e-05	1185.06273507
2.712e-05	1185.06273507
2.712e-05	1185.06273507
2.712e-05	112405.422735
2.712e-05	112405.422735
2.712e-05	112405.422735
2.714e-05	1837.69344141
2.714e-05	1837.69344141
2.714e-05	1837.69344141
2.714e-05	1837.69344141
2.714e-05	1837.69344141
2.714e-05	1837.69344141
2.714e-05	1837.69344141
2.714e-05	1837.69344141
2.714e-05	1837.69344141
2.712e-05	1185.06273507
2.712e-05	1185.06273507
2.712e-05	1185.06273507
2.718e-05	1835.01245033
2.718e-05	1835.01245033
2.718e-05	1835.01245033
2.714e-05	1837.69344141
2.714e-05	1837.69344141
2.714e-05	1837.69344141
2.714e-05	1837.69344141
2.714e-05	1837.69344141
2.714e-05	1837.69344141
2.714e-05	1837.69344141
2.714e-05	1837.69344141
2.714e-05	1837.69344141
2.715e-05	4162.55840526
2.715e-05	4162.55840526
2.715e-05	4162.55840526
2.717e-05	1862.0083241
2.717e-05	1862.0083241
2.717e-05	1862.0083241
2.717e-05	1835.66433566
2.717e-05	1835.66433566
2.717e-05	1835.66433566
2.714e-05	1837.69344141
2.714e-05	1837.69344141
2.714e-05	1837.69344141
2.714e-05	1837.69344141
2.714e-05	1837.69344141
2.714e-05	1837.69344141
2.715e-05	4162.55840526
2.715e-05	4162.55840526
2.715e-05	4162.55840526
2.717e-05	1835.66433566
2.717e-05	1835.66433566
2.717e-05	1835.66433566
2.717e-05	1835.66433566
2.717e-05	1835.66433566
2.717e-05	1835.66433566
2.714e-05	1837.69344141
2.714e-05	1837.69344141
2.714e-05	1837.69344141
2.714e-05	1837.69344141
2.714e-05	1837.69344141
2.714e-05	1837.69344141
2.715e-05	17386.496
2.715e-05	17386.496
2.715e-05	17386.496
2.715e-05	17386.496
2.715e-05	17386.496
2.715e-05	17386.496
2.714e-05	1837.69344141
2.714e-05	1837.69344141
2.714e-05	1837.69344141
2.715e-05	4162.55840526
2.715e-05	4162.55840526
2.715e-05	4162.55840526
2.715e-05	4162.55840526
2.715e-05	4162.55840526
2.715e-05	4162.55840526
2.715e-05	4162.55840526
2.715e-05	4162.55840526
2.715e-05	4162.55840526
2.715e-05	4162.55840526
2.715e-05	4162.55840526
2.715e-05	4162.55840526
2.715e-05	4162.55840526
2.715e-05	4162.55840526
2.715e-05	4162.55840526
2.717e-05	1835.66433566
2.717e-05	1835.66433566
2.717e-05	1835.66433566
2.721e-05	92496.1842382
2.721e-05	92496.1842382
2.721e-05	92496.1842382
2.721e-05	92496.1842382
2.721e-05	92496.1842382
2.721e-05	92496.1842382
2.717e-05	1835.66433566
2.717e-05	1835.66433566
2.717e-05	1835.66433566
2.717e-05	1835.66433566
2.717e-05	1835.66433566
2.717e-05	1835.66433566
2.719e-05	22675.209
2.719e-05	22675.209
2.719e-05	22675.209
2.722e-05	1859.26141895
2.722e-05	1859.26141895
2.722e-05	1859.26141895
2.723e-05	26.28594071
2.723e-05	26.28594071
2.723e-05	26.28594071
2.722e-05	4370.50944281
2.722e-05	4370.50944281
2.722e-05	4370.50944281
2.725e-05	6439.88415963
2.725e-05	6439.88415963
2.725e-05	6439.88415963
2.722e-05	8522.36325261
2.722e-05	8522.36325261
2.722e-05	8522.36325261
2.722e-05	8522.36325261
2.722e-05	8522.36325261
2.722e-05	8522.36325261
2.722e-05	8522.36325261
2.722e-05	8522.36325261
2.722e-05	8522.36325261
2.722e-05	8522.36325261
2.722e-05	8522.36325261
2.722e-05	8522.36325261
2.717e-05	1835.66433566
2.717e-05	1835.66433566
2.717e-05	1835.66433566
2.717e-05	1835.66433566
2.717e-05	1835.66433566
2.717e-05	1835.66433566
2.714e-05	82375.017
2.714e-05	82375.017
2.714e-05	82375.017
2.715e-05	4162.55840526
2.715e-05	4162.55840526
2.715e-05	4162.55840526
2.716e-05	42322.123
2.716e-05	42322.123
2.716e-05	42322.123
2.718e-05	4157.96396994
2.718e-05	4157.96396994
2.718e-05	4157.96396994
2.717e-05	1835.66433566
2.717e-05	1835.66433566
2.717e-05	1835.66433566
2.719e-05	35553.791
2.719e-05	35553.791
2.719e-05	35553.791
2.717e-05	1835.66433566
2.717e-05	1835.66433566
2.717e-05	1835.66433566
2.718e-05	4157.96396994
2.718e-05	4157.96396994
2.718e-05	4157.96396994
2.721e-05	18458.6362829
2.721e-05	18458.6362829
2.721e-05	18458.6362829
2.721e-05	18432.3310214
2.721e-05	18432.3310214
2.721e-05	18432.3310214
2.718e-05	4157.96396994
2.718e-05	4157.96396994
2.718e-05	4157.96396994
2.726e-05	123034.861
2.726e-05	123034.861
2.726e-05	123034.861
2.725e-05	1830.27522936
2.725e-05	1830.27522936
2.725e-05	1830.27522936
2.729e-05	43792.602
2.729e-05	43792.602
2.729e-05	43792.602
2.73e-05	11069.1226731
2.73e-05	11069.1226731
2.73e-05	11069.1226731
2.73e-05	11069.1226731
2.73e-05	11069.1226731
2.73e-05	11069.1226731
2.729e-05	43792.602
2.729e-05	43792.602
2.729e-05	43792.602
2.729e-05	43792.602
2.729e-05	43792.602
2.729e-05	43792.602
2.73e-05	11095.3412139
2.73e-05	11095.3412139
2.73e-05	11095.3412139
2.73e-05	11095.3412139
2.73e-05	11095.3412139
2.73e-05	11095.3412139
2.729e-05	43792.602
2.729e-05	43792.602
2.729e-05	43792.602
2.731e-05	26.20894052
2.731e-05	26.20894052
2.731e-05	26.20894052
2.73e-05	4139.68720523
2.73e-05	4139.68720523
2.73e-05	4139.68720523
2.73e-05	4139.68720523
2.73e-05	4139.68720523
2.73e-05	4139.68720523
2.73e-05	4139.68720523
2.73e-05	4139.68720523
2.73e-05	4139.68720523
2.73e-05	4139.68720523
2.73e-05	4139.68720523
2.73e-05	4139.68720523
2.73e-05	4139.68720523
2.73e-05	4139.68720523
2.73e-05	4139.68720523
2.73e-05	4139.68720523
2.73e-05	4139.68720523
2.73e-05	4139.68720523
2.73e-05	130199.265
2.73e-05	130199.265
2.73e-05	130199.265
2.733e-05	19432.1533249
2.733e-05	19432.1533249
2.733e-05	19432.1533249
2.733e-05	378.05432492
2.733e-05	378.05432492
2.733e-05	378.05432492
2.734e-05	26.18018163
2.734e-05	26.18018163
2.734e-05	26.18018163
2.736e-05	107574.485
2.736e-05	107574.485
2.736e-05	107574.485
2.737e-05	4155.26081398
2.737e-05	4155.26081398
2.737e-05	4155.26081398
2.737e-05	4155.26081398
2.737e-05	4155.26081398
2.737e-05	4155.26081398
2.734e-05	4133.63060361
2.734e-05	4133.63060361
2.734e-05	4133.63060361
2.734e-05	4133.63060361
2.734e-05	4133.63060361
2.734e-05	4133.63060361
2.734e-05	4133.63060361
2.734e-05	4133.63060361
2.734e-05	4133.63060361
2.727e-05	1830.27522936
2.727e-05	1830.27522936
2.727e-05	1830.27522936
2.728e-05	4142.72216653
2.728e-05	4142.72216653
2.728e-05	4142.72216653
2.728e-05	4142.72216653
2.728e-05	4142.72216653
2.728e-05	4142.72216653
2.733e-05	26.18976091
2.733e-05	26.18976091
2.733e-05	26.18976091
2.734e-05	14447.1967538
2.734e-05	14447.1967538
2.734e-05	14447.1967538
2.729e-05	115019.434
2.729e-05	115019.434
2.729e-05	115019.434
2.73e-05	134883.683
2.73e-05	134883.683
2.73e-05	134883.683
2.734e-05	14447.1967538
2.734e-05	14447.1967538
2.734e-05	14447.1967538
2.734e-05	14447.1967538
2.734e-05	14447.1967538
2.734e-05	14447.1967538
2.734e-05	14447.1967538
2.734e-05	14447.1967538
2.734e-05	14447.1967538
2.728e-05	4142.72216653
2.728e-05	4142.72216653
2.728e-05	4142.72216653
2.728e-05	4142.72216653
2.728e-05	4142.72216653
2.728e-05	4142.72216653
2.728e-05	4142.72216653
2.728e-05	4142.72216653
2.728e-05	4142.72216653
2.711e-05	20470.7166724
2.711e-05	20470.7166724
2.711e-05	20470.7166724
2.711e-05	4168.70013659
2.711e-05	4168.70013659
2.711e-05	4168.70013659
2.711e-05	20470.7166724
2.711e-05	20470.7166724
2.711e-05	20470.7166724
2.727e-05	1830.27522936
2.727e-05	1830.27522936
2.727e-05	1830.27522936
2.728e-05	4142.72216653
2.728e-05	4142.72216653
2.728e-05	4142.72216653
2.735e-05	316.75106311
2.735e-05	316.75106311
2.735e-05	316.75106311
2.732e-05	11185.82
2.732e-05	11185.82
2.732e-05	11185.82
2.737e-05	76.15148577
2.737e-05	76.15148577
2.737e-05	76.15148577
2.74e-05	4124.57885777
2.74e-05	4124.57885777
2.74e-05	4124.57885777
2.739e-05	22146.201
2.739e-05	22146.201
2.739e-05	22146.201
2.752e-05	3570.02724851
2.752e-05	3570.02724851
2.752e-05	3570.02724851
2.752e-05	3570.02724851
2.752e-05	3570.02724851
2.752e-05	3570.02724851
2.752e-05	3570.02724851
2.752e-05	3570.02724851
2.752e-05	3570.02724851
2.752e-05	3570.02724851
2.752e-05	3570.02724851
2.752e-05	3570.02724851
2.743e-05	129097.049
2.743e-05	129097.049
2.743e-05	129097.049
2.743e-05	129097.049
2.743e-05	129097.049
2.743e-05	129097.049
2.743e-05	102722.504
2.743e-05	102722.504
2.743e-05	102722.504
2.742e-05	62028.031
2.742e-05	62028.031
2.742e-05	62028.031
2.744e-05	50.0
2.744e-05	50.0
2.744e-05	50.0
2.745e-05	4118.49450842
2.745e-05	4118.49450842
2.745e-05	4118.49450842
2.745e-05	4118.49450842
2.745e-05	4118.49450842
2.745e-05	4118.49450842
2.745e-05	4118.49450842
2.745e-05	4118.49450842
2.745e-05	4118.49450842
2.745e-05	4118.49450842
2.745e-05	4118.49450842
2.745e-05	4118.49450842
2.752e-05	14819.3005043
2.752e-05	14819.3005043
2.752e-05	14819.3005043
2.752e-05	14819.3005043
2.752e-05	14819.3005043
2.752e-05	14819.3005043
2.744e-05	50.0
2.744e-05	50.0
2.744e-05	50.0
2.736e-05	12480.717
2.736e-05	12480.717
2.736e-05	12480.717
2.744e-05	50.0
2.744e-05	50.0
2.744e-05	50.0
2.744e-05	50.0
2.744e-05	50.0
2.744e-05	50.0
2.736e-05	4132.04218773
2.736e-05	4132.04218773
2.736e-05	4132.04218773
2.736e-05	4132.04218773
2.736e-05	4132.04218773
2.736e-05	4132.04218773
2.736e-05	4132.04218773
2.736e-05	4132.04218773
2.736e-05	4132.04218773
2.736e-05	4132.04218773
2.736e-05	4132.04218773
2.736e-05	4132.04218773
2.736e-05	4132.04218773
2.736e-05	4132.04218773
2.736e-05	4132.04218773
2.71e-05	37752.2212804
2.71e-05	37752.2212804
2.71e-05	37752.2212804
2.71e-05	37752.2212804
2.71e-05	37752.2212804
2.71e-05	37752.2212804
2.731e-05	5455.7712004
2.731e-05	5455.7712004
2.731e-05	5455.7712004
2.732e-05	56275.596
2.732e-05	56275.596
2.732e-05	56275.596
2.732e-05	56275.596
2.732e-05	56275.596
2.732e-05	56275.596
2.734e-05	25013.867
2.734e-05	25013.867
2.734e-05	25013.867
2.731e-05	5455.7712004
2.731e-05	5455.7712004
2.731e-05	5455.7712004
2.735e-05	316.7781712
2.735e-05	316.7781712
2.735e-05	316.7781712
2.735e-05	316.7781712
2.735e-05	316.7781712
2.735e-05	316.7781712
2.732e-05	75721.519
2.732e-05	75721.519
2.732e-05	75721.519
2.732e-05	75721.519
2.732e-05	75721.519
2.732e-05	75721.519
2.735e-05	316.7781712
2.735e-05	316.7781712
2.735e-05	316.7781712
2.72e-05	691.0
2.72e-05	691.0
2.72e-05	691.0
2.731e-05	5455.7712004
2.731e-05	5455.7712004
2.731e-05	5455.7712004
2.731e-05	5455.7712004
2.731e-05	5455.7712004
2.731e-05	5455.7712004
2.731e-05	5455.7712004
2.731e-05	5455.7712004
2.731e-05	5455.7712004
2.732e-05	4143.8433739
2.732e-05	4143.8433739
2.732e-05	4143.8433739
2.732e-05	4143.8433739
2.732e-05	4143.8433739
2.732e-05	4143.8433739
2.731e-05	5455.7712004
2.731e-05	5455.7712004
2.731e-05	5455.7712004
2.731e-05	5455.7712004
2.731e-05	5455.7712004
2.731e-05	5455.7712004
2.721e-05	4172.19288367
2.721e-05	4172.19288367
2.721e-05	4172.19288367
2.73e-05	12319.446
2.73e-05	12319.446
2.73e-05	12319.446
2.721e-05	4172.19288367
2.721e-05	4172.19288367
2.721e-05	4172.19288367
2.72e-05	691.0
2.72e-05	691.0
2.72e-05	691.0
2.73e-05	102750.281
2.73e-05	102750.281
2.73e-05	102750.281
2.729e-05	4159.96219731
2.729e-05	4159.96219731
2.729e-05	4159.96219731
2.73e-05	54528.135
2.73e-05	54528.135
2.73e-05	54528.135
2.73e-05	69397.589
2.73e-05	69397.589
2.73e-05	69397.589
2.731e-05	5455.7712004
2.731e-05	5455.7712004
2.731e-05	5455.7712004
2.735e-05	8894.93674039
2.735e-05	8894.93674039
2.735e-05	8894.93674039
2.732e-05	114172.199
2.732e-05	114172.199
2.732e-05	114172.199
2.737e-05	60518.92
2.737e-05	60518.92
2.737e-05	60518.92
2.74e-05	4143.26161914
2.74e-05	4143.26161914
2.74e-05	4143.26161914
2.742e-05	4140.23954648
2.742e-05	4140.23954648
2.742e-05	4140.23954648
2.742e-05	4140.23954648
2.742e-05	4140.23954648
2.742e-05	4140.23954648
2.741e-05	70279.9120403
2.741e-05	70279.9120403
2.741e-05	70279.9120403
2.742e-05	4140.23954648
2.742e-05	4140.23954648
2.742e-05	4140.23954648
2.742e-05	4140.23954648
2.742e-05	4140.23954648
2.742e-05	4140.23954648
2.741e-05	70279.9120403
2.741e-05	70279.9120403
2.741e-05	70279.9120403
2.741e-05	70279.9120403
2.741e-05	70279.9120403
2.741e-05	70279.9120403
2.741e-05	70279.9120403
2.741e-05	70279.9120403
2.741e-05	70279.9120403
2.742e-05	150.0
2.742e-05	150.0
2.742e-05	150.0
2.743e-05	19253.673
2.743e-05	19253.673
2.743e-05	19253.673
2.742e-05	4290.23954648
2.742e-05	4290.23954648
2.742e-05	4290.23954648
2.749e-05	178902.385916
2.749e-05	178902.385916
2.749e-05	178902.385916
2.742e-05	150.0
2.742e-05	150.0
2.742e-05	150.0
2.749e-05	178902.385916
2.749e-05	178902.385916
2.749e-05	178902.385916
2.749e-05	178902.385916
2.749e-05	178902.385916
2.749e-05	178902.385916
2.743e-05	4138.73016276
2.743e-05	4138.73016276
2.743e-05	4138.73016276
2.749e-05	178902.385916
2.749e-05	178902.385916
2.749e-05	178902.385916
2.749e-05	178902.385916
2.749e-05	178902.385916
2.749e-05	178902.385916
2.752e-05	26.00894498
2.752e-05	26.00894498
2.752e-05	26.00894498
2.742e-05	150.0
2.742e-05	150.0
2.742e-05	150.0
2.749e-05	178902.385916
2.749e-05	178902.385916
2.749e-05	178902.385916
2.749e-05	178902.385916
2.749e-05	178902.385916
2.749e-05	178902.385916
2.742e-05	150.0
2.742e-05	150.0
2.742e-05	150.0
2.741e-05	70279.9120403
2.741e-05	70279.9120403
2.741e-05	70279.9120403
2.741e-05	70279.9120403
2.741e-05	70279.9120403
2.741e-05	70279.9120403
2.741e-05	70279.9120403
2.741e-05	70279.9120403
2.741e-05	70279.9120403
2.741e-05	70279.9120403
2.741e-05	70279.9120403
2.741e-05	70279.9120403
2.735e-05	729.43327239
2.735e-05	729.43327239
2.735e-05	729.43327239
2.735e-05	729.43327239
2.735e-05	729.43327239
2.735e-05	729.43327239
2.735e-05	729.43327239
2.735e-05	729.43327239
2.735e-05	729.43327239
2.735e-05	729.43327239
2.735e-05	729.43327239
2.735e-05	729.43327239
2.733e-05	134608.129
2.733e-05	134608.129
2.733e-05	134608.129
2.733e-05	134608.129
2.733e-05	134608.129
2.733e-05	134608.129
2.732e-05	4155.39415683
2.732e-05	4155.39415683
2.732e-05	4155.39415683
2.731e-05	5455.7712004
2.731e-05	5455.7712004
2.731e-05	5455.7712004
2.731e-05	5455.7712004
2.731e-05	5455.7712004
2.731e-05	5455.7712004
2.731e-05	5455.7712004
2.731e-05	5455.7712004
2.731e-05	5455.7712004
2.731e-05	5455.7712004
2.731e-05	5455.7712004
2.731e-05	5455.7712004
2.73e-05	36618.6565192
2.73e-05	36618.6565192
2.73e-05	36618.6565192
2.73e-05	36618.6565192
2.73e-05	36618.6565192
2.73e-05	36618.6565192
2.73e-05	36618.6565192
2.73e-05	36618.6565192
2.73e-05	36618.6565192
2.73e-05	36618.6565192
2.73e-05	36618.6565192
2.73e-05	36618.6565192
2.731e-05	5455.7712004
2.731e-05	5455.7712004
2.731e-05	5455.7712004
2.732e-05	124412.631
2.732e-05	124412.631
2.732e-05	124412.631
2.73e-05	36618.6565192
2.73e-05	36618.6565192
2.73e-05	36618.6565192
2.73e-05	36618.6565192
2.73e-05	36618.6565192
2.73e-05	36618.6565192
2.73e-05	36618.6565192
2.73e-05	36618.6565192
2.73e-05	36618.6565192
2.73e-05	36618.6565192
2.73e-05	36618.6565192
2.73e-05	36618.6565192
2.73e-05	36618.6565192
2.73e-05	36618.6565192
2.73e-05	36618.6565192
2.73e-05	36618.6565192
2.73e-05	36618.6565192
2.73e-05	36618.6565192
2.73e-05	36618.6565192
2.73e-05	36618.6565192
2.73e-05	36618.6565192
2.732e-05	26.19934721
2.732e-05	26.19934721
2.732e-05	26.19934721
2.732e-05	4155.39415683
2.732e-05	4155.39415683
2.732e-05	4155.39415683
2.732e-05	33521.98
2.732e-05	33521.98
2.732e-05	33521.98
2.732e-05	33521.98
2.732e-05	33521.98
2.732e-05	33521.98
2.732e-05	33521.98
2.732e-05	33521.98
2.732e-05	33521.98
2.732e-05	4155.39415683
2.732e-05	4155.39415683
2.732e-05	4155.39415683
2.732e-05	4155.39415683
2.732e-05	4155.39415683
2.732e-05	4155.39415683
2.731e-05	5344.7712004
2.731e-05	5344.7712004
2.731e-05	5344.7712004
2.731e-05	5344.7712004
2.731e-05	5344.7712004
2.731e-05	5344.7712004
2.732e-05	4155.39415683
2.732e-05	4155.39415683
2.732e-05	4155.39415683
2.732e-05	4155.39415683
2.732e-05	4155.39415683
2.732e-05	4155.39415683
2.74e-05	18305.0249343
2.74e-05	18305.0249343
2.74e-05	18305.0249343
2.74e-05	18305.0249343
2.74e-05	18305.0249343
2.74e-05	18305.0249343
2.731e-05	5344.7712004
2.731e-05	5344.7712004
2.731e-05	5344.7712004
2.731e-05	5344.7712004
2.731e-05	5344.7712004
2.731e-05	5344.7712004
2.731e-05	5344.7712004
2.731e-05	5344.7712004
2.731e-05	5344.7712004
2.73e-05	36618.6565192
2.73e-05	36618.6565192
2.73e-05	36618.6565192
2.732e-05	4155.39415683
2.732e-05	4155.39415683
2.732e-05	4155.39415683
2.74e-05	14456.5664215
2.74e-05	14456.5664215
2.74e-05	14456.5664215
2.732e-05	4155.39415683
2.732e-05	4155.39415683
2.732e-05	4155.39415683
2.74e-05	14456.5664215
2.74e-05	14456.5664215
2.74e-05	14456.5664215
2.74e-05	14456.5664215
2.74e-05	14456.5664215
2.74e-05	14456.5664215
2.732e-05	122897.084
2.732e-05	122897.084
2.732e-05	122897.084
2.735e-05	4150.83613764
2.735e-05	4150.83613764
2.735e-05	4150.83613764
2.734e-05	74749.708
2.734e-05	74749.708
2.734e-05	74749.708
2.74e-05	14456.5664215
2.74e-05	14456.5664215
2.74e-05	14456.5664215
2.737e-05	19740.241
2.737e-05	19740.241
2.737e-05	19740.241
2.737e-05	34021.529
2.737e-05	34021.529
2.737e-05	34021.529
2.737e-05	34021.529
2.737e-05	34021.529
2.737e-05	34021.529
2.741e-05	4141.75003154
2.741e-05	4141.75003154
2.741e-05	4141.75003154
2.744e-05	23822.406
2.744e-05	23822.406
2.744e-05	23822.406
2.74e-05	23467.977781
2.74e-05	23467.977781
2.74e-05	23467.977781
2.745e-05	1329.95275956
2.745e-05	1329.95275956
2.745e-05	1329.95275956
2.746e-05	34239.131
2.746e-05	34239.131
2.746e-05	34239.131
2.746e-05	34239.131
2.746e-05	34239.131
2.746e-05	34239.131
2.746e-05	29495.217
2.746e-05	29495.217
2.746e-05	29495.217
2.745e-05	1329.95275956
2.745e-05	1329.95275956
2.745e-05	1329.95275956
2.745e-05	1329.95275956
2.745e-05	1329.95275956
2.745e-05	1329.95275956
2.746e-05	4134.20860759
2.746e-05	4134.20860759
2.746e-05	4134.20860759
2.745e-05	1329.95275956
2.745e-05	1329.95275956
2.745e-05	1329.95275956
2.745e-05	1329.95275956
2.745e-05	1329.95275956
2.745e-05	1329.95275956
2.745e-05	1329.95275956
2.745e-05	1329.95275956
2.745e-05	1329.95275956
2.74e-05	146.54148723
2.74e-05	146.54148723
2.74e-05	146.54148723
2.73e-05	36618.6565192
2.73e-05	36618.6565192
2.73e-05	36618.6565192
2.73e-05	36618.6565192
2.73e-05	36618.6565192
2.73e-05	36618.6565192
2.73e-05	36618.6565192
2.73e-05	36618.6565192
2.73e-05	36618.6565192
2.731e-05	5344.7712004
2.731e-05	5344.7712004
2.731e-05	5344.7712004
2.732e-05	108596.216
2.732e-05	108596.216
2.732e-05	108596.216
2.732e-05	108596.216
2.732e-05	108596.216
2.732e-05	108596.216
2.732e-05	108596.216
2.732e-05	108596.216
2.732e-05	108596.216
2.732e-05	108596.216
2.732e-05	108596.216
2.732e-05	108596.216
2.733e-05	8200.0
2.733e-05	8200.0
2.733e-05	8200.0
2.734e-05	130869.45916
2.734e-05	130869.45916
2.734e-05	130869.45916
2.733e-05	200.0
2.733e-05	200.0
2.733e-05	200.0
2.733e-05	200.0
2.733e-05	200.0
2.733e-05	200.0
2.733e-05	200.0
2.733e-05	200.0
2.733e-05	200.0
2.734e-05	117466.467978
2.734e-05	117466.467978
2.734e-05	117466.467978
2.733e-05	200.0
2.733e-05	200.0
2.733e-05	200.0
2.734e-05	117466.467978
2.734e-05	117466.467978
2.734e-05	117466.467978
2.734e-05	4153.80168359
2.734e-05	4153.80168359
2.734e-05	4153.80168359
2.741e-05	3334.21198468
2.741e-05	3334.21198468
2.741e-05	3334.21198468
2.744e-05	26.08477281
2.744e-05	26.08477281
2.744e-05	26.08477281
2.735e-05	502.48068647
2.735e-05	502.48068647
2.735e-05	502.48068647
2.734e-05	4153.80168359
2.734e-05	4153.80168359
2.734e-05	4153.80168359
2.739e-05	134883.683
2.739e-05	134883.683
2.739e-05	134883.683
2.745e-05	126.07527016
2.745e-05	126.07527016
2.745e-05	126.07527016
2.745e-05	26.07527016
2.745e-05	26.07527016
2.745e-05	26.07527016
2.75e-05	200.0
2.75e-05	200.0
2.75e-05	200.0
2.745e-05	26.07527016
2.745e-05	26.07527016
2.745e-05	26.07527016
2.746e-05	26.06577443
2.746e-05	26.06577443
2.746e-05	26.06577443
2.748e-05	82611.617
2.748e-05	82611.617
2.748e-05	82611.617
2.741e-05	131990.366
2.741e-05	131990.366
2.741e-05	131990.366
2.732e-05	4177.2263503
2.732e-05	4177.2263503
2.732e-05	4177.2263503
2.732e-05	4177.2263503
2.732e-05	4177.2263503
2.732e-05	4177.2263503
2.742e-05	129398.706799
2.742e-05	129398.706799
2.742e-05	129398.706799
2.746e-05	18195.9139
2.746e-05	18195.9139
2.746e-05	18195.9139
2.739e-05	36498.3323467
2.739e-05	36498.3323467
2.739e-05	36498.3323467
2.739e-05	36498.3323467
2.739e-05	36498.3323467
2.739e-05	36498.3323467
2.74e-05	4181.13953831
2.74e-05	4181.13953831
2.74e-05	4181.13953831
2.746e-05	18195.9139
2.746e-05	18195.9139
2.746e-05	18195.9139
2.748e-05	13133.94
2.748e-05	13133.94
2.748e-05	13133.94
2.751e-05	345.35654819
2.751e-05	345.35654819
2.751e-05	345.35654819
2.751e-05	319.33814885
2.751e-05	319.33814885
2.751e-05	319.33814885
2.757e-05	25.96177605
2.757e-05	25.96177605
2.757e-05	25.96177605
2.757e-05	25.96177605
2.757e-05	25.96177605
2.757e-05	25.96177605
2.753e-05	113437.829
2.753e-05	113437.829
2.753e-05	113437.829
2.751e-05	319.33814885
2.751e-05	319.33814885
2.751e-05	319.33814885
2.753e-05	129648.157
2.753e-05	129648.157
2.753e-05	129648.157
2.753e-05	129648.157
2.753e-05	129648.157
2.753e-05	129648.157
2.753e-05	129648.157
2.753e-05	129648.157
2.753e-05	129648.157
2.755e-05	50.0
2.755e-05	50.0
2.755e-05	50.0
2.755e-05	50.0
2.755e-05	50.0
2.755e-05	50.0
2.755e-05	37185.5788276
2.755e-05	37185.5788276
2.755e-05	37185.5788276
2.747e-05	4173.419909
2.747e-05	4173.419909
2.747e-05	4173.419909
2.751e-05	319.33814885
2.751e-05	319.33814885
2.751e-05	319.33814885
2.751e-05	319.33814885
2.751e-05	319.33814885
2.751e-05	319.33814885
2.751e-05	319.33814885
2.751e-05	319.33814885
2.751e-05	319.33814885
2.751e-05	319.33814885
2.751e-05	319.33814885
2.751e-05	319.33814885
2.751e-05	319.33814885
2.751e-05	319.33814885
2.751e-05	319.33814885
2.751e-05	319.33814885
2.751e-05	319.33814885
2.751e-05	319.33814885
2.755e-05	50.0
2.755e-05	50.0
2.755e-05	50.0
2.755e-05	50.0
2.755e-05	50.0
2.755e-05	50.0
2.755e-05	50.0
2.755e-05	50.0
2.755e-05	50.0
2.747e-05	4192.59787252
2.747e-05	4192.59787252
2.747e-05	4192.59787252
2.751e-05	319.33814885
2.751e-05	319.33814885
2.751e-05	319.33814885
2.751e-05	319.33814885
2.751e-05	319.33814885
2.751e-05	319.33814885
2.752e-05	36325.9201662
2.752e-05	36325.9201662
2.752e-05	36325.9201662
2.751e-05	319.33814885
2.751e-05	319.33814885
2.751e-05	319.33814885
2.746e-05	18195.9139
2.746e-05	18195.9139
2.746e-05	18195.9139
2.746e-05	18195.9139
2.746e-05	18195.9139
2.746e-05	18195.9139
2.746e-05	18195.9139
2.746e-05	18195.9139
2.746e-05	18195.9139
2.746e-05	18195.9139
2.746e-05	18195.9139
2.746e-05	18195.9139
2.751e-05	319.33814885
2.751e-05	319.33814885
2.751e-05	319.33814885
2.751e-05	319.33814885
2.751e-05	319.33814885
2.751e-05	319.33814885
2.751e-05	319.33814885
2.751e-05	319.33814885
2.751e-05	319.33814885
2.751e-05	319.33814885
2.751e-05	319.33814885
2.751e-05	319.33814885
2.751e-05	319.33814885
2.751e-05	319.33814885
2.751e-05	319.33814885
2.75e-05	614.98087636
2.75e-05	614.98087636
2.75e-05	614.98087636
2.75e-05	614.98087636
2.75e-05	614.98087636
2.75e-05	614.98087636
2.746e-05	18195.9139
2.746e-05	18195.9139
2.746e-05	18195.9139
2.747e-05	82530.0
2.747e-05	82530.0
2.747e-05	82530.0
2.748e-05	84012.239
2.748e-05	84012.239
2.748e-05	84012.239
2.75e-05	614.98087636
2.75e-05	614.98087636
2.75e-05	614.98087636
2.749e-05	31394.267
2.749e-05	31394.267
2.749e-05	31394.267
2.751e-05	34818.4203522
2.751e-05	34818.4203522
2.751e-05	34818.4203522
2.752e-05	32197.5184911
2.752e-05	32197.5184911
2.752e-05	32197.5184911
2.754e-05	256.21660642
2.754e-05	256.21660642
2.754e-05	256.21660642
2.755e-05	4204.20109649
2.755e-05	4204.20109649
2.755e-05	4204.20109649
2.752e-05	32197.5184911
2.752e-05	32197.5184911
2.752e-05	32197.5184911
2.752e-05	32197.5184911
2.752e-05	32197.5184911
2.752e-05	32197.5184911
2.753e-05	4222.26519542
2.753e-05	4222.26519542
2.753e-05	4222.26519542
2.754e-05	230.22654956
2.754e-05	230.22654956
2.754e-05	230.22654956
2.759e-05	112247.266
2.759e-05	112247.266
2.759e-05	112247.266
2.764e-05	109845.681
2.764e-05	109845.681
2.764e-05	109845.681
2.763e-05	133368.136
2.763e-05	133368.136
2.763e-05	133368.136
2.76e-05	14854.435
2.76e-05	14854.435
2.76e-05	14854.435
2.763e-05	25.90539869
2.763e-05	25.90539869
2.763e-05	25.90539869
2.764e-05	25.89602626
2.764e-05	25.89602626
2.764e-05	25.89602626
2.766e-05	4202.4208543
2.766e-05	4202.4208543
2.766e-05	4202.4208543
2.765e-05	400.0
2.765e-05	400.0
2.765e-05	400.0
2.765e-05	400.0
2.765e-05	400.0
2.765e-05	400.0
2.77e-05	7163.32378223
2.77e-05	7163.32378223
2.77e-05	7163.32378223
2.766e-05	4202.4208543
2.766e-05	4202.4208543
2.766e-05	4202.4208543
2.779e-05	127581.502
2.779e-05	127581.502
2.779e-05	127581.502
2.782e-05	179.27857387
2.782e-05	179.27857387
2.782e-05	179.27857387
2.79e-05	946.41530819
2.79e-05	946.41530819
2.79e-05	946.41530819
2.79e-05	946.41530819
2.79e-05	946.41530819
2.79e-05	946.41530819
2.792e-05	143.81399087
2.792e-05	143.81399087
2.792e-05	143.81399087
2.791e-05	716.58903619
2.791e-05	716.58903619
2.791e-05	716.58903619
2.791e-05	21885.2180362
2.791e-05	21885.2180362
2.791e-05	21885.2180362
2.791e-05	110632.294036
2.791e-05	110632.294036
2.791e-05	110632.294036
2.8e-05	209231.194256
2.8e-05	209231.194256
2.8e-05	209231.194256
2.803e-05	12096.3240191
2.803e-05	12096.3240191
2.803e-05	12096.3240191
2.804e-05	208932.718943
2.804e-05	208932.718943
2.804e-05	208932.718943
2.805e-05	21752.5255294
2.805e-05	21752.5255294
2.805e-05	21752.5255294
2.808e-05	21729.2856517
2.808e-05	21729.2856517
2.808e-05	21729.2856517
2.819e-05	207777.781095
2.819e-05	207777.781095
2.819e-05	207777.781095
2.819e-05	207777.781095
2.819e-05	207777.781095
2.819e-05	207777.781095
2.824e-05	4093.56981357
2.824e-05	4093.56981357
2.824e-05	4093.56981357
2.831e-05	25.28315668
2.831e-05	25.28315668
2.831e-05	25.28315668
2.85e-05	3138.36775
2.85e-05	3138.36775
2.85e-05	3138.36775
2.861e-05	113263.307744
2.861e-05	113263.307744
2.861e-05	113263.307744
2.875e-05	38098.6461496
2.875e-05	38098.6461496
2.875e-05	38098.6461496
2.876e-05	3906.50097365
2.876e-05	3906.50097365
2.876e-05	3906.50097365
2.882e-05	100949.321403
2.882e-05	100949.321403
2.882e-05	100949.321403
2.882e-05	3641.41147641
2.882e-05	3641.41147641
2.882e-05	3641.41147641
2.89e-05	20917.5608486
2.89e-05	20917.5608486
2.89e-05	20917.5608486
2.925e-05	393.24212308
2.925e-05	393.24212308
2.925e-05	393.24212308
2.93e-05	17016.6346701
2.93e-05	17016.6346701
2.93e-05	17016.6346701
2.889e-05	1918.76358515
2.889e-05	1918.76358515
2.889e-05	1918.76358515
2.879e-05	122345.976
2.879e-05	122345.976
2.879e-05	122345.976
2.844e-05	135297.014
2.844e-05	135297.014
2.844e-05	135297.014
