0.000162	308.91685897
0.000162	308.91685897
0.000162	308.91685897
0.000162	308.91685897
0.000162	308.91685897
0.000162	308.91685897
0.000162	308.91685897
0.000162	308.91685897
0.000162	308.91685897
0.000162	308.91685897
0.000162	308.91685897
0.000162	308.91685897
0.000162	308.91685897
0.000162	308.91685897
0.000162	308.91685897
0.000162	308.91685897
0.000162	308.91685897
0.000162	308.91685897
0.000162	308.91685897
0.000162	308.91685897
0.000162	308.91685897
0.000162	308.91685897
0.000162	308.91685897
0.000162	308.91685897
0.000162	308.91685897
0.000162	308.91685897
0.000162	308.91685897
0.000162	308.91685897
0.000162	308.91685897
0.000162	308.91685897
0.00016189	217.38812813
0.00016189	217.38812813
0.00016189	217.38812813
0.00016154	217.85913125
0.00016154	217.85913125
0.00016154	217.85913125
0.00016129	7535.913
0.00016129	7535.913
0.00016129	7535.913
0.00016128	218.21034265
0.00016128	218.21034265
0.00016128	218.21034265
0.00016128	218.21034265
0.00016128	218.21034265
0.00016128	218.21034265
0.00016125	4.49154038
0.00016125	4.49154038
0.00016125	4.49154038
0.00016108	7232.61
0.00016108	7232.61
0.00016108	7232.61
0.00016106	6952.638
0.00016106	6952.638
0.00016106	6952.638
0.00016106	6952.638
0.00016106	6952.638
0.00016106	6952.638
0.00016106	6952.638
0.00016106	6952.638
0.00016106	6952.638
0.00016199	217.53741092
0.00016199	217.53741092
0.00016199	217.53741092
0.00016199	217.35952224
0.00016199	217.35952224
0.00016199	217.35952224
0.00016199	217.14874014
0.00016199	217.14874014
0.00016199	217.14874014
0.00016199	217.14874014
0.00016199	217.14874014
0.00016199	217.14874014
0.00016199	217.14874014
0.00016199	217.14874014
0.00016199	217.14874014
0.00016179	217.41717297
0.00016179	217.41717297
0.00016179	217.41717297
0.00016156	217.72669234
0.00016156	217.72669234
0.00016156	217.72669234
0.00016132	218.05061006
0.00016132	218.05061006
0.00016132	218.05061006
0.00016199	217.14874014
0.00016199	217.14874014
0.00016199	217.14874014
0.00016199	217.14874014
0.00016199	217.14874014
0.00016199	217.14874014
0.00016199	217.14874014
0.00016199	217.14874014
0.00016199	217.14874014
0.00016199	217.14874014
0.00016199	217.14874014
0.00016199	217.14874014
0.00016184	217.35000256
0.00016184	217.35000256
0.00016184	217.35000256
0.00016189	217.28287365
0.00016189	217.28287365
0.00016189	217.28287365
0.00016178	808.434
0.00016178	808.434
0.00016178	808.434
0.00016178	808.434
0.00016178	808.434
0.00016178	808.434
0.00016178	808.434
0.00016178	808.434
0.00016178	808.434
0.00016178	808.434
0.00016178	808.434
0.00016178	808.434
0.00016177	221.94202148
0.00016177	221.94202148
0.00016177	221.94202148
0.00016177	221.94202148
0.00016177	221.94202148
0.00016177	221.94202148
0.00016177	687.68396872
0.00016177	687.68396872
0.00016177	687.68396872
0.00016177	4.49796872
0.00016177	4.49796872
0.00016177	4.49796872
0.00016177	4.49796872
0.00016177	4.49796872
0.00016177	4.49796872
0.00016177	4.49796872
0.00016177	4.49796872
0.00016177	4.49796872
0.00016177	4.49796872
0.00016177	4.49796872
0.00016177	4.49796872
0.00016177	4.49796872
0.00016177	4.49796872
0.00016177	4.49796872
0.00016177	4.49796872
0.00016177	4.49796872
0.00016177	4.49796872
0.00016177	4.49796872
0.00016177	4.49796872
0.00016177	4.49796872
0.00016177	4.49796872
0.00016177	4.49796872
0.00016177	4.49796872
0.00016177	4.49796872
0.00016177	4.49796872
0.00016177	4.49796872
0.00016177	4.49796872
0.00016177	4.49796872
0.00016177	4.49796872
0.00016177	4.49796872
0.00016177	4.49796872
0.00016177	4.49796872
0.00016177	4.49796872
0.00016177	4.49796872
0.00016177	4.49796872
0.00016177	4.49796872
0.00016177	4.49796872
0.00016177	4.49796872
0.00016177	4.49796872
0.00016177	4.49796872
0.00016177	4.49796872
0.00016177	4.49796872
0.00016177	4.49796872
0.00016177	4.49796872
0.00016177	4.49796872
0.00016177	4.49796872
0.00016177	4.49796872
0.00016177	4.49796872
0.00016177	4.49796872
0.00016177	4.49796872
0.00016177	4.49796872
0.00016177	4.49796872
0.00016177	4.49796872
0.00016177	4.49796872
0.00016177	4.49796872
0.00016177	4.49796872
0.00016177	4.49796872
0.00016177	4.49796872
0.00016177	4.49796872
0.00016177	4.49796872
0.00016177	4.49796872
0.00016177	4.49796872
0.00016177	4.49796872
0.00016177	4.49796872
0.00016177	4.49796872
0.00016177	4.49796872
0.00016177	4.49796872
0.00016177	4.49796872
0.00016177	4.49796872
0.00016177	4.49796872
0.00016177	4.49796872
0.00016189	959.956
0.00016189	959.956
0.00016189	959.956
0.00016189	959.956
0.00016189	959.956
0.00016189	959.956
0.000162	308.91685897
0.000162	308.91685897
0.000162	308.91685897
0.00016204	7175.07366332
0.00016204	7175.07366332
0.00016204	7175.07366332
0.00016204	7175.07366332
0.00016204	7175.07366332
0.00016204	7175.07366332
0.00016199	651.38275182
0.00016199	651.38275182
0.00016199	651.38275182
0.00016199	4.48675182
0.00016199	4.48675182
0.00016199	4.48675182
0.00016204	7175.07366332
0.00016204	7175.07366332
0.00016204	7175.07366332
0.000162	308.91685897
0.000162	308.91685897
0.000162	308.91685897
0.000162	308.91685897
0.000162	308.91685897
0.000162	308.91685897
0.000162	308.91685897
0.000162	308.91685897
0.000162	308.91685897
0.000162	308.91685897
0.000162	308.91685897
0.000162	308.91685897
0.000162	308.91685897
0.000162	308.91685897
0.000162	308.91685897
0.000162	308.91685897
0.000162	308.91685897
0.000162	308.91685897
0.000162	308.91685897
0.000162	308.91685897
0.000162	308.91685897
0.000162	308.91685897
0.000162	308.91685897
0.000162	308.91685897
0.000162	308.91685897
0.000162	308.91685897
0.000162	308.91685897
0.000162	308.91685897
0.000162	308.91685897
0.000162	308.91685897
0.00016199	43.96801297
0.00016199	43.96801297
0.00016199	43.96801297
0.000162	308.91685897
0.000162	308.91685897
0.000162	308.91685897
0.000162	308.91685897
0.000162	308.91685897
0.000162	308.91685897
0.00016197	4.48675182
0.00016197	4.48675182
0.00016197	4.48675182
0.00016196	4.48675182
0.00016196	4.48675182
0.00016196	4.48675182
0.000162	308.91685897
0.000162	308.91685897
0.000162	308.91685897
0.000162	308.91685897
0.000162	308.91685897
0.000162	308.91685897
0.000162	308.91685897
0.000162	308.91685897
0.000162	308.91685897
0.000162	308.91685897
0.000162	308.91685897
0.000162	308.91685897
0.00016199	43.96801297
0.00016199	43.96801297
0.00016199	43.96801297
0.000162	308.91685897
0.000162	308.91685897
0.000162	308.91685897
0.000162	308.91685897
0.000162	308.91685897
0.000162	308.91685897
0.000162	308.91685897
0.000162	308.91685897
0.000162	308.91685897
0.00016199	43.96801297
0.00016199	43.96801297
0.00016199	43.96801297
0.000162	308.91685897
0.000162	308.91685897
0.000162	308.91685897
0.00016199	215.27424002
0.00016199	215.27424002
0.00016199	215.27424002
0.000162	308.91685897
0.000162	308.91685897
0.000162	308.91685897
0.000162	308.91685897
0.000162	308.91685897
0.000162	308.91685897
0.000162	308.91685897
0.000162	308.91685897
0.000162	308.91685897
0.000162	308.91685897
0.000162	308.91685897
0.000162	308.91685897
0.000162	308.91685897
0.000162	308.91685897
0.000162	308.91685897
0.000162	308.91685897
0.000162	308.91685897
0.000162	308.91685897
0.000162	308.91685897
0.000162	308.91685897
0.000162	308.91685897
0.000162	308.91685897
0.000162	308.91685897
0.000162	308.91685897
0.000162	308.91685897
0.000162	308.91685897
0.000162	308.91685897
0.000162	308.91685897
0.000162	308.91685897
0.000162	308.91685897
0.000162	308.91685897
0.000162	308.91685897
0.000162	308.91685897
0.00016199	43.96801297
0.00016199	43.96801297
0.00016199	43.96801297
0.000162	308.91685897
0.000162	308.91685897
0.000162	308.91685897
0.000162	308.91685897
0.000162	308.91685897
0.000162	308.91685897
0.000162	308.91685897
0.000162	308.91685897
0.000162	308.91685897
0.000162	308.91685897
0.000162	308.91685897
0.000162	308.91685897
0.000162	308.91685897
0.000162	308.91685897
0.000162	308.91685897
0.00016199	43.96801297
0.00016199	43.96801297
0.00016199	43.96801297
0.000162	308.91685897
0.000162	308.91685897
0.000162	308.91685897
0.00016199	43.96801297
0.00016199	43.96801297
0.00016199	43.96801297
0.000162	308.91685897
0.000162	308.91685897
0.000162	308.91685897
0.000162	308.91685897
0.000162	308.91685897
0.000162	308.91685897
0.00016204	7175.07366332
0.00016204	7175.07366332
0.00016204	7175.07366332
0.0001631	213.38149641
0.0001631	213.38149641
0.0001631	213.38149641
0.0001631	213.38149641
0.0001631	213.38149641
0.0001631	213.38149641
0.0001631	213.38149641
0.0001631	213.38149641
0.0001631	213.38149641
0.00016204	6605.36018213
0.00016204	6605.36018213
0.00016204	6605.36018213
0.00016279	2321.786
0.00016279	2321.786
0.00016279	2321.786
0.00016254	218.12177385
0.00016254	218.12177385
0.00016254	218.12177385
0.00016238	218.33669862
0.00016238	218.33669862
0.00016238	218.33669862
0.00016238	218.33669862
0.00016238	218.33669862
0.00016238	218.33669862
0.00016238	218.33669862
0.00016238	218.33669862
0.00016238	218.33669862
0.00016238	218.33669862
0.00016238	218.33669862
0.00016238	218.33669862
0.00016204	6605.36017278
0.00016204	6605.36017278
0.00016204	6605.36017278
0.00016238	218.33669862
0.00016238	218.33669862
0.00016238	218.33669862
0.00016238	218.33669862
0.00016238	218.33669862
0.00016238	218.33669862
0.00016238	218.33669862
0.00016238	218.33669862
0.00016238	218.33669862
0.00016238	218.33669862
0.00016238	218.33669862
0.00016238	218.33669862
0.00016238	218.33669862
0.00016238	218.33669862
0.00016238	218.33669862
0.00016238	218.33669862
0.00016238	218.33669862
0.00016238	218.33669862
0.00016238	218.33669862
0.00016238	218.33669862
0.00016238	218.33669862
0.00016232	767.611
0.00016232	767.611
0.00016232	767.611
0.00016204	6605.36017278
0.00016204	6605.36017278
0.00016204	6605.36017278
0.00016204	6605.36017278
0.00016204	6605.36017278
0.00016204	6605.36017278
0.00016204	6605.36017278
0.00016204	6605.36017278
0.00016204	6605.36017278
0.00016248	4045.937
0.00016248	4045.937
0.00016248	4045.937
0.00016307	3768.245
0.00016307	3768.245
0.00016307	3768.245
0.00016284	3827.079
0.00016284	3827.079
0.00016284	3827.079
0.00016258	3862.612
0.00016258	3862.612
0.00016258	3862.612
0.00016238	213.21042947
0.00016238	213.21042947
0.00016238	213.21042947
0.00016204	6605.36017278
0.00016204	6605.36017278
0.00016204	6605.36017278
0.00016238	213.21042947
0.00016238	213.21042947
0.00016238	213.21042947
0.00016204	6605.36017278
0.00016204	6605.36017278
0.00016204	6605.36017278
0.00016273	212.75185607
0.00016273	212.75185607
0.00016273	212.75185607
0.00016204	6605.36017278
0.00016204	6605.36017278
0.00016204	6605.36017278
0.00016238	213.21042947
0.00016238	213.21042947
0.00016238	213.21042947
0.00016238	213.21042947
0.00016238	213.21042947
0.00016238	213.21042947
0.0001624	756.829
0.0001624	756.829
0.0001624	756.829
0.00016238	213.21042947
0.00016238	213.21042947
0.00016238	213.21042947
0.00016238	213.21042947
0.00016238	213.21042947
0.00016238	213.21042947
0.00016238	213.21042947
0.00016238	213.21042947
0.00016238	213.21042947
0.00016238	213.21042947
0.00016238	213.21042947
0.00016238	213.21042947
0.00016238	213.21042947
0.00016238	213.21042947
0.00016238	213.21042947
0.00016238	213.21042947
0.00016238	213.21042947
0.00016238	213.21042947
0.00016238	213.21042947
0.00016238	213.21042947
0.00016238	213.21042947
0.00016204	6605.36017278
0.00016204	6605.36017278
0.00016204	6605.36017278
0.00016204	6605.36017278
0.00016204	6605.36017278
0.00016204	6605.36017278
0.00016238	213.21042947
0.00016238	213.21042947
0.00016238	213.21042947
0.00016238	213.21042947
0.00016238	213.21042947
0.00016238	213.21042947
0.00016204	6605.36017278
0.00016204	6605.36017278
0.00016204	6605.36017278
0.00016204	6605.36017278
0.00016204	6605.36017278
0.00016204	6605.36017278
0.00016204	6605.36017278
0.00016204	6605.36017278
0.00016204	6605.36017278
0.00016288	1814.959
0.00016288	1814.959
0.00016288	1814.959
0.00016267	1759.847
0.00016267	1759.847
0.00016267	1759.847
0.00016247	212.76420156
0.00016247	212.76420156
0.00016247	212.76420156
0.00016247	212.76420156
0.00016247	212.76420156
0.00016247	212.76420156
0.00016247	212.76420156
0.00016247	212.76420156
0.00016247	212.76420156
0.00016305	1355.542
0.00016305	1355.542
0.00016305	1355.542
0.00016282	1281.777
0.00016282	1281.777
0.00016282	1281.777
0.00016257	212.63332612
0.00016257	212.63332612
0.00016257	212.63332612
0.0001631	211.94236559
0.0001631	211.94236559
0.0001631	211.94236559
0.0001631	211.94236559
0.0001631	211.94236559
0.0001631	211.94236559
0.0001631	211.94236559
0.0001631	211.94236559
0.0001631	211.94236559
0.0001631	211.94236559
0.0001631	211.94236559
0.0001631	211.94236559
0.0001631	211.94236559
0.0001631	211.94236559
0.0001631	211.94236559
0.0001631	211.94236559
0.0001631	211.94236559
0.0001631	211.94236559
0.0001631	211.94236559
0.0001631	211.94236559
0.0001631	211.94236559
0.0001631	211.94236559
0.0001631	211.94236559
0.0001631	211.94236559
0.00016204	6600.87343031
0.00016204	6600.87343031
0.00016204	6600.87343031
0.00016204	6600.87343031
0.00016204	6600.87343031
0.00016204	6600.87343031
0.00016204	6600.87343031
0.00016204	6600.87343031
0.00016204	6600.87343031
0.00016204	6600.87343031
0.00016204	6600.87343031
0.00016204	6600.87343031
0.00016204	6600.87343031
0.00016204	6600.87343031
0.00016204	6600.87343031
0.00016204	6600.87343031
0.00016204	6600.87343031
0.00016204	6600.87343031
0.00016204	6600.87343031
0.00016204	6600.87343031
0.00016204	6600.87343031
0.00016197	4.48674247
0.00016197	4.48674247
0.00016197	4.48674247
0.00016204	6600.87343031
0.00016204	6600.87343031
0.00016204	6600.87343031
0.00016194	7.79063053
0.00016194	7.79063053
0.00016194	7.79063053
0.00016204	6600.87343031
0.00016204	6600.87343031
0.00016204	6600.87343031
0.00016204	6600.87343031
0.00016204	6600.87343031
0.00016204	6600.87343031
0.00016204	6600.87343031
0.00016204	6600.87343031
0.00016204	6600.87343031
0.00016204	6600.87343031
0.00016204	6600.87343031
0.00016204	6600.87343031
0.00016204	6600.87343031
0.00016204	6600.87343031
0.00016204	6600.87343031
0.00016204	6600.87343031
0.00016204	6600.87343031
0.00016204	6600.87343031
0.00016204	6600.87343031
0.00016204	6600.87343031
0.00016204	6600.87343031
0.00016204	6600.87343031
0.00016204	6600.87343031
0.00016204	6600.87343031
0.00016204	6600.87343031
0.00016204	6600.87343031
0.00016204	6600.87343031
0.00016204	6600.87343031
0.00016204	6600.87343031
0.00016204	6600.87343031
0.00016204	6600.87343031
0.00016204	6600.87343031
0.00016204	6600.87343031
0.00016181	7.95047587
0.00016181	7.95047587
0.00016181	7.95047587
0.0001618	4.49235091
0.0001618	4.49235091
0.0001618	4.49235091
0.00016204	6600.87343031
0.00016204	6600.87343031
0.00016204	6600.87343031
0.00016204	6600.87343031
0.00016204	6600.87343031
0.00016204	6600.87343031
0.00016204	6600.87343031
0.00016204	6600.87343031
0.00016204	6600.87343031
0.00016204	6600.87343031
0.00016204	6600.87343031
0.00016204	6600.87343031
0.00016204	6600.87343031
0.00016204	6600.87343031
0.00016204	6600.87343031
0.00016204	6600.87343031
0.00016204	6600.87343031
0.00016204	6600.87343031
0.00016204	6600.87343031
0.00016204	6600.87343031
0.00016204	6600.87343031
0.00016204	6600.87343031
0.00016204	6600.87343031
0.00016204	6600.87343031
0.00016204	6600.87343031
0.00016204	6600.87343031
0.00016204	6600.87343031
0.00016204	6600.87343031
0.00016204	6600.87343031
0.00016204	6600.87343031
0.00016204	6600.87343031
0.00016204	6600.87343031
0.00016204	6600.87343031
0.00016204	6600.87343031
0.00016204	6600.87343031
0.00016204	6600.87343031
0.00016204	6600.87343031
0.00016204	6600.87343031
0.00016204	6600.87343031
0.00016204	6600.87343031
0.00016204	6600.87343031
0.00016204	6600.87343031
0.00016204	6600.87343031
0.00016204	6600.87343031
0.00016204	6600.87343031
0.00016204	6600.87343031
0.00016204	6600.87343031
0.00016204	6600.87343031
0.00016204	6600.87343031
0.00016204	6600.87343031
0.00016204	6600.87343031
0.00016204	6600.87343031
0.00016204	6600.87343031
0.00016204	6600.87343031
0.00016204	6600.87343031
0.00016204	6600.87343031
0.00016204	6600.87343031
0.00016204	6600.87343031
0.00016204	6600.87343031
0.00016204	6600.87343031
0.00016204	6600.87343031
0.00016204	6600.87343031
0.00016204	6600.87343031
0.00016204	6600.87343031
0.00016204	6600.87343031
0.00016204	6600.87343031
0.00016204	6600.87343031
0.00016204	6600.87343031
0.00016204	6600.87343031
0.00016204	6605.2944515
0.00016204	6605.2944515
0.00016204	6605.2944515
0.0001631	198.35827383
0.0001631	198.35827383
0.0001631	198.35827383
0.0001631	198.35827383
0.0001631	198.35827383
0.0001631	198.35827383
0.0001631	198.35827383
0.0001631	198.35827383
0.0001631	198.35827383
0.0001631	198.35827383
0.0001631	198.35827383
0.0001631	198.35827383
0.00016293	2064.013
0.00016293	2064.013
0.00016293	2064.013
0.00016269	1805.232
0.00016269	1805.232
0.00016269	1805.232
0.00016264	198.90883413
0.00016264	198.90883413
0.00016264	198.90883413
0.0001631	198.34784048
0.0001631	198.34784048
0.0001631	198.34784048
0.0001631	198.34784048
0.0001631	198.34784048
0.0001631	198.34784048
0.0001631	198.34784048
0.0001631	198.34784048
0.0001631	198.34784048
0.0001631	198.34784048
0.0001631	198.34784048
0.0001631	198.34784048
0.0001631	198.34784048
0.0001631	198.34784048
0.0001631	198.34784048
0.0001631	198.34784048
0.0001631	198.34784048
0.0001631	198.34784048
0.00016306	198.39649689
0.00016306	198.39649689
0.00016306	198.39649689
0.00016311	14.2472312
0.00016311	14.2472312
0.00016311	14.2472312
0.00016304	198.42083405
0.00016304	198.42083405
0.00016304	198.42083405
0.0001631	198.34784048
0.0001631	198.34784048
0.0001631	198.34784048
0.0001631	198.34784048
0.0001631	198.34784048
0.0001631	198.34784048
0.0001631	198.34784048
0.0001631	198.34784048
0.0001631	198.34784048
0.0001631	198.34784048
0.0001631	198.34784048
0.0001631	198.34784048
0.00016306	198.39649689
0.00016306	198.39649689
0.00016306	198.39649689
0.00016308	198.06577737
0.00016308	198.06577737
0.00016308	198.06577737
0.00016308	198.06577737
0.00016308	198.06577737
0.00016308	198.06577737
0.00016308	198.06577737
0.00016308	198.06577737
0.00016308	198.06577737
0.00016308	198.05418187
0.00016308	198.05418187
0.00016308	198.05418187
0.0001631	202.63720201
0.0001631	202.63720201
0.0001631	202.63720201
0.00016204	449.40966283
0.00016204	449.40966283
0.00016204	449.40966283
0.00016204	449.40966283
0.00016204	449.40966283
0.00016204	449.40966283
0.0001631	202.63720201
0.0001631	202.63720201
0.0001631	202.63720201
0.0001631	202.63720201
0.0001631	202.63720201
0.0001631	202.63720201
0.0001631	202.63720201
0.0001631	202.63720201
0.0001631	202.63720201
0.0001631	202.63720201
0.0001631	202.63720201
0.0001631	202.63720201
0.0001631	202.63720201
0.0001631	202.63720201
0.0001631	202.63720201
0.0001631	202.63720201
0.0001631	202.63720201
0.0001631	202.63720201
0.0001631	202.63720201
0.0001631	202.63720201
0.0001631	202.63720201
0.00016293	7069.293
0.00016293	7069.293
0.00016293	7069.293
0.00016267	7567.021
0.00016267	7567.021
0.00016267	7567.021
0.00016266	201.60978525
0.00016266	201.60978525
0.00016266	201.60978525
0.00016204	449.40966283
0.00016204	449.40966283
0.00016204	449.40966283
0.00016266	201.60978525
0.00016266	201.60978525
0.00016266	201.60978525
0.00016266	201.60978525
0.00016266	201.60978525
0.00016266	201.60978525
0.00016266	201.60978525
0.00016266	201.60978525
0.00016266	201.60978525
0.00016266	201.60978525
0.00016266	201.60978525
0.00016266	201.60978525
0.00016266	201.60978525
0.00016266	201.60978525
0.00016266	201.60978525
0.00016266	201.60978525
0.00016266	201.60978525
0.00016266	201.60978525
0.00016266	201.52113872
0.00016266	201.52113872
0.00016266	201.52113872
0.00016266	201.52113872
0.00016266	201.52113872
0.00016266	201.52113872
0.00016266	201.52113872
0.00016266	201.52113872
0.00016266	201.52113872
0.00016266	201.52113872
0.00016266	201.52113872
0.00016266	201.52113872
0.00016266	201.52113872
0.00016266	201.52113872
0.00016266	201.52113872
0.00016266	201.52113872
0.00016266	201.52113872
0.00016266	201.52113872
0.00016264	201.67474079
0.00016264	201.67474079
0.00016264	201.67474079
0.00016264	201.67474079
0.00016264	201.67474079
0.00016264	201.67474079
0.00016204	449.40966283
0.00016204	449.40966283
0.00016204	449.40966283
0.00016264	201.67474079
0.00016264	201.67474079
0.00016264	201.67474079
0.00016264	201.67474079
0.00016264	201.67474079
0.00016264	201.67474079
0.00016264	201.67474079
0.00016264	201.67474079
0.00016264	201.67474079
0.00016264	201.67474079
0.00016264	201.67474079
0.00016264	201.67474079
0.00016264	201.67474079
0.00016264	201.67474079
0.00016264	201.67474079
0.00016264	201.67474079
0.00016264	201.67474079
0.00016264	201.67474079
0.00016204	449.40966283
0.00016204	449.40966283
0.00016204	449.40966283
0.00016277	7442.589
0.00016277	7442.589
0.00016277	7442.589
0.00016298	7209.279
0.00016298	7209.279
0.00016298	7209.279
0.00016273	201.56320188
0.00016273	201.56320188
0.00016273	201.56320188
0.00016266	201.6499437
0.00016266	201.6499437
0.00016266	201.6499437
0.00016266	201.6499437
0.00016266	201.6499437
0.00016266	201.6499437
0.00016266	201.6499437
0.00016266	201.6499437
0.00016266	201.6499437
0.00016266	201.6499437
0.00016266	201.6499437
0.00016266	201.6499437
0.00016204	449.40966283
0.00016204	449.40966283
0.00016204	449.40966283
0.00016264	201.67474079
0.00016264	201.67474079
0.00016264	201.67474079
0.00016204	449.40966283
0.00016204	449.40966283
0.00016204	449.40966283
0.00016248	7131.509
0.00016248	7131.509
0.00016248	7131.509
0.00016204	449.40966283
0.00016204	449.40966283
0.00016204	449.40966283
0.00016247	7115.955
0.00016247	7115.955
0.00016247	7115.955
0.00016247	7115.955
0.00016247	7115.955
0.00016247	7115.955
0.00016204	449.42155416
0.00016204	449.42155416
0.00016204	449.42155416
0.00016203	4.43555905
0.00016203	4.43555905
0.00016203	4.43555905
0.00016247	7115.955
0.00016247	7115.955
0.00016247	7115.955
0.00016247	7115.955
0.00016247	7115.955
0.00016247	7115.955
0.00016247	7115.955
0.00016247	7115.955
0.00016247	7115.955
0.00016247	7115.955
0.00016247	7115.955
0.00016247	7115.955
0.00016204	449.42155416
0.00016204	449.42155416
0.00016204	449.42155416
0.00016203	4.43555905
0.00016203	4.43555905
0.00016203	4.43555905
0.00016202	4.43555905
0.00016202	4.43555905
0.00016202	4.43555905
0.00016201	4.43555905
0.00016201	4.43555905
0.00016201	4.43555905
0.000162	4.43217722
0.000162	4.43217722
0.000162	4.43217722
0.00016199	4.43555905
0.00016199	4.43555905
0.00016199	4.43555905
0.00016198	4.43217722
0.00016198	4.43217722
0.00016198	4.43217722
0.00016204	449.40321409
0.00016204	449.40321409
0.00016204	449.40321409
0.00016204	449.40321409
0.00016204	449.40321409
0.00016204	449.40321409
0.00016237	7605.906
0.00016237	7605.906
0.00016237	7605.906
0.00016236	4077.416
0.00016236	4077.416
0.00016236	4077.416
0.00016236	4077.416
0.00016236	4077.416
0.00016236	4077.416
0.00016204	444.98599511
0.00016204	444.98599511
0.00016204	444.98599511
0.00016204	444.98599511
0.00016204	444.98599511
0.00016204	444.98599511
0.00016204	444.98599511
0.00016204	444.98599511
0.00016204	444.98599511
0.00016204	444.98599511
0.00016204	444.98599511
0.00016204	444.98599511
0.00016203	8.85055195
0.00016203	8.85055195
0.00016203	8.85055195
0.00016204	444.98599511
0.00016204	444.98599511
0.00016204	444.98599511
0.00016204	444.98599511
0.00016204	444.98599511
0.00016204	444.98599511
0.00016204	444.98599511
0.00016204	444.98599511
0.00016204	444.98599511
0.00016203	7529.21974383
0.00016203	7529.21974383
0.00016203	7529.21974383
0.00016203	7529.21974383
0.00016203	7529.21974383
0.00016203	7529.21974383
0.00016204	444.98599511
0.00016204	444.98599511
0.00016204	444.98599511
0.00016204	444.98599511
0.00016204	444.98599511
0.00016204	444.98599511
0.00016203	7524.78668347
0.00016203	7524.78668347
0.00016203	7524.78668347
0.00016203	7524.77649159
0.00016203	7524.77649159
0.00016203	7524.77649159
0.00016203	7524.77649159
0.00016203	7524.77649159
0.00016203	7524.77649159
0.00016203	7524.77649159
0.00016203	7524.77649159
0.00016203	7524.77649159
0.00016203	7524.77649159
0.00016203	7524.77649159
0.00016203	7524.77649159
0.00016203	7524.78668347
0.00016203	7524.78668347
0.00016203	7524.78668347
0.00016203	7524.78668347
0.00016203	7524.78668347
0.00016203	7524.78668347
0.00016204	444.98599511
0.00016204	444.98599511
0.00016204	444.98599511
0.00016204	444.98599511
0.00016204	444.98599511
0.00016204	444.98599511
0.00016203	7524.78668347
0.00016203	7524.78668347
0.00016203	7524.78668347
0.00016204	444.98599511
0.00016204	444.98599511
0.00016204	444.98599511
0.00016204	444.98599511
0.00016204	444.98599511
0.00016204	444.98599511
0.00016203	7524.78668347
0.00016203	7524.78668347
0.00016203	7524.78668347
0.00016203	7524.78668347
0.00016203	7524.78668347
0.00016203	7524.78668347
0.00016204	444.98599511
0.00016204	444.98599511
0.00016204	444.98599511
0.00016202	4.42768347
0.00016202	4.42768347
0.00016202	4.42768347
0.00016204	444.98599511
0.00016204	444.98599511
0.00016204	444.98599511
0.00016203	7524.78668347
0.00016203	7524.78668347
0.00016203	7524.78668347
0.00016203	7524.78668347
0.00016203	7524.78668347
0.00016203	7524.78668347
0.00016203	7524.78668347
0.00016203	7524.78668347
0.00016203	7524.78668347
0.00016203	7524.78668347
0.00016203	7524.78668347
0.00016203	7524.78668347
0.00016203	7524.78668347
0.00016203	7524.78668347
0.00016203	7524.78668347
0.00016203	7524.78668347
0.00016203	7524.78668347
0.00016203	7524.78668347
0.00016203	7524.78668347
0.00016203	7524.78668347
0.00016203	7524.78668347
0.00016203	7524.78668347
0.00016203	7524.78668347
0.00016203	7524.78668347
0.00016203	7524.78668347
0.00016203	7524.78668347
0.00016203	7524.78668347
0.00016203	7524.78668347
0.00016203	7524.78668347
0.00016203	7524.78668347
0.00016203	7524.78668347
0.00016203	7524.78668347
0.00016203	7524.78668347
0.00016204	444.98599511
0.00016204	444.98599511
0.00016204	444.98599511
0.00016204	444.98599511
0.00016204	444.98599511
0.00016204	444.98599511
0.00016202	7470.34976068
0.00016202	7470.34976068
0.00016202	7470.34976068
0.00016202	7470.34976068
0.00016202	7470.34976068
0.00016202	7470.34976068
0.00016202	7470.34976068
0.00016202	7470.34976068
0.00016202	7470.34976068
0.00016202	7470.34976068
0.00016202	7470.34976068
0.00016202	7470.34976068
0.00016202	7470.34976068
0.00016202	7470.34976068
0.00016202	7470.34976068
0.00016202	7470.34976068
0.00016202	7470.34976068
0.00016202	7470.34976068
0.00016202	7470.34976068
0.00016202	7470.34976068
0.00016202	7470.34976068
0.00016201	449.41944727
0.00016201	449.41944727
0.00016201	449.41944727
0.000162	7587.01399398
0.000162	7587.01399398
0.000162	7587.01399398
0.000162	7587.01399398
0.000162	7587.01399398
0.000162	7587.01399398
0.000162	7587.01399398
0.000162	7587.01399398
0.000162	7587.01399398
0.000162	7587.01399398
0.000162	7587.01399398
0.000162	7587.01399398
0.000162	7587.01399398
0.000162	7587.01399398
0.000162	7587.01399398
0.000162	7587.01399398
0.000162	7587.01399398
0.000162	7587.01399398
0.000162	7587.01399398
0.000162	7587.01399398
0.000162	7587.01399398
0.000162	7587.01399398
0.000162	7587.01399398
0.000162	7587.01399398
0.000162	7587.01399398
0.000162	7587.01399398
0.000162	7587.01399398
0.00016199	4.42976068
0.00016199	4.42976068
0.00016199	4.42976068
0.00016198	4.43899398
0.00016198	4.43899398
0.00016198	4.43899398
0.00016197	4.42976068
0.00016197	4.42976068
0.00016197	4.42976068
0.00016197	4.42976068
0.00016197	4.42976068
0.00016197	4.42976068
0.00016196	4.42976068
0.00016196	4.42976068
0.00016196	4.42976068
0.00016196	4.42976068
0.00016196	4.42976068
0.00016196	4.42976068
0.00016196	4.42976068
0.00016196	4.42976068
0.00016196	4.42976068
0.00016196	4.42976068
0.00016196	4.42976068
0.00016196	4.42976068
0.00016196	4.42976068
0.00016196	4.42976068
0.00016196	4.42976068
0.00016196	4.42976068
0.00016196	4.42976068
0.00016196	4.42976068
0.00016196	4.42976068
0.00016196	4.42976068
0.00016196	4.42976068
0.00016196	4.42976068
0.00016196	4.42976068
0.00016196	4.42976068
0.00016201	444.98599511
0.00016201	444.98599511
0.00016201	444.98599511
0.000162	7587.00476068
0.000162	7587.00476068
0.000162	7587.00476068
0.000162	4.42976068
0.000162	4.42976068
0.000162	4.42976068
0.000162	4.42976068
0.000162	4.42976068
0.000162	4.42976068
0.00016198	963.72299398
0.00016198	963.72299398
0.00016198	963.72299398
0.00016201	449.41575579
0.00016201	449.41575579
0.00016201	449.41575579
0.00016274	1914.319
0.00016274	1914.319
0.00016274	1914.319
0.00016251	691.821
0.00016251	691.821
0.00016251	691.821
0.00016243	736.505
0.00016243	736.505
0.00016243	736.505
0.00016201	449.41575579
0.00016201	449.41575579
0.00016201	449.41575579
0.00016262	191.87956478
0.00016262	191.87956478
0.00016262	191.87956478
0.00016304	191.38527248
0.00016304	191.38527248
0.00016304	191.38527248
0.00016288	4.43345216
0.00016288	4.43345216
0.00016288	4.43345216
0.00016286	7742.56509147
0.00016286	7742.56509147
0.00016286	7742.56509147
0.00016286	7742.56509147
0.00016286	7742.56509147
0.00016286	7742.56509147
0.00016286	7742.56509147
0.00016286	7742.56509147
0.00016286	7742.56509147
0.00016286	7742.56509147
0.00016286	7742.56509147
0.00016286	7742.56509147
0.0001627	3011.77536232
0.0001627	3011.77536232
0.0001627	3011.77536232
0.0001627	3011.77536232
0.0001627	3011.77536232
0.0001627	3011.77536232
0.0001627	3011.77536232
0.0001627	3011.77536232
0.0001627	3011.77536232
0.0001627	3011.77536232
0.0001627	3011.77536232
0.0001627	3011.77536232
0.0001627	3011.77536232
0.0001627	3011.77536232
0.0001627	3011.77536232
0.0001627	3011.77536232
0.0001627	3011.77536232
0.0001627	3011.77536232
0.0001627	3011.77536232
0.0001627	3011.77536232
0.0001627	3011.77536232
0.00016287	444.98599511
0.00016287	444.98599511
0.00016287	444.98599511
0.00016266	6918.19199398
0.00016266	6918.19199398
0.00016266	6918.19199398
0.00016265	195.55084628
0.00016265	195.55084628
0.00016265	195.55084628
0.00016265	195.55084628
0.00016265	195.55084628
0.00016265	195.55084628
0.00016287	483.95362877
0.00016287	483.95362877
0.00016287	483.95362877
0.00016286	6150.796
0.00016286	6150.796
0.00016286	6150.796
0.00016287	483.95362877
0.00016287	483.95362877
0.00016287	483.95362877
0.00016287	483.95362877
0.00016287	483.95362877
0.00016287	483.95362877
0.00016287	483.95362877
0.00016287	483.95362877
0.00016287	483.95362877
0.00016287	483.95362877
0.00016287	483.95362877
0.00016287	483.95362877
0.00016287	38.96763366
0.00016287	38.96763366
0.00016287	38.96763366
0.00016287	38.96763366
0.00016287	38.96763366
0.00016287	38.96763366
0.00016287	38.96763366
0.00016287	38.96763366
0.00016287	38.96763366
0.00016287	38.96763366
0.00016287	38.96763366
0.00016287	38.96763366
0.00016287	38.96763366
0.00016287	38.96763366
0.00016287	38.96763366
0.00016287	38.96763366
0.00016287	38.96763366
0.00016287	38.96763366
0.00016287	38.96763366
0.00016287	38.96763366
0.00016287	38.96763366
0.00016287	38.96763366
0.00016287	38.96763366
0.00016287	38.96763366
0.00016256	658.138
0.00016256	658.138
0.00016256	658.138
0.00016265	1561.651
0.00016265	1561.651
0.00016265	1561.651
0.00016265	1561.651
0.00016265	1561.651
0.00016265	1561.651
0.00016266	6109.688
0.00016266	6109.688
0.00016266	6109.688
0.00016266	6109.688
0.00016266	6109.688
0.00016266	6109.688
0.00016266	6109.688
0.00016266	6109.688
0.00016266	6109.688
0.00016266	6109.688
0.00016266	6109.688
0.00016266	6109.688
0.00016266	6109.688
0.00016266	6109.688
0.00016266	6109.688
0.00016266	6109.688
0.00016266	6109.688
0.00016266	6109.688
0.00016266	6109.688
0.00016266	6109.688
0.00016266	6109.688
0.00016266	6109.688
0.00016266	6109.688
0.00016266	6109.688
0.00016266	6109.688
0.00016266	6109.688
0.00016266	6109.688
0.00016266	6109.688
0.00016266	6109.688
0.00016266	6109.688
0.00016266	6109.688
0.00016266	6109.688
0.00016266	6109.688
0.00016285	209.59472274
0.00016285	209.59472274
0.00016285	209.59472274
0.00016285	209.59472274
0.00016285	209.59472274
0.00016285	209.59472274
0.00016285	209.59472274
0.00016285	209.59472274
0.00016285	209.59472274
0.00016285	209.59472274
0.00016285	209.59472274
0.00016285	209.59472274
0.00016285	209.59472274
0.00016285	209.59472274
0.00016285	209.59472274
0.00016266	6109.688
0.00016266	6109.688
0.00016266	6109.688
0.00016266	6109.688
0.00016266	6109.688
0.00016266	6109.688
0.00016266	6109.688
0.00016266	6109.688
0.00016266	6109.688
0.00016266	6109.688
0.00016266	6109.688
0.00016266	6109.688
0.00016265	209.85244757
0.00016265	209.85244757
0.00016265	209.85244757
0.00016265	209.85244757
0.00016265	209.85244757
0.00016265	209.85244757
0.00016266	6109.688
0.00016266	6109.688
0.00016266	6109.688
0.00016266	6109.688
0.00016266	6109.688
0.00016266	6109.688
0.00016266	6109.688
0.00016266	6109.688
0.00016266	6109.688
0.00016266	6109.688
0.00016266	6109.688
0.00016266	6109.688
0.00016266	6109.688
0.00016266	6109.688
0.00016266	6109.688
0.00016266	6109.688
0.00016266	6109.688
0.00016266	6109.688
0.00016266	6109.688
0.00016266	6109.688
0.00016266	6109.688
0.00016266	6109.688
0.00016266	6109.688
0.00016266	6109.688
0.00016266	6109.688
0.00016266	6109.688
0.00016266	6109.688
0.00016266	6109.688
0.00016266	6109.688
0.00016266	6109.688
0.00016266	6109.688
0.00016266	6109.688
0.00016266	6109.688
0.00016266	6109.688
0.00016266	6109.688
0.00016266	6109.688
0.00016266	6109.688
0.00016266	6109.688
0.00016266	6109.688
0.00016285	207.03309668
0.00016285	207.03309668
0.00016285	207.03309668
0.00016285	207.03309668
0.00016285	207.03309668
0.00016285	207.03309668
0.00016287	38.96763366
0.00016287	38.96763366
0.00016287	38.96763366
0.00016287	38.96763366
0.00016287	38.96763366
0.00016287	38.96763366
0.00016287	38.96763366
0.00016287	38.96763366
0.00016287	38.96763366
0.00016287	38.96763366
0.00016287	38.96763366
0.00016287	38.96763366
0.00016287	38.96763366
0.00016287	38.96763366
0.00016287	38.96763366
0.00016287	38.96763366
0.00016287	38.96763366
0.00016287	38.96763366
0.00016287	38.96763366
0.00016287	38.96763366
0.00016287	38.96763366
0.00016287	38.96763366
0.00016287	38.96763366
0.00016287	38.96763366
0.00016287	38.96763366
0.00016287	38.96763366
0.00016287	38.96763366
0.00016285	206.80800616
0.00016285	206.80800616
0.00016285	206.80800616
0.00016287	38.96763366
0.00016287	38.96763366
0.00016287	38.96763366
0.00016287	38.96763366
0.00016287	38.96763366
0.00016287	38.96763366
0.00016257	207.16419883
0.00016257	207.16419883
0.00016257	207.16419883
0.0001624	7162.617
0.0001624	7162.617
0.0001624	7162.617
0.00016231	207.49604956
0.00016231	207.49604956
0.00016231	207.49604956
0.00016273	206.96051007
0.00016273	206.96051007
0.00016273	206.96051007
0.00016256	7458.143
0.00016256	7458.143
0.00016256	7458.143
0.00016256	7458.143
0.00016256	7458.143
0.00016256	7458.143
0.00016287	38.96763366
0.00016287	38.96763366
0.00016287	38.96763366
0.00016238	207.40364218
0.00016238	207.40364218
0.00016238	207.40364218
0.00016268	207.02116682
0.00016268	207.02116682
0.00016268	207.02116682
0.00016285	206.8050563
0.00016285	206.8050563
0.00016285	206.8050563
0.00016262	207.097549
0.00016262	207.097549
0.00016262	207.097549
0.00016256	5615.945
0.00016256	5615.945
0.00016256	5615.945
0.00016266	207.04662128
0.00016266	207.04662128
0.00016266	207.04662128
0.00016256	6164.191
0.00016256	6164.191
0.00016256	6164.191
0.00016256	6164.191
0.00016256	6164.191
0.00016256	6164.191
0.00016256	6164.191
0.00016256	6164.191
0.00016256	6164.191
0.00016256	6164.191
0.00016256	6164.191
0.00016256	6164.191
0.00016256	6164.191
0.00016256	6164.191
0.00016256	6164.191
0.00016256	6164.191
0.00016256	6164.191
0.00016256	6164.191
0.00016285	190.23690801
0.00016285	190.23690801
0.00016285	190.23690801
0.00016285	190.23690801
0.00016285	190.23690801
0.00016285	190.23690801
0.00016273	190.37719209
0.00016273	190.37719209
0.00016273	190.37719209
0.00016285	190.23690801
0.00016285	190.23690801
0.00016285	190.23690801
0.0001627	189.8664036
0.0001627	189.8664036
0.0001627	189.8664036
0.00016287	38.96763366
0.00016287	38.96763366
0.00016287	38.96763366
0.00016293	38.96763366
0.00016293	38.96763366
0.00016293	38.96763366
0.00016293	38.96763366
0.00016293	38.96763366
0.00016293	38.96763366
0.00016293	38.96763366
0.00016293	38.96763366
0.00016293	38.96763366
0.00016289	38.96763366
0.00016289	38.96763366
0.00016289	38.96763366
0.00016289	38.96763366
0.00016289	38.96763366
0.00016289	38.96763366
0.00016295	3.91579475
0.00016295	3.91579475
0.00016295	3.91579475
0.00016295	3.91579475
0.00016295	3.91579475
0.00016295	3.91579475
0.00016294	38.96763366
0.00016294	38.96763366
0.00016294	38.96763366
0.00016295	3.91579475
0.00016295	3.91579475
0.00016295	3.91579475
0.00016289	38.96763366
0.00016289	38.96763366
0.00016289	38.96763366
0.00016289	38.96763366
0.00016289	38.96763366
0.00016289	38.96763366
0.00016295	3.91579475
0.00016295	3.91579475
0.00016295	3.91579475
0.00016295	3.91579475
0.00016295	3.91579475
0.00016295	3.91579475
0.00016295	3.91579475
0.00016295	3.91579475
0.00016295	3.91579475
0.00016294	38.96763366
0.00016294	38.96763366
0.00016294	38.96763366
0.00016295	3.91579475
0.00016295	3.91579475
0.00016295	3.91579475
0.00016289	38.96763366
0.00016289	38.96763366
0.00016289	38.96763366
0.00016295	3.91579475
0.00016295	3.91579475
0.00016295	3.91579475
0.00016295	3.91579475
0.00016295	3.91579475
0.00016295	3.91579475
0.00016295	3.91579475
0.00016295	3.91579475
0.00016295	3.91579475
0.00016295	3.91579475
0.00016295	3.91579475
0.00016295	3.91579475
0.00016295	3.91579475
0.00016295	3.91579475
0.00016295	3.91579475
0.00016295	3.91579475
0.00016295	3.91579475
0.00016295	3.91579475
0.00016295	3.91579475
0.00016295	3.91579475
0.00016295	3.91579475
0.00016294	38.96763366
0.00016294	38.96763366
0.00016294	38.96763366
0.00016294	38.96763366
0.00016294	38.96763366
0.00016294	38.96763366
0.00016295	3.91579475
0.00016295	3.91579475
0.00016295	3.91579475
0.00016295	3.91579475
0.00016295	3.91579475
0.00016295	3.91579475
0.00016297	4539.474
0.00016297	4539.474
0.00016297	4539.474
0.00016294	38.96763366
0.00016294	38.96763366
0.00016294	38.96763366
0.00016295	3.91579475
0.00016295	3.91579475
0.00016295	3.91579475
0.00016295	3.91579475
0.00016295	3.91579475
0.00016295	3.91579475
0.00016295	3.91579475
0.00016295	3.91579475
0.00016295	3.91579475
0.00016964	10.8330313
0.00016964	10.8330313
0.00016964	10.8330313
0.00016961	8.23495576
0.00016961	8.23495576
0.00016961	8.23495576
0.00016949	189.8643357
0.00016949	189.8643357
0.00016949	189.8643357
0.0001693	190.06785003
0.0001693	190.06785003
0.0001693	190.06785003
0.0001691	190.29264937
0.0001691	190.29264937
0.0001691	190.29264937
0.00016891	7194.991
0.00016891	7194.991
0.00016891	7194.991
0.00016882	190.60826329
0.00016882	190.60826329
0.00016882	190.60826329
0.00016879	7.30291323
0.00016879	7.30291323
0.00016879	7.30291323
0.00016956	7707.007
0.00016956	7707.007
0.00016956	7707.007
0.00016962	3108.989
0.00016962	3108.989
0.00016962	3108.989
0.00016999	7077.07
0.00016999	7077.07
0.00016999	7077.07
0.00016964	10.8218926
0.00016964	10.8218926
0.00016964	10.8218926
0.00016984	47.2209138
0.00016984	47.2209138
0.00016984	47.2209138
0.00016964	10.8218926
0.00016964	10.8218926
0.00016964	10.8218926
0.00016963	4.45546959
0.00016963	4.45546959
0.00016963	4.45546959
0.00016961	190.97815534
0.00016961	190.97815534
0.00016961	190.97815534
0.0001694	7148.124
0.0001694	7148.124
0.0001694	7148.124
0.0001692	7683.402
0.0001692	7683.402
0.0001692	7683.402
0.000168	4.45546959
0.000168	4.45546959
0.000168	4.45546959
0.000168	4.45546959
0.000168	4.45546959
0.000168	4.45546959
0.0001687	191.97541719
0.0001687	191.97541719
0.0001687	191.97541719
0.0001685	192.20328119
0.0001685	192.20328119
0.0001685	192.20328119
0.0001683	192.43168675
0.0001683	192.43168675
0.0001683	192.43168675
0.00016963	190.92290798
0.00016963	190.92290798
0.00016963	190.92290798
0.00016818	197.02446044
0.00016818	197.02446044
0.00016818	197.02446044
0.00016817	6968.192
0.00016817	6968.192
0.00016817	6968.192
0.00016813	7629.237
0.00016813	7629.237
0.00016813	7629.237
0.00016812	4.46658052
0.00016812	4.46658052
0.00016812	4.46658052
0.00016956	7613.683
0.00016956	7613.683
0.00016956	7613.683
0.00016937	191.21599386
0.00016937	191.21599386
0.00016937	191.21599386
0.00016921	4.45546959
0.00016921	4.45546959
0.00016921	4.45546959
0.0001692	3190.44617319
0.0001692	3190.44617319
0.0001692	3190.44617319
0.00016799	2890.52660829
0.00016799	2890.52660829
0.00016799	2890.52660829
0.00016799	2890.52660829
0.00016799	2890.52660829
0.00016799	2890.52660829
0.00016799	4.46660829
0.00016799	4.46660829
0.00016799	4.46660829
0.00016799	4.46660829
0.00016799	4.46660829
0.00016799	4.46660829
0.00016799	4.46660829
0.00016799	4.46660829
0.00016799	4.46660829
0.00016926	191.097481
0.00016926	191.097481
0.00016926	191.097481
0.00016964	6.36642301
0.00016964	6.36642301
0.00016964	6.36642301
0.00016797	4.46660829
0.00016797	4.46660829
0.00016797	4.46660829
0.00016797	4.46660829
0.00016797	4.46660829
0.00016797	4.46660829
0.00016796	4.46660829
0.00016796	4.46660829
0.00016796	4.46660829
0.00016964	6.36642301
0.00016964	6.36642301
0.00016964	6.36642301
0.00016843	4518.674
0.00016843	4518.674
0.00016843	4518.674
0.00016837	4429.765
0.00016837	4429.765
0.00016837	4429.765
0.00016841	191.99299387
0.00016841	191.99299387
0.00016841	191.99299387
0.00016829	4457.98360829
0.00016829	4457.98360829
0.00016829	4457.98360829
0.00016829	4457.98360829
0.00016829	4457.98360829
0.00016829	4457.98360829
0.00016841	191.99299387
0.00016841	191.99299387
0.00016841	191.99299387
0.00016833	192.08423988
0.00016833	192.08423988
0.00016833	192.08423988
0.00016831	2504.79328576
0.00016831	2504.79328576
0.00016831	2504.79328576
0.00016841	191.99299387
0.00016841	191.99299387
0.00016841	191.99299387
0.0001683	4.46660829
0.0001683	4.46660829
0.0001683	4.46660829
0.0001683	7695.91960829
0.0001683	7695.91960829
0.0001683	7695.91960829
0.00016829	4.46660829
0.00016829	4.46660829
0.00016829	4.46660829
0.00016829	315.72158837
0.00016829	315.72158837
0.00016829	315.72158837
0.00016829	311.25498008
0.00016829	311.25498008
0.00016829	311.25498008
0.00016828	7089.31360829
0.00016828	7089.31360829
0.00016828	7089.31360829
0.00016829	311.25498008
0.00016829	311.25498008
0.00016829	311.25498008
0.00016828	7084.847
0.00016828	7084.847
0.00016828	7084.847
0.00016829	311.25498008
0.00016829	311.25498008
0.00016829	311.25498008
0.00016828	7089.31360829
0.00016828	7089.31360829
0.00016828	7089.31360829
0.00016827	4.46660829
0.00016827	4.46660829
0.00016827	4.46660829
0.00016826	4.46660829
0.00016826	4.46660829
0.00016826	4.46660829
0.00016828	3685.64560829
0.00016828	3685.64560829
0.00016828	3685.64560829
0.00016829	311.25498008
0.00016829	311.25498008
0.00016829	311.25498008
0.00016827	4.46660829
0.00016827	4.46660829
0.00016827	4.46660829
0.00016826	4.46660829
0.00016826	4.46660829
0.00016826	4.46660829
0.00016825	4.46660829
0.00016825	4.46660829
0.00016825	4.46660829
0.00016825	4.46660829
0.00016825	4.46660829
0.00016825	4.46660829
0.00016825	4.46660829
0.00016825	4.46660829
0.00016825	4.46660829
0.00016825	4.46660829
0.00016825	4.46660829
0.00016825	4.46660829
0.00016825	4.46660829
0.00016825	4.46660829
0.00016825	4.46660829
0.00016824	4.46660829
0.00016824	4.46660829
0.00016824	4.46660829
0.00016814	192.12658261
0.00016814	192.12658261
0.00016814	192.12658261
0.00016794	192.35538645
0.00016794	192.35538645
0.00016794	192.35538645
0.00016774	192.5847359
0.00016774	192.5847359
0.00016774	192.5847359
0.00016754	192.81463293
0.00016754	192.81463293
0.00016754	192.81463293
0.00016757	179.46262459
0.00016757	179.46262459
0.00016757	179.46262459
0.00016746	4.45546959
0.00016746	4.45546959
0.00016746	4.45546959
0.00016745	8.10842298
0.00016745	8.10842298
0.00016745	8.10842298
0.00016742	4.45546959
0.00016742	4.45546959
0.00016742	4.45546959
0.00016741	4.46660829
0.00016741	4.46660829
0.00016741	4.46660829
0.0001674	4.45546959
0.0001674	4.45546959
0.0001674	4.45546959
0.00016739	4.46660829
0.00016739	4.46660829
0.00016739	4.46660829
0.00016738	4.46660829
0.00016738	4.46660829
0.00016738	4.46660829
0.00016737	4.45546959
0.00016737	4.45546959
0.00016737	4.45546959
0.00016736	4.46660829
0.00016736	4.46660829
0.00016736	4.46660829
0.00016735	4.45546959
0.00016735	4.45546959
0.00016735	4.45546959
0.00016733	4.45546959
0.00016733	4.45546959
0.00016733	4.45546959
0.00016742	6983.746
0.00016742	6983.746
0.00016742	6983.746
0.00016731	577.06104129
0.00016731	577.06104129
0.00016731	577.06104129
0.0001673	7081.53660829
0.0001673	7081.53660829
0.0001673	7081.53660829
0.00016731	577.06104129
0.00016731	577.06104129
0.00016731	577.06104129
0.00016731	577.06104129
0.00016731	577.06104129
0.00016731	577.06104129
0.00016728	4.46660829
0.00016728	4.46660829
0.00016728	4.46660829
0.00016727	4.46660829
0.00016727	4.46660829
0.00016727	4.46660829
0.00016727	4.46660829
0.00016727	4.46660829
0.00016727	4.46660829
0.00016727	4.46660829
0.00016727	4.46660829
0.00016727	4.46660829
0.00016726	4.46660829
0.00016726	4.46660829
0.00016726	4.46660829
0.00016726	4.46660829
0.00016726	4.46660829
0.00016726	4.46660829
0.00016725	4.46660829
0.00016725	4.46660829
0.00016725	4.46660829
0.00016724	7271.495
0.00016724	7271.495
0.00016724	7271.495
0.00016706	7730.338
0.00016706	7730.338
0.00016706	7730.338
0.00016684	6929.307
0.00016684	6929.307
0.00016684	6929.307
0.000165	48.73324819
0.000165	48.73324819
0.000165	48.73324819
0.00016499	4.46660829
0.00016499	4.46660829
0.00016499	4.46660829
0.00016628	7217.056
0.00016628	7217.056
0.00016628	7217.056
0.00016608	7722.561
0.00016608	7722.561
0.00016608	7722.561
0.000165	48.72210949
0.000165	48.72210949
0.000165	48.72210949
0.00016499	4.45546959
0.00016499	4.45546959
0.00016499	4.45546959
0.00016549	7115.955
0.00016549	7115.955
0.00016549	7115.955
0.000165	48.72210949
0.000165	48.72210949
0.000165	48.72210949
0.000165	48.72210949
0.000165	48.72210949
0.000165	48.72210949
0.00016702	7753.669
0.00016702	7753.669
0.00016702	7753.669
0.000165	48.72210949
0.000165	48.72210949
0.000165	48.72210949
0.00016664	7714.784
0.00016664	7714.784
0.00016664	7714.784
0.000165	48.72210949
0.000165	48.72210949
0.000165	48.72210949
0.00016511	3.91579475
0.00016511	3.91579475
0.00016511	3.91579475
0.00016511	3.91579475
0.00016511	3.91579475
0.00016511	3.91579475
0.00016511	3.91579475
0.00016511	3.91579475
0.00016511	3.91579475
0.00016511	3.91579475
0.00016511	3.91579475
0.00016511	3.91579475
0.000165	48.72210949
0.000165	48.72210949
0.000165	48.72210949
0.00016727	2068.187
0.00016727	2068.187
0.00016727	2068.187
0.00016731	577.06104129
0.00016731	577.06104129
0.00016731	577.06104129
0.00016731	577.06104129
0.00016731	577.06104129
0.00016731	577.06104129
0.00016731	577.06104129
0.00016731	577.06104129
0.00016731	577.06104129
0.00016731	577.06104129
0.00016731	577.06104129
0.00016731	577.06104129
0.00016727	1162.577
0.00016727	1162.577
0.00016727	1162.577
0.00016731	577.06104129
0.00016731	577.06104129
0.00016731	577.06104129
0.00016731	577.06104129
0.00016731	577.06104129
0.00016731	577.06104129
0.0001673	6491.832
0.0001673	6491.832
0.0001673	6491.832
0.0001673	6491.832
0.0001673	6491.832
0.0001673	6491.832
0.0001673	6491.832
0.0001673	6491.832
0.0001673	6491.832
0.0001673	6491.832
0.0001673	6491.832
0.0001673	6491.832
0.00016731	577.06104129
0.00016731	577.06104129
0.00016731	577.06104129
0.0001673	6544.611
0.0001673	6544.611
0.0001673	6544.611
0.0001673	6544.611
0.0001673	6544.611
0.0001673	6544.611
0.00016731	577.06104129
0.00016731	577.06104129
0.00016731	577.06104129
0.00016731	577.06104129
0.00016731	577.06104129
0.00016731	577.06104129
0.00016731	577.06104129
0.00016731	577.06104129
0.00016731	577.06104129
0.00016731	577.06104129
0.00016731	577.06104129
0.00016731	577.06104129
0.00016731	577.06104129
0.00016731	577.06104129
0.00016731	577.06104129
0.00016731	577.06104129
0.00016731	577.06104129
0.00016731	577.06104129
0.00016731	577.06104129
0.00016731	577.06104129
0.00016731	577.06104129
0.00016731	577.06104129
0.00016731	577.06104129
0.00016731	577.06104129
0.00016731	577.06104129
0.00016731	577.06104129
0.00016731	577.06104129
0.00016731	577.06104129
0.00016731	577.06104129
0.00016731	577.06104129
0.00016731	577.06104129
0.00016731	577.06104129
0.00016731	577.06104129
0.00016731	577.06104129
0.00016731	577.06104129
0.00016731	577.06104129
0.0001673	6369.217
0.0001673	6369.217
0.0001673	6369.217
0.0001673	6369.217
0.0001673	6369.217
0.0001673	6369.217
0.0001673	6369.217
0.0001673	6369.217
0.0001673	6369.217
0.0001673	6369.217
0.0001673	6369.217
0.0001673	6369.217
0.0001673	6369.217
0.0001673	6369.217
0.0001673	6369.217
0.0001673	6369.217
0.0001673	6369.217
0.0001673	6369.217
0.0001673	6369.217
0.0001673	6369.217
0.0001673	6369.217
0.0001673	6369.217
0.0001673	6369.217
0.0001673	6369.217
0.0001673	6369.217
0.0001673	6369.217
0.0001673	6369.217
0.0001673	6369.217
0.0001673	6369.217
0.0001673	6369.217
0.0001673	6369.217
0.0001673	6369.217
0.0001673	6369.217
0.0001673	6369.217
0.0001673	6369.217
0.0001673	6369.217
0.0001673	6369.217
0.0001673	6369.217
0.0001673	6369.217
0.0001673	6369.217
0.0001673	6369.217
0.0001673	6369.217
0.0001673	6369.217
0.0001673	6369.217
0.0001673	6369.217
0.0001673	6369.217
0.0001673	6369.217
0.0001673	6369.217
0.0001673	6369.217
0.0001673	6369.217
0.0001673	6369.217
0.0001673	6369.217
0.0001673	6369.217
0.0001673	6369.217
0.0001673	6369.217
0.0001673	6369.217
0.0001673	6369.217
0.0001673	6369.217
0.0001673	6369.217
0.0001673	6369.217
0.0001673	6369.217
0.0001673	6369.217
0.0001673	6369.217
0.0001673	6369.217
0.0001673	6369.217
0.0001673	6369.217
0.0001673	6369.217
0.0001673	6369.217
0.0001673	6369.217
0.0001673	6369.217
0.0001673	6369.217
0.0001673	6369.217
0.0001673	6369.217
0.0001673	6369.217
0.0001673	6369.217
0.0001673	6369.217
0.0001673	6369.217
0.0001673	6369.217
0.00016723	3421.629
0.00016723	3421.629
0.00016723	3421.629
0.00016707	7217.056
0.00016707	7217.056
0.00016707	7217.056
0.00016707	7217.056
0.00016707	7217.056
0.00016707	7217.056
0.00016707	7217.056
0.00016707	7217.056
0.00016707	7217.056
0.00016707	7217.056
0.00016707	7217.056
0.00016707	7217.056
0.00016707	7217.056
0.00016707	7217.056
0.00016707	7217.056
0.00016707	7217.056
0.00016707	7217.056
0.00016707	7217.056
0.00016724	169.46433591
0.00016724	169.46433591
0.00016724	169.46433591
0.00016715	7465.92
0.00016715	7465.92
0.00016715	7465.92
0.00016709	7473.697
0.00016709	7473.697
0.00016709	7473.697
0.00016709	7473.697
0.00016709	7473.697
0.00016709	7473.697
0.00016709	7473.697
0.00016709	7473.697
0.00016709	7473.697
0.00016709	7473.697
0.00016709	7473.697
0.00016709	7473.697
0.00016709	7473.697
0.00016709	7473.697
0.00016709	7473.697
0.00016709	7473.697
0.00016709	7473.697
0.00016709	7473.697
0.00016709	7473.697
0.00016709	7473.697
0.00016709	7473.697
0.00016728	168.40447044
0.00016728	168.40447044
0.00016728	168.40447044
0.0001673	168.3843384
0.0001673	168.3843384
0.0001673	168.3843384
0.00016718	168.50520286
0.00016718	168.50520286
0.00016718	168.50520286
0.00016722	168.46489543
0.00016722	168.46489543
0.00016722	168.46489543
0.00016709	6299.269
0.00016709	6299.269
0.00016709	6299.269
0.0001665	250.49235972
0.0001665	250.49235972
0.0001665	250.49235972
0.0001665	250.49235972
0.0001665	250.49235972
0.0001665	250.49235972
0.00016645	5432.515
0.00016645	5432.515
0.00016645	5432.515
0.00016649	60.97561
0.00016649	60.97561
0.00016649	60.97561
0.00016648	169.21531416
0.00016648	169.21531416
0.00016648	169.21531416
0.00016649	60.97561
0.00016649	60.97561
0.00016649	60.97561
0.00016649	60.97561
0.00016649	60.97561
0.00016649	60.97561
0.00016707	1068.967
0.00016707	1068.967
0.00016707	1068.967
0.00016689	896.507
0.00016689	896.507
0.00016689	896.507
0.00016723	2504.918
0.00016723	2504.918
0.00016723	2504.918
0.00016704	168.87063118
0.00016704	168.87063118
0.00016704	168.87063118
0.00016689	7427.035
0.00016689	7427.035
0.00016689	7427.035
0.00016683	7014.854
0.00016683	7014.854
0.00016683	7014.854
0.00016726	2623.96
0.00016726	2623.96
0.00016726	2623.96
0.00016704	3995.948
0.00016704	3995.948
0.00016704	3995.948
0.00016685	2220.732
0.00016685	2220.732
0.00016685	2220.732
0.00016684	1741.976
0.00016684	1741.976
0.00016684	1741.976
0.00016683	1759.552
0.00016683	1759.552
0.00016683	1759.552
0.00016683	1759.552
0.00016683	1759.552
0.00016683	1759.552
0.00016682	1535.857
0.00016682	1535.857
0.00016682	1535.857
0.00016682	1535.857
0.00016682	1535.857
0.00016682	1535.857
0.00016682	1535.857
0.00016682	1535.857
0.00016682	1535.857
0.00016682	1535.857
0.00016682	1535.857
0.00016682	1535.857
0.00016682	1535.857
0.00016682	1535.857
0.00016682	1535.857
0.00016682	1535.857
0.00016682	1535.857
0.00016682	1535.857
0.00016682	1535.857
0.00016682	1535.857
0.00016682	1535.857
0.00016682	1535.857
0.00016682	1535.857
0.00016682	1535.857
0.00016682	1535.857
0.00016682	1535.857
0.00016682	1535.857
0.00016682	1535.857
0.00016682	1535.857
0.00016682	1535.857
0.00016682	1535.857
0.00016682	1535.857
0.00016682	1535.857
0.00016682	1535.857
0.00016682	1535.857
0.00016682	1535.857
0.00016682	1535.857
0.00016682	1535.857
0.00016682	1535.857
0.00016721	6172.49
0.00016721	6172.49
0.00016721	6172.49
0.00016729	7745.892
0.00016729	7745.892
0.00016729	7745.892
0.00016725	7131.509
0.00016725	7131.509
0.00016725	7131.509
0.00016725	7131.509
0.00016725	7131.509
0.00016725	7131.509
0.00016725	7131.509
0.00016725	7131.509
0.00016725	7131.509
0.00016725	7131.509
0.00016725	7131.509
0.00016725	7131.509
0.0001672	152.12101189
0.0001672	152.12101189
0.0001672	152.12101189
0.00016717	179.99999997
0.00016717	179.99999997
0.00016717	179.99999997
0.00016716	158.79656739
0.00016716	158.79656739
0.00016716	158.79656739
0.00016716	158.79656739
0.00016716	158.79656739
0.00016716	158.79656739
0.00016716	158.79656739
0.00016716	158.79656739
0.00016716	158.79656739
0.00016714	614.6025878
0.00016714	614.6025878
0.00016714	614.6025878
0.00016712	614.6025878
0.00016712	614.6025878
0.00016712	614.6025878
0.00016712	614.6025878
0.00016712	614.6025878
0.00016712	614.6025878
0.00016712	614.6025878
0.00016712	614.6025878
0.00016712	614.6025878
0.00016716	158.79656739
0.00016716	158.79656739
0.00016716	158.79656739
0.00016716	158.79656739
0.00016716	158.79656739
0.00016716	158.79656739
0.00016716	158.79656739
0.00016716	158.79656739
0.00016716	158.79656739
0.00016716	158.79656739
0.00016716	158.79656739
0.00016716	158.79656739
0.00016716	158.79656739
0.00016716	158.79656739
0.00016716	158.79656739
0.00016716	158.79656739
0.00016716	158.79656739
0.00016716	158.79656739
0.00016716	158.79656739
0.00016716	158.79656739
0.00016716	158.79656739
0.00016717	179.99999997
0.00016717	179.99999997
0.00016717	179.99999997
0.00016711	311.25498008
0.00016711	311.25498008
0.00016711	311.25498008
0.00016711	311.25498008
0.00016711	311.25498008
0.00016711	311.25498008
0.00016711	311.25498008
0.00016711	311.25498008
0.00016711	311.25498008
0.00016711	311.25498008
0.00016711	311.25498008
0.00016711	311.25498008
0.00016711	311.25498008
0.00016711	311.25498008
0.00016711	311.25498008
0.00016711	311.25498008
0.00016711	311.25498008
0.00016711	311.25498008
0.00016711	311.25498008
0.00016711	311.25498008
0.00016711	311.25498008
0.00016711	311.25498008
0.00016711	311.25498008
0.00016711	311.25498008
0.00016711	311.25498008
0.00016711	311.25498008
0.00016711	311.25498008
0.00016711	311.25498008
0.00016711	311.25498008
0.00016711	311.25498008
0.00016711	311.25498008
0.00016711	311.25498008
0.00016711	311.25498008
0.00016711	311.25498008
0.00016711	311.25498008
0.00016711	311.25498008
0.00016711	311.25498008
0.00016711	311.25498008
0.00016711	311.25498008
0.00016711	311.25498008
0.00016711	311.25498008
0.00016711	311.25498008
0.00016711	311.25498008
0.00016711	311.25498008
0.00016711	311.25498008
0.00016711	311.25498008
0.00016711	311.25498008
0.00016711	311.25498008
0.00016711	311.25498008
0.00016711	311.25498008
0.00016711	311.25498008
0.00016711	311.25498008
0.00016711	311.25498008
0.00016711	311.25498008
0.00016711	311.25498008
0.00016711	311.25498008
0.00016711	311.25498008
0.00016711	311.25498008
0.00016711	311.25498008
0.00016711	311.25498008
0.00016711	311.25498008
0.00016711	311.25498008
0.00016711	311.25498008
0.00016711	311.25498008
0.00016711	311.25498008
0.00016711	311.25498008
0.00016711	311.25498008
0.00016711	311.25498008
0.00016711	311.25498008
0.00016711	311.25498008
0.00016711	311.25498008
0.00016711	311.25498008
0.00016711	311.25498008
0.00016711	311.25498008
0.00016711	311.25498008
0.00016711	311.25498008
0.00016711	311.25498008
0.00016711	311.25498008
0.00016711	311.25498008
0.00016711	311.25498008
0.00016711	311.25498008
0.00016711	311.25498008
0.00016711	311.25498008
0.00016711	311.25498008
0.00016711	311.25498008
0.00016711	311.25498008
0.00016711	311.25498008
0.00016711	311.25498008
0.00016711	311.25498008
0.00016711	311.25498008
0.0001671	156.73208591
0.0001671	156.73208591
0.0001671	156.73208591
0.0001665	183.0
0.0001665	183.0
0.0001665	183.0
0.0001665	183.0
0.0001665	183.0
0.0001665	183.0
0.0001665	183.0
0.0001665	183.0
0.0001665	183.0
0.0001665	183.0
0.0001665	183.0
0.0001665	183.0
0.0001665	183.0
0.0001665	183.0
0.0001665	183.0
0.0001665	183.0
0.0001665	183.0
0.0001665	183.0
0.0001665	183.0
0.0001665	183.0
0.0001665	183.0
0.0001671	156.73208591
0.0001671	156.73208591
0.0001671	156.73208591
0.00016635	157.58338729
0.00016635	157.58338729
0.00016635	157.58338729
0.00017084	60.0
0.00017084	60.0
0.00017084	60.0
0.000171	6.74924525
0.000171	6.74924525
0.000171	6.74924525
0.000171	6.74924525
0.000171	6.74924525
0.000171	6.74924525
0.000171	6.74924525
0.000171	6.74924525
0.000171	6.74924525
0.000171	6.74924525
0.000171	6.74924525
0.000171	6.74924525
0.000171	6.74924525
0.000171	6.74924525
0.000171	6.74924525
0.000171	6.74924525
0.000171	6.74924525
0.000171	6.74924525
0.000171	6.74924525
0.000171	6.74924525
0.000171	6.74924525
0.00017084	60.0
0.00017084	60.0
0.00017084	60.0
0.00017084	60.0
0.00017084	60.0
0.00017084	60.0
0.00017084	60.0
0.00017084	60.0
0.00017084	60.0
0.00017084	60.0
0.00017084	60.0
0.00017084	60.0
0.00017084	60.0
0.00017084	60.0
0.00017084	60.0
0.00017024	3.50087414
0.00017024	3.50087414
0.00017024	3.50087414
0.00017024	3.50087414
0.00017024	3.50087414
0.00017024	3.50087414
0.00017024	3.50087414
0.00017024	3.50087414
0.00017024	3.50087414
0.00017083	162.63079403
0.00017083	162.63079403
0.00017083	162.63079403
0.00017083	162.63079403
0.00017083	162.63079403
0.00017083	162.63079403
0.00017083	162.63079403
0.00017083	162.63079403
0.00017083	162.63079403
0.00017024	3.50087414
0.00017024	3.50087414
0.00017024	3.50087414
0.00017083	162.63079403
0.00017083	162.63079403
0.00017083	162.63079403
0.00017084	60.0
0.00017084	60.0
0.00017084	60.0
0.000171	6.74924525
0.000171	6.74924525
0.000171	6.74924525
0.000171	6.74924525
0.000171	6.74924525
0.000171	6.74924525
0.000171	6.74924525
0.000171	6.74924525
0.000171	6.74924525
0.000171	6.74924525
0.000171	6.74924525
0.000171	6.74924525
0.000171	6.74924525
0.000171	6.74924525
0.000171	6.74924525
0.000171	6.74924525
0.000171	6.74924525
0.000171	6.74924525
0.000171	6.74924525
0.000171	6.74924525
0.000171	6.74924525
0.000171	6.74924525
0.000171	6.74924525
0.000171	6.74924525
0.000171	6.74924525
0.000171	6.74924525
0.000171	6.74924525
0.000171	6.74924525
0.000171	6.74924525
0.000171	6.74924525
0.000171	6.74924525
0.000171	6.74924525
0.000171	6.74924525
0.000171	6.74924525
0.000171	6.74924525
0.000171	6.74924525
0.000171	6.74924525
0.000171	6.74924525
0.000171	6.74924525
0.000171	6.74924525
0.000171	6.74924525
0.000171	6.74924525
0.000171	6.74924525
0.000171	6.74924525
0.000171	6.74924525
0.000171	6.74924525
0.000171	6.74924525
0.000171	6.74924525
0.000171	6.74924525
0.000171	6.74924525
0.000171	6.74924525
0.000171	6.74924525
0.000171	6.74924525
0.000171	6.74924525
0.000171	6.74924525
0.000171	6.74924525
0.000171	6.74924525
0.000171	6.74924525
0.000171	6.74924525
0.000171	6.74924525
0.000171	6.74924525
0.000171	6.74924525
0.000171	6.74924525
