2.849e-05
2.8495e-05
2.8495e-05
2.8495e-05
2.8495e-05
2.8495e-05
2.8495e-05
2.8515e-05
2.8665e-05
2.8685e-05
2.8685e-05
2.869e-05
2.8675e-05
2.8675e-05
2.8725e-05
2.8795e-05
2.8795e-05
2.88e-05
2.88e-05
2.88e-05
2.8795e-05
2.8815e-05
2.864e-05
2.8645e-05
2.8575e-05
2.856e-05
2.859e-05
2.847e-05
2.856e-05
2.854e-05
2.8565e-05
2.85e-05
2.8585e-05
2.848e-05
2.851e-05
2.85e-05
2.8505e-05
2.8505e-05
2.8515e-05
2.851e-05
2.8505e-05
2.8505e-05
2.8505e-05
2.85e-05
2.85e-05
2.8505e-05
2.8505e-05
2.856e-05
2.854e-05
2.8545e-05
2.8535e-05
2.853e-05
2.857e-05
2.8555e-05
2.856e-05
2.8605e-05
2.854e-05
2.8535e-05
2.8555e-05
2.854e-05
2.857e-05
2.8555e-05
2.8555e-05
2.847e-05
2.847e-05
2.847e-05
2.847e-05
2.847e-05
2.8525e-05
2.8525e-05
2.8535e-05
2.854e-05
2.851e-05
2.8505e-05
2.852e-05
2.853e-05
2.8505e-05
2.8455e-05
2.8545e-05
2.855e-05
2.854e-05
2.854e-05
2.854e-05
2.8505e-05
2.8505e-05
2.85e-05
2.8505e-05
2.851e-05
2.8455e-05
2.8455e-05
2.8455e-05
2.8455e-05
2.8455e-05
2.8455e-05
2.84e-05
2.837e-05
2.8335e-05
2.8385e-05
2.8455e-05
2.839e-05
2.844e-05
2.8445e-05
2.841e-05
2.841e-05
2.8415e-05
2.843e-05
2.838e-05
2.834e-05
2.833e-05
2.833e-05
2.8335e-05
2.8335e-05
2.8215e-05
2.8215e-05
2.8355e-05
2.834e-05
2.8325e-05
2.8295e-05
2.8295e-05
2.8205e-05
2.8205e-05
2.8205e-05
2.8205e-05
2.8205e-05
2.8205e-05
2.826e-05
2.83e-05
2.8295e-05
2.83e-05
2.829e-05
2.829e-05
2.829e-05
2.8285e-05
2.8285e-05
2.83e-05
2.83e-05
2.8295e-05
2.83e-05
2.827e-05
2.825e-05
2.824e-05
2.824e-05
2.821e-05
2.8225e-05
2.817e-05
2.8215e-05
2.8215e-05
2.8215e-05
2.8205e-05
2.8205e-05
2.8205e-05
2.8205e-05
2.8205e-05
2.8155e-05
2.8155e-05
2.82e-05
2.82e-05
2.82e-05
2.8205e-05
2.8205e-05
2.8205e-05
2.82e-05
2.8195e-05
2.8195e-05
2.819e-05
2.819e-05
2.8185e-05
2.8185e-05
2.819e-05
2.819e-05
2.819e-05
2.819e-05
2.8195e-05
2.8195e-05
2.8195e-05
2.8195e-05
2.8195e-05
2.8185e-05
2.8185e-05
2.818e-05
2.819e-05
2.8185e-05
2.8155e-05
2.818e-05
2.818e-05
2.8175e-05
2.8195e-05
2.8195e-05
2.8195e-05
2.8145e-05
2.8145e-05
2.8145e-05
2.8145e-05
2.8145e-05
2.8145e-05
2.8145e-05
2.8145e-05
2.8145e-05
2.8145e-05
2.8145e-05
2.8145e-05
2.8095e-05
2.805e-05
2.799e-05
2.789e-05
2.789e-05
2.797e-05
2.7755e-05
2.778e-05
2.79e-05
2.7935e-05
2.794e-05
2.794e-05
2.7945e-05
2.794e-05
2.797e-05
2.797e-05
2.797e-05
2.7985e-05
2.8055e-05
2.7985e-05
2.8045e-05
2.8065e-05
2.7975e-05
2.8065e-05
2.8065e-05
2.8055e-05
2.8025e-05
2.806e-05
2.8025e-05
2.802e-05
2.802e-05
2.8055e-05
2.8055e-05
2.809e-05
2.8085e-05
2.8085e-05
2.808e-05
2.808e-05
2.808e-05
2.808e-05
2.808e-05
2.809e-05
2.812e-05
2.8125e-05
2.8135e-05
2.814e-05
2.814e-05
2.814e-05
2.8145e-05
2.8165e-05
2.815e-05
2.818e-05
2.816e-05
2.8195e-05
2.8185e-05
2.8275e-05
2.819e-05
2.825e-05
2.8255e-05
2.8255e-05
2.826e-05
2.826e-05
2.827e-05
2.827e-05
2.828e-05
2.828e-05
2.829e-05
2.8295e-05
2.83e-05
2.8305e-05
2.83e-05
2.8295e-05
2.8375e-05
2.8375e-05
2.8305e-05
2.837e-05
2.8385e-05
2.8415e-05
2.84e-05
2.835e-05
2.8345e-05
2.83e-05
2.8405e-05
2.846e-05
2.8515e-05
2.8525e-05
2.858e-05
2.8585e-05
2.854e-05
2.8535e-05
2.8535e-05
2.8405e-05
2.843e-05
2.836e-05
2.8355e-05
2.8315e-05
2.8215e-05
2.8215e-05
2.822e-05
2.833e-05
2.8365e-05
2.837e-05
2.8375e-05
2.833e-05
2.8315e-05
2.831e-05
2.8315e-05
2.831e-05
2.8275e-05
2.8275e-05
2.8275e-05
2.8275e-05
2.8285e-05
2.8275e-05
2.828e-05
2.8275e-05
2.828e-05
2.8285e-05
2.8275e-05
2.828e-05
2.8285e-05
2.834e-05
2.8345e-05
2.8345e-05
2.835e-05
2.84e-05
2.84e-05
2.84e-05
2.84e-05
2.84e-05
2.84e-05
2.84e-05
2.84e-05
2.84e-05
2.84e-05
2.84e-05
2.84e-05
2.84e-05
2.8465e-05
2.8475e-05
2.843e-05
2.8425e-05
2.8425e-05
2.8425e-05
2.8425e-05
2.8425e-05
2.8425e-05
2.8425e-05
2.8425e-05
2.8425e-05
2.8425e-05
2.8425e-05
2.8425e-05
2.8425e-05
2.8425e-05
2.843e-05
2.8425e-05
2.8425e-05
2.8425e-05
2.842e-05
2.8425e-05
2.848e-05
2.8625e-05
2.8705e-05
2.8715e-05
2.87e-05
2.868e-05
2.875e-05
2.8755e-05
2.8755e-05
2.8745e-05
2.867e-05
2.867e-05
2.852e-05
2.8605e-05
2.8625e-05
2.8625e-05
2.863e-05
2.863e-05
2.875e-05
2.875e-05
2.875e-05
2.8775e-05
2.8775e-05
2.886e-05
2.8855e-05
2.886e-05
2.886e-05
2.886e-05
2.8865e-05
2.8855e-05
2.8855e-05
2.8765e-05
2.883e-05
2.8785e-05
2.8785e-05
2.8775e-05
2.8625e-05
2.861e-05
2.8595e-05
2.86e-05
2.864e-05
2.8505e-05
2.8505e-05
2.852e-05
2.85e-05
2.851e-05
2.8535e-05
2.852e-05
2.854e-05
2.8535e-05
2.866e-05
2.8665e-05
2.8655e-05
2.862e-05
2.8635e-05
2.8735e-05
2.8605e-05
2.8615e-05
2.861e-05
2.8445e-05
2.844e-05
2.8435e-05
2.84e-05
2.84e-05
2.84e-05
2.84e-05
2.852e-05
2.852e-05
2.857e-05
2.859e-05
2.859e-05
2.859e-05
2.8565e-05
2.8575e-05
2.857e-05
2.857e-05
2.857e-05
2.857e-05
2.857e-05
2.8575e-05
2.8575e-05
2.8595e-05
2.8585e-05
2.8565e-05
2.856e-05
2.8555e-05
2.8555e-05
2.854e-05
2.856e-05
2.857e-05
2.857e-05
2.857e-05
2.856e-05
2.8595e-05
2.853e-05
2.867e-05
2.869e-05
2.8695e-05
2.869e-05
2.882e-05
2.882e-05
2.8815e-05
2.8815e-05
2.8825e-05
2.881e-05
2.8825e-05
2.8825e-05
2.8825e-05
2.8825e-05
2.882e-05
2.8815e-05
2.881e-05
2.869e-05
2.8685e-05
2.868e-05
2.8675e-05
2.8755e-05
2.8755e-05
2.8755e-05
2.875e-05
2.8755e-05
2.853e-05
2.8555e-05
2.852e-05
2.8345e-05
2.846e-05
2.8475e-05
2.8525e-05
2.8525e-05
2.85e-05
2.8535e-05
2.854e-05
2.854e-05
2.856e-05
2.857e-05
2.8635e-05
2.8635e-05
2.8635e-05
2.8635e-05
2.8645e-05
2.8645e-05
2.87e-05
2.87e-05
2.8695e-05
2.869e-05
2.8685e-05
2.868e-05
2.8685e-05
2.8685e-05
2.8685e-05
2.8685e-05
2.8685e-05
2.8685e-05
2.8685e-05
2.8685e-05
2.868e-05
2.8615e-05
2.8665e-05
2.8675e-05
2.8675e-05
2.867e-05
2.867e-05
2.867e-05
2.8665e-05
2.867e-05
2.8675e-05
2.8645e-05
2.865e-05
2.865e-05
2.865e-05
2.86e-05
2.859e-05
2.8585e-05
2.8505e-05
2.861e-05
2.857e-05
2.856e-05
2.86e-05
2.8595e-05
2.86e-05
2.866e-05
2.867e-05
2.878e-05
2.8835e-05
2.871e-05
2.8755e-05
2.8615e-05
2.8805e-05
2.881e-05
2.8805e-05
2.881e-05
2.881e-05
2.881e-05
2.8725e-05
2.8725e-05
2.8725e-05
2.8725e-05
2.8725e-05
2.8725e-05
2.8695e-05
2.8765e-05
2.878e-05
2.8775e-05
2.8775e-05
2.878e-05
2.883e-05
2.883e-05
2.883e-05
2.883e-05
2.8835e-05
2.8835e-05
2.8835e-05
2.8905e-05
2.8935e-05
2.894e-05
2.894e-05
2.8935e-05
2.9005e-05
2.908e-05
2.9155e-05
2.917e-05
2.9185e-05
2.9175e-05
2.917e-05
2.917e-05
2.9055e-05
2.907e-05
2.913e-05
2.914e-05
2.914e-05
2.9125e-05
2.9125e-05
2.914e-05
2.9245e-05
2.915e-05
2.915e-05
2.919e-05
2.9195e-05
2.924e-05
2.929e-05
2.9345e-05
2.936e-05
2.943e-05
2.943e-05
2.9355e-05
2.9425e-05
2.9375e-05
2.9385e-05
2.9425e-05
2.942e-05
2.942e-05
2.9485e-05
2.949e-05
2.9605e-05
2.962e-05
2.963e-05
2.948e-05
2.961e-05
2.947e-05
2.9415e-05
2.929e-05
2.938e-05
2.923e-05
2.9205e-05
2.949e-05
2.9725e-05
2.9605e-05
2.9725e-05
2.963e-05
2.963e-05
2.9755e-05
2.958e-05
2.963e-05
2.96e-05
2.9625e-05
2.9615e-05
2.9615e-05
2.9605e-05
2.9605e-05
2.9605e-05
2.96e-05
2.96e-05
2.96e-05
2.9605e-05
2.9595e-05
2.9595e-05
2.9545e-05
2.955e-05
2.95e-05
2.9535e-05
2.953e-05
2.953e-05
2.949e-05
2.9445e-05
2.9445e-05
2.9445e-05
2.9445e-05
2.944e-05
2.9435e-05
2.938e-05
2.937e-05
2.9315e-05
2.93e-05
2.9315e-05
2.9325e-05
2.9325e-05
2.928e-05
2.928e-05
2.928e-05
2.928e-05
2.928e-05
2.928e-05
2.9285e-05
2.9285e-05
2.9285e-05
2.9285e-05
2.937e-05
2.936e-05
2.926e-05
2.9245e-05
2.924e-05
2.924e-05
2.925e-05
2.9255e-05
2.9255e-05
2.9255e-05
2.927e-05
2.9265e-05
2.9245e-05
2.9105e-05
2.9245e-05
2.9245e-05
2.9255e-05
2.9265e-05
2.9265e-05
2.9265e-05
2.929e-05
2.9295e-05
2.9295e-05
2.926e-05
2.926e-05
2.926e-05
2.926e-05
2.926e-05
2.926e-05
2.9295e-05
2.934e-05
2.934e-05
2.934e-05
2.9335e-05
2.9345e-05
2.9345e-05
2.936e-05
2.935e-05
2.935e-05
2.9355e-05
2.9355e-05
2.935e-05
2.9355e-05
2.9235e-05
2.923e-05
2.9345e-05
2.9345e-05
2.9345e-05
2.9345e-05
2.9345e-05
2.9345e-05
2.9345e-05
2.9345e-05
2.9345e-05
2.9345e-05
2.9345e-05
2.9345e-05
2.9345e-05
2.9345e-05
2.9345e-05
2.92e-05
2.916e-05
2.915e-05
2.93e-05
2.93e-05
2.922e-05
2.934e-05
2.9345e-05
2.935e-05
2.935e-05
2.92e-05
2.9205e-05
2.9195e-05
2.9145e-05
2.9105e-05
2.909e-05
2.9085e-05
2.908e-05
2.9075e-05
2.9075e-05
2.9095e-05
2.8985e-05
2.926e-05
2.9255e-05
2.933e-05
2.933e-05
2.9255e-05
2.9255e-05
2.9255e-05
2.9155e-05
2.916e-05
2.9155e-05
2.91e-05
2.91e-05
2.91e-05
2.9105e-05
2.911e-05
2.9155e-05
2.9175e-05
2.9185e-05
2.9185e-05
2.918e-05
2.9235e-05
2.9255e-05
2.9255e-05
2.926e-05
2.9215e-05
2.928e-05
2.928e-05
2.928e-05
2.9275e-05
2.9275e-05
2.9275e-05
2.9275e-05
2.9275e-05
2.9275e-05
2.9275e-05
2.9275e-05
2.9275e-05
2.9305e-05
2.92e-05
2.9375e-05
2.924e-05
2.923e-05
2.9265e-05
2.9265e-05
2.9275e-05
2.927e-05
2.926e-05
2.9275e-05
2.9275e-05
2.9265e-05
2.931e-05
2.9315e-05
2.9285e-05
2.928e-05
2.937e-05
2.9285e-05
2.928e-05
2.9285e-05
2.929e-05
2.929e-05
2.929e-05
2.934e-05
2.9295e-05
2.9305e-05
2.9335e-05
2.9335e-05
2.933e-05
2.9355e-05
2.93e-05
2.9305e-05
2.931e-05
2.9315e-05
2.932e-05
2.9335e-05
2.932e-05
2.9325e-05
2.9335e-05
2.9335e-05
2.9365e-05
2.9305e-05
2.9275e-05
2.9275e-05
2.92e-05
2.92e-05
2.9205e-05
2.922e-05
2.9225e-05
2.922e-05
2.926e-05
2.9255e-05
2.9255e-05
2.9255e-05
2.9255e-05
2.9255e-05
2.925e-05
2.9265e-05
2.9265e-05
2.926e-05
2.9255e-05
2.919e-05
2.919e-05
2.9175e-05
2.912e-05
2.912e-05
2.9145e-05
2.9145e-05
2.908e-05
2.9e-05
2.8985e-05
2.9065e-05
2.906e-05
2.8845e-05
2.8855e-05
2.887e-05
2.909e-05
2.9055e-05
2.921e-05
2.926e-05
2.9265e-05
2.9295e-05
2.9295e-05
2.9295e-05
2.9295e-05
2.9295e-05
2.9295e-05
2.9295e-05
2.9295e-05
2.9295e-05
2.9195e-05
2.9195e-05
2.907e-05
2.921e-05
2.921e-05
2.921e-05
2.921e-05
2.92e-05
2.9205e-05
2.9215e-05
2.921e-05
2.921e-05
2.9215e-05
2.9215e-05
2.9215e-05
2.924e-05
2.9235e-05
2.9235e-05
2.9235e-05
2.9205e-05
2.9205e-05
2.9285e-05
2.9285e-05
2.9205e-05
2.9195e-05
2.92e-05
2.9205e-05
2.9205e-05
2.924e-05
2.9245e-05
2.924e-05
2.9245e-05
2.9235e-05
2.922e-05
2.922e-05
2.922e-05
2.9235e-05
2.922e-05
2.9255e-05
2.9255e-05
2.9265e-05
2.927e-05
2.926e-05
2.9175e-05
2.917e-05
2.9215e-05
2.9265e-05
2.923e-05
2.9235e-05
2.924e-05
2.9245e-05
2.9215e-05
2.922e-05
2.932e-05
2.9245e-05
2.9245e-05
2.925e-05
2.9255e-05
2.9255e-05
2.923e-05
2.9215e-05
2.923e-05
2.9235e-05
2.923e-05
2.9265e-05
2.9265e-05
2.927e-05
2.9345e-05
2.9345e-05
2.9345e-05
2.936e-05
2.935e-05
2.935e-05
2.935e-05
2.9355e-05
2.9355e-05
2.9355e-05
2.9355e-05
2.9375e-05
2.9385e-05
2.9365e-05
2.937e-05
2.944e-05
2.941e-05
2.941e-05
2.941e-05
2.9415e-05
2.9375e-05
2.9375e-05
2.9395e-05
2.94e-05
2.94e-05
2.9395e-05
2.94e-05
2.9395e-05
2.9395e-05
2.94e-05
2.94e-05
2.94e-05
2.9395e-05
2.939e-05
2.939e-05
2.938e-05
2.936e-05
2.9355e-05
2.9345e-05
2.9295e-05
2.93e-05
2.9295e-05
2.9295e-05
2.929e-05
2.9325e-05
2.92e-05
2.9215e-05
2.9215e-05
2.9215e-05
2.922e-05
2.92e-05
2.921e-05
2.9215e-05
2.922e-05
2.922e-05
2.922e-05
2.922e-05
2.924e-05
2.924e-05
2.924e-05
2.9245e-05
2.922e-05
2.922e-05
2.9245e-05
2.9245e-05
2.924e-05
2.9235e-05
2.9235e-05
2.928e-05
2.925e-05
2.925e-05
2.925e-05
2.926e-05
2.926e-05
2.925e-05
2.925e-05
2.9255e-05
2.925e-05
2.925e-05
2.925e-05
2.9255e-05
2.925e-05
2.923e-05
2.9255e-05
2.9275e-05
2.9365e-05
2.937e-05
2.9345e-05
2.9345e-05
2.9435e-05
2.946e-05
2.9485e-05
2.9485e-05
2.946e-05
2.946e-05
2.9455e-05
2.945e-05
2.946e-05
2.94e-05
2.945e-05
2.947e-05
2.954e-05
2.954e-05
2.954e-05
2.9575e-05
2.9575e-05
2.9625e-05
2.96e-05
2.965e-05
2.9775e-05
2.982e-05
2.9885e-05
2.9825e-05
3.0005e-05
2.985e-05
2.986e-05
3.0025e-05
3.0025e-05
3.0025e-05
3.0055e-05
3.0045e-05
3.014e-05
3.0255e-05
3.0385e-05
3.0385e-05
3.045e-05
3.0425e-05
3.0495e-05
3.0585e-05
3.065e-05
3.0335e-05
3.0155e-05
3.0165e-05
3.016e-05
3.0335e-05
3.0335e-05
3.04e-05
3.038e-05
3.017e-05
3.011e-05
3.0095e-05
3.0095e-05
2.9905e-05
2.9835e-05
2.9815e-05
2.9815e-05
2.9765e-05
2.9815e-05
2.983e-05
2.9865e-05
2.9845e-05
2.984e-05
2.9815e-05
2.981e-05
2.9735e-05
2.98e-05
2.9795e-05
2.982e-05
2.991e-05
2.9995e-05
3.0005e-05
3.0165e-05
3.0125e-05
3.017e-05
3.009e-05
3.0075e-05
3.013e-05
3.022e-05
3.0255e-05
3.0265e-05
3.0275e-05
3.0335e-05
3.036e-05
3.038e-05
3.04e-05
3.04e-05
3.024e-05
3.0325e-05
3.0325e-05
3.0325e-05
3.033e-05
3.0375e-05
3.0265e-05
3.0325e-05
3.0315e-05
3.032e-05
3.046e-05
3.0395e-05
3.0385e-05
3.041e-05
3.04e-05
3.0345e-05
3.037e-05
3.037e-05
3.0415e-05
3.0315e-05
3.0295e-05
3.0295e-05
3.0295e-05
3.0295e-05
3.0295e-05
3.0295e-05
3.0295e-05
3.0295e-05
3.0295e-05
3.024e-05
3.024e-05
3.003e-05
3.018e-05
3.0145e-05
3.02e-05
3.0115e-05
3.008e-05
3.0045e-05
2.992e-05
2.961e-05
2.9555e-05
2.977e-05
2.967e-05
2.9665e-05
2.967e-05
2.965e-05
2.965e-05
2.9665e-05
2.959e-05
2.95e-05
2.942e-05
2.9525e-05
2.955e-05
2.976e-05
2.9715e-05
2.9825e-05
2.9845e-05
2.9865e-05
2.9855e-05
2.9865e-05
2.99e-05
2.9905e-05
2.9905e-05
2.9915e-05
2.9915e-05
2.9915e-05
3.0085e-05
3.0085e-05
3.0245e-05
3.0265e-05
3.013e-05
3.019e-05
3.0225e-05
3.024e-05
3.024e-05
3.025e-05
3.0005e-05
3.019e-05
3.0215e-05
3.024e-05
3.025e-05
3.0335e-05
3.046e-05
3.046e-05
3.0485e-05
3.0495e-05
3.055e-05
3.0555e-05
3.057e-05
3.0525e-05
3.0335e-05
3.0175e-05
3.017e-05
3.023e-05
3.029e-05
3.034e-05
3.048e-05
3.046e-05
3.0345e-05
3.034e-05
3.0335e-05
3.034e-05
3.034e-05
3.034e-05
3.034e-05
3.034e-05
3.034e-05
3.0555e-05
3.054e-05
3.0535e-05
3.0425e-05
3.0435e-05
3.0435e-05
3.0435e-05
3.044e-05
3.042e-05
3.0555e-05
3.044e-05
3.044e-05
3.0435e-05
3.044e-05
3.043e-05
3.0425e-05
3.0385e-05
3.025e-05
3.0255e-05
3.0265e-05
3.03e-05
3.0105e-05
3.006e-05
3.0075e-05
3.0065e-05
3.0065e-05
3.0065e-05
3.0045e-05
3.0125e-05
2.992e-05
2.992e-05
2.988e-05
2.9885e-05
3.0045e-05
3.0065e-05
3.012e-05
3.0115e-05
3.011e-05
3.011e-05
3.011e-05
3.011e-05
3.0205e-05
3.011e-05
3.0125e-05
3.013e-05
3.0115e-05
3.012e-05
3.0115e-05
3.013e-05
3.0135e-05
3.015e-05
3.015e-05
3.0155e-05
3.015e-05
3.0335e-05
3.0325e-05
3.033e-05
3.033e-05
3.033e-05
3.0335e-05
3.026e-05
