0.01812989
0.018129295
0.018128815
0.018123315
0.0181229
0.0181226
0.018122135
0.01812171
0.01808685
0.018120795
0.01812042
0.018114995
0.018114595
0.018114105
0.01811365
0.018113215
0.018117845
0.01811746
0.01811709
0.01811656
0.018116145
0.018115685
0.01811521
0.018114835
0.01811945
0.018114145
0.018113825
0.01809039
0.01809008
0.0180898
0.01808954
0.018089225
0.018089015
0.01808884
0.01808846
0.01808829
0.0180881
0.01808775
0.018092315
0.01808698
0.018086545
0.018086085
0.0180857
0.018090295
0.018089775
0.018089325
0.01808893
0.01808862
0.018088255
0.018087925
0.01808755
0.018087035
0.018086535
0.018086065
0.01808596
0.018085885
0.018085785
0.01808572
0.018085615
0.018085555
0.018085445
0.018085345
0.01808525
0.01808517
0.018085085
0.018085
0.01808489
0.018084815
0.01808475
0.018084655
0.018084565
0.01808447
0.01808422
0.018083935
0.01808366
0.01808334
0.018083105
0.018082755
0.018082405
0.018082065
0.01808191
0.01799532
0.01808108
0.018080715
0.01799422
0.01799379
0.017993425
0.017993035
0.017992545
0.01799217
0.017986775
0.01798639
0.017985975
0.01798558
0.01798515
0.01798496
0.01798529
0.0179853
0.017985385
0.0179856
0.017985915
0.017991215
0.017991435
0.017991725
0.01799189
0.017991555
0.017991225
0.017990895
0.0179905
0.01799016
0.01798981
0.017989545
0.017989065
0.017988585
0.01798813
0.017987715
0.01798725
0.01798678
0.01799131
0.017990855
0.017990335
0.017994895
0.017994395
0.01799889
0.01799843
0.017998015
0.01799756
0.017971335
0.017970905
0.017970425
0.017969925
0.017969475
0.01796892
0.017968375
0.017967875
0.01796742
0.01796727
0.017967285
0.017967245
0.01796714
0.01796734
0.017967625
0.017967895
0.017968185
0.01796844
0.017973625
0.017973885
0.017974175
0.017974435
0.017974765
0.01797998
0.0179803
0.017980555
0.01798082
0.017981005
0.01798135
0.017981585
0.01798656
0.01798654
0.017986515
0.01798647
0.01798643
0.017986335
0.01788884
0.017888835
0.017888835
0.01788883
0.01788883
0.01788328
0.01788328
0.017888835
0.017984805
0.01798473
0.0179847
0.017984665
0.017995165
0.017994975
0.01799482
0.017994645
0.01799449
0.017994325
0.017994145
0.017994005
0.017993845
0.017993715
0.01799356
0.01799341
0.017993305
0.01799324
0.018004045
0.01800446
0.01800992
0.018010415
0.01801088
0.01801133
0.018011785
0.01801228
0.018012765
0.018013325
0.018013715
0.01801412
0.018014225
0.01801458
0.018015015
0.018015515
0.018015995
0.01801647
0.01801691
0.01802236
0.01802284
0.01802334
0.0180238
0.018107245
0.018107245
0.018107245
0.018107245
0.01815362
0.018153625
0.018153625
0.018153625
0.018153625
0.018153625
0.018153625
0.018153625
0.018153625
0.018153625
0.018153625
0.01815362
0.018153625
0.018153625
0.018153555
0.01821638
0.018211155
0.018210985
0.018210805
0.018210605
0.018210265
0.01820495
0.01820452
0.018204065
0.01819886
0.01819859
0.01819315
0.01819296
0.0181927
0.018108485
0.01810845
0.018108415
0.0181034
0.018103115
0.018102635
0.01809634
0.01809583
0.01810033
0.01810011
0.018104865
0.018104395
0.0181039
0.018103575
0.01809822
0.01809789
0.018097445
0.018096955
0.01809648
0.018096045
0.018075075
0.018074665
0.018074395
0.01807392
0.018077525
0.018072125
0.018071925
0.01810151
0.01810105
0.018100615
0.018100125
0.018099805
0.018064995
0.018064475
0.01806399
0.01806349
0.018063005
0.0180626
0.018062175
0.018061775
0.0180617
0.01806164
0.018061575
0.01806146
0.018061255
0.01805621
0.01805621
0.01805146
0.018054515
0.01805449
0.018054445
0.01805437
0.018054325
0.018054305
0.01805442
0.01805466
0.018054885
0.018055115
0.018055505
0.01805571
0.018055935
0.01805629
0.018056375
0.01805638
0.018056505
0.0180565
0.018056755
0.01805687
0.018057005
0.01808231
0.018082875
0.018083305
0.018083775
0.018083305
0.018082095
0.01808209
0.018082085
0.018082085
0.01808209
0.01808212
0.018082105
0.0180821
0.018082095
0.018082095
0.01808209
0.018082085
0.01808208
0.018082075
0.01808207
0.018082065
0.01808206
0.018082055
0.01808205
0.018082045
0.018123605
0.018123465
0.01811846
0.01811843
0.018118485
0.0181186
0.01811368
0.01811366
0.018113555
0.01811351
0.018113445
0.01811342
0.01811339
0.01811326
0.01811321
0.01811316
0.018166845
0.018166695
0.018166575
0.018166495
0.018166455
0.018058385
0.01806381
0.018064245
0.018064645
0.01813165
0.018177495
0.01830039
0.01818346
0.01830042
0.01835044
0.018350675
0.018351035
0.018351425
0.01835181
0.01835192
0.018349945
0.018284485
0.018284825
0.0182855
0.018285965
0.01828638
0.01828682
0.01831702
0.018342315
0.01836852
0.01837389
0.018374365
0.018374785
0.018380145
0.018385435
0.018390855
0.01839127
0.018391555
0.01839173
0.018386835
0.01838481
0.018384775
0.018384735
0.018384675
0.018384635
0.01836666
0.018361225
0.018360845
0.018124565
0.018241455
0.018130695
0.018131025
0.018131205
0.018131565
0.018131895
0.01813236
0.01813276
0.01813812
0.0182243
0.018224495
0.018224695
0.01822495
0.018225315
0.01823055
0.01823082
0.01823608
0.018236295
0.018236515
0.018236655
0.018236695
0.01823672
0.01823677
0.018236835
0.018236845
0.018236885
0.018241935
0.018241995
0.01824195
0.018262605
0.01828247
0.018292445
0.018292445
0.01829244
0.018292435
0.01829243
0.018292395
0.018292345
0.018297285
0.01829748
0.018297555
0.018302825
0.018285945
0.01826987
0.018227655
0.01822779
0.018227835
0.018228045
0.018228245
0.01822852
0.018228775
0.018233895
0.018233995
0.018233995
0.018234255
0.01823447
0.018243025
0.01825291
0.018253205
0.01826084
0.01829645
0.01829667
0.018296845
0.01829705
0.018302145
0.018302145
0.01830237
0.01827892
0.018279215
0.01827945
0.01828504
0.018285515
0.01828587
0.018310165
0.018344105
0.0183494
0.018349805
0.01835026
0.018355525
0.018355685
0.018355855
0.01835612
0.01835641
0.01835685
0.018424175
0.0184294
0.018442805
0.01843017
0.018425535
0.018425715
0.018425925
0.018431405
0.01843183
0.01843217
0.0184323
0.018432915
0.01843305
0.01843306
0.01843798
0.018437945
0.018437915
0.01843813
0.0184383
0.018438485
0.018438695
0.01844392
0.01844409
0.018443915
0.01844363
0.018443375
0.01844299
0.01844269
0.018442425
0.018446175
0.01845086
0.018450625
0.01845031
0.0184502
0.018450095
0.018449735
0.01844955
0.01844947
0.01845436
0.01845425
0.01845405
0.018454005
0.018453915
0.018453815
0.018453725
0.01845354
0.01845345
0.01845334
0.01845326
0.018453165
0.01844805
0.018447915
0.018447825
0.01844772
0.01844762
0.018447525
0.018447435
0.01844735
0.01837451
0.018374515
0.01837452
0.01837452
0.01837452
0.018374525
0.018374525
0.018374525
0.018374525
0.018374525
0.01837453
0.018374535
0.01837453
0.01837453
0.018374535
0.018374535
0.01837454
0.01837454
0.01837454
0.018374535
0.01837453
0.018374535
0.01837454
0.01837454
0.018374545
0.018374545
0.01837456
0.018359565
0.01835957
0.01835957
0.01835958
0.01835959
0.018359595
0.018359605
0.01835968
0.01835981
0.018359945
0.018360035
0.01836014
0.018360245
0.018360345
0.018360465
0.01836058
0.018360695
0.018360815
0.01836094
0.01836106
0.01844094
0.01844127
0.0184417
0.018445665
0.01853712
0.018568705
0.018570215
0.01857021
0.01857022
0.018570215
0.018570225
0.018570205
0.018589805
0.018589665
0.018589615
0.018589605
0.018589575
0.01858956
0.018589815
0.018592485
0.018592915
0.018682405
0.01868682
0.01869138
0.018691545
0.018691325
0.018691
0.018690725
0.01869048
0.018680805
0.01868058
0.01867105
0.018679975
0.01872525
0.018674565
0.018674565
0.01867457
0.01867457
0.01867457
0.018674575
0.018674575
0.01867457
0.01867457
0.01867457
0.01867457
0.01867457
0.01872735
0.018680125
0.018680125
0.018680125
0.018680125
0.018680125
0.018680125
0.018680125
0.018680125
0.018680125
0.018680125
0.018680095
0.01868006
0.01867991
0.01858162
0.018581525
0.01858112
0.0185808
0.018580445
0.018541995
0.01854178
0.0185414
0.018468335
0.018467975
0.01843266
0.01843258
0.01843248
0.0184323
0.01843227
0.01843225
0.018504955
0.018499565
0.018499095
0.018493735
0.018433275
0.018433275
0.01843359
0.01843515
0.01843553
0.018465005
0.018467505
0.018467505
0.0184675
0.01846751
0.01854114
0.018541295
0.01854141
0.018647145
0.01864715
0.01857357
0.018573505
0.01857348
0.018573485
0.01856847
0.01850195
0.01850215
0.018502145
0.018502105
0.018502105
0.018501895
0.01850834
0.01850871
0.018504115
0.018504505
0.018504895
0.01850531
0.018505775
0.018506095
0.01850613
0.018506135
0.018506155
0.01850606
0.01850303
0.01850282
0.018498285
0.018497925
0.018497595
0.018497265
0.018496885
0.018496665
0.018494725
0.01849428
0.01849404
0.018493835
0.018493455
0.018493115
0.018492785
0.018492415
0.01849201
0.018491675
0.01849182
0.018495475
0.01849561
0.018495965
0.01849629
0.018501455
0.01850165
0.01850207
0.01850222
0.0185024
0.01850256
0.01850277
0.018503055
0.018503415
0.018503755
0.018503975
0.01850413
0.01850429
0.018504425
0.01850448
0.0185046
0.018504375
0.018504015
0.018503605
0.018503175
0.018502565
0.01850215
0.0185008
0.018496845
0.01849897
0.018498605
0.018498215
0.01849485
0.01849446
0.018493965
0.01849359
0.018493245
0.01849285
0.01849224
0.01849191
0.01849144
0.01849096
0.01849048
0.01849005
0.01848966
0.01848926
0.018488765
0.018488345
0.018487925
0.01848746
0.018486985
0.01848656
0.01848617
0.018485715
0.018367385
0.018367385
0.018367385
0.018367385
0.018367385
0.018367385
0.018367385
0.018367385
0.018367385
0.018367385
0.01836739
0.018367385
0.018367385
0.018367385
0.018367385
0.018367385
0.018367385
0.01836739
0.018367395
0.0183674
0.018367405
0.01836741
0.01836741
0.01836741
0.01836069
0.0183618
0.018318005
0.018318005
0.018318005
0.018318005
0.018318005
0.018316505
0.01831651
0.01831651
0.01832151
0.0183215
0.0183215
0.018326505
0.018332585
0.018332615
0.018332615
0.01833266
0.01833266
0.018332665
0.018332655
0.018332655
0.01833266
0.018332675
0.018332655
0.018332655
0.018332655
0.018332655
0.01833265
0.01833265
0.01833265
0.01833265
0.01833265
0.01833265
0.01833265
0.01833265
0.01833265
0.01833265
0.01833265
0.01833265
0.01833265
0.01833266
0.01833266
0.01833266
0.01833266
0.01833266
0.01833266
0.01833266
0.018247805
0.01824972
0.018250145
0.018250645
0.018251145
0.018256595
0.018257065
0.01825761
0.01825809
0.018258485
0.01825903
0.018264405
0.018264695
0.01826502
0.018265535
0.01826597
0.018266385
0.018271825
0.018272215
0.0182726
0.018273005
0.018368215
0.018491015
0.018508115
0.01850839
0.018508485
0.01850862
0.018508775
0.018509015
0.018509485
0.018509665
0.01850971
0.01850981
0.01851013
0.018510535
0.018510885
0.018511315
0.01851143
0.018561425
0.01851162
0.018512085
0.01851237
0.01851275
0.01851288
0.01851304
0.0185134
0.01851384
0.018514195
0.018514275
0.01851425
0.01851418
0.01851414
0.018514135
0.018514215
0.018514115
0.018514125
0.01851414
0.01851916
0.018524165
0.018524155
0.01852413
0.01852404
0.01852394
0.018523865
0.018523765
0.018529365
0.0185293
0.018529235
0.01852915
0.018529095
0.01852903
0.01852947
0.018529445
0.01852945
0.01852943
0.01852941
0.01852937
0.01852933
0.01852928
0.018529135
0.01852904
0.018528955
0.018528865
0.018528765
0.0185291
0.018531005
0.018530965
0.01852987
0.01852957
0.0185294
0.018529275
0.018529265
0.01852934
0.01861031
0.018627515
0.01852951
0.01852948
0.018529035
0.018528895
0.01852888
0.018529285
0.018529285
0.018529365
0.018529455
0.018548045
0.018547455
0.01854732
0.018547225
0.01854714
0.018547055
0.018547
0.018546905
0.01854683
0.018546715
0.018546635
0.018546565
0.018546475
0.018546415
0.018546095
0.01853969
0.01853979
0.01853983
0.01853984
0.018539845
0.018539865
0.01853991
0.01853959
0.018539505
0.018539435
0.018539215
0.018538985
0.01853882
0.018538665
0.018538485
0.01853676
0.01853499
0.01853482
0.018534655
0.01853448
0.018534395
0.018450145
0.018450145
0.01835894
0.01835943
0.018359915
0.01836037
0.018360905
0.018361395
0.01836695
0.01836747
0.018462415
0.018467545
0.01846795
0.01847386
0.018468835
0.018469125
0.018474455
0.01848284
0.018475875
0.01847644
0.018483825
0.01848917
0.018489455
0.01848981
0.018490135
0.018490445
0.018494375
0.0184945
0.01851446
0.01848966
0.018494665
0.018494665
0.018494665
0.01849477
0.018519795
0.018519845
0.01851991
0.018520005
0.01852005
0.01852008
0.01852008
0.01852054
0.01852272
0.018530005
0.018535
0.018535085
0.018540005
0.01854032
0.01854079
0.01865371
0.01865371
0.01865371
0.01865371
0.01865371
0.01865371
0.01865371
0.01865371
0.01865371
0.01865371
0.01865371
0.01865371
0.01865371
0.018675
0.018675
0.018675
0.018675
0.018675
0.018675
0.018675
0.018675
0.018675
0.018675
0.018675
0.018675
0.018675
0.018675
0.018675
0.018641805
0.01866785
0.01862102
0.018621335
0.018621605
0.018621905
0.018675455
0.018675305
0.018675165
0.018675
0.01867486
0.018674695
0.018674545
0.018674405
0.01867426
0.018669215
0.018669215
0.018669215
0.01866922
0.018669225
0.018684165
0.018679235
0.018684175
0.018679195
0.0186842
0.018679255
0.018684305
0.01867934
0.018679385
0.018684435
0.01868452
0.018684595
0.01868466
0.01867912
0.018679105
0.01867911
0.018679295
0.018679275
0.018679355
0.018674355
0.01867435
0.01867435
0.01867435
0.01867435
0.01867435
0.01867435
0.01867935
0.018679215
0.01867415
0.01867401
0.018668915
0.018668915
0.018668825
0.01845017
0.018563815
0.018564235
0.01856465
0.018565055
0.018570175
0.018570405
0.018570665
0.018572155
0.018615375
0.018655325
0.018650815
0.018662755
0.01866813
0.018668575
0.01867397
0.018679775
0.018680295
0.018680835
0.018681385
0.018686895
0.018687355
0.018687865
0.018688305
0.018688685
0.01868907
0.01868949
0.018689885
0.018649735
0.01865
0.018655255
0.018655545
0.018655645
0.018655645
0.018655945
0.0186879
0.018687635
0.01868721
0.018686745
0.01868629
0.01868604
0.018685855
0.018685705
0.01868553
0.01868539
0.01868531
0.018685285
0.01868523
0.01868517
0.018684975
0.01868478
0.018684635
0.018684465
0.018684305
0.01868414
0.018683705
0.01868341
0.0186829
0.01858041
0.01858041
0.01858041
0.01858041
0.01858041
0.01858041
0.01858041
0.01858041
0.01858041
0.01858041
0.01858033
0.01858033
0.01858033
0.01858033
0.018580325
0.01858032
0.018580315
0.01858033
0.01866993
0.018670015
0.01867012
0.018670205
0.018670345
0.018670025
0.0186704
0.01867072
0.0186712
0.018671305
0.01867142
0.01867178
0.01867215
0.018672585
0.01867308
0.018673525
0.018674055
0.01867455
0.018675025
0.01867557
0.01867606
0.01867644
0.01867652
0.01867949
0.01867893
0.01867877
0.01867855
0.018668665
0.018668475
0.018668175
0.01866777
0.01866724
0.0186264
0.018626055
0.018625685
0.01857285
0.018572395
0.018572405
0.018644515
0.01857274
0.01857299
0.01857294
0.01857294
0.018624865
0.018624825
0.018624805
0.018578035
0.018578035
0.018578035
0.018578035
0.018578035
0.018577965
0.01857248
0.01857248
0.018572355
0.0185722
0.018525585
0.018525585
0.01852556
0.018525475
0.01852538
0.018457735
0.018457545
0.018399035
0.018398765
0.01839862
0.018398455
0.01839828
0.01839789
0.018397235
0.01839675
0.018396825
0.018396965
0.01839692
0.018400855
0.01840125
0.018401845
0.018376705
0.018382195
0.01838267
0.01848422
0.01848428
0.018484515
0.018484855
0.018485185
0.01852503
0.01852502
0.01852511
0.01852639
0.01852678
0.018531955
0.018531995
0.01853198
0.018531995
0.01853198
0.018531985
0.018531975
0.01853194
