0.000171985
0.000171985
0.000171985
0.000171985
0.000171985
0.000171985
0.000171985
0.000171985
0.000171985
0.000171985
0.000171985
0.000171985
0.000171985
0.000171985
0.000171985
0.000171985
0.000171985
0.000171985
0.000171985
0.000171985
0.000171985
0.000171985
0.000171985
0.000171985
0.000171985
0.000171985
0.000171985
0.000171985
0.000171985
0.000171985
0.000171985
0.000171985
0.000171985
0.000171985
0.000171985
0.000171985
0.000171985
0.000171985
0.000171985
0.000171985
0.000171985
0.000171985
0.000171985
0.000171985
0.00017104
0.00017125
0.00017221
0.000171735
0.000171735
0.000171735
0.000171735
0.000171735
0.000171735
0.000171735
0.000171735
0.00017163
0.00017224
0.000172245
0.000173355
0.00017326
0.00017324
0.00017323
0.00017323
0.000173305
0.00017331
0.00017331
0.00017331
0.000173305
0.000173305
0.000173305
0.000173305
0.000173305
0.000173305
0.000173305
0.000173355
0.0001734
0.0001734
0.0001734
0.0001734
0.00017339
0.00017339
0.00017339
0.00017339
0.00017339
0.00017339
0.0001733
0.0001726
0.00017271
0.00017285
0.000172975
0.00017307
0.0001732
0.000173255
0.00017326
0.00017326
0.00017326
0.00017326
0.00017326
0.00017326
0.000173255
0.000173255
0.00017331
0.00017331
0.00017331
0.000173315
0.000173315
0.00017331
0.000173315
0.00017334
0.00017335
0.00017337
0.000173375
0.000173375
0.000174415
0.000174415
0.00017354
0.000173535
0.00017354
0.00017354
0.00017354
0.00017355
0.00017392
0.00017396
0.00017397
0.000173975
0.000173975
0.00017397
0.00017397
0.00017397
0.000173965
0.000173965
0.000173955
0.000173955
0.000173955
0.000173945
0.00017394
0.00017394
0.000173515
0.000173555
0.00017349
0.00017342
0.00017336
0.0001733
0.000173255
0.00017315
0.00017315
0.00017314
0.000172655
0.000172595
0.000172555
0.000172555
0.000172455
0.000172455
0.000172455
0.000172455
0.00017245
0.00017321
0.00017321
0.00017201
0.00017195
0.00017195
0.00017194
0.00017194
0.00017193
0.00017193
0.00017192
0.000171925
0.00017201
0.00017201
0.00017199
0.00017151
0.000171455
0.000171315
0.000171205
0.000171145
0.00017114
0.00017105
0.00017096
0.000170955
0.00017095
0.000170945
0.000170945
0.000170935
0.00017093
0.00017092
0.00017092
0.000170915
0.000170915
0.00017091
0.00017091
0.000170945
0.000170905
0.000171315
0.000169505
0.000169015
0.000169015
0.00016903
0.000169045
0.00017034
0.00017044
0.000170535
0.000170545
0.000170545
0.000170535
0.000170525
0.000170505
0.00017024
0.000170245
0.00017025
0.00017025
0.000170255
0.00017034
0.00017033
0.0001708
0.00017091
0.000170995
0.00017102
0.000170975
0.00017088
0.00017088
0.00017088
0.00016947
0.00016947
0.00016898
0.000168985
0.000168985
0.00016899
0.00016899
0.000168995
0.000168995
0.000169
0.000169
0.000169005
0.000169005
0.00016901
0.00016901
0.000169015
0.000169015
0.00016902
0.000169255
0.000169255
0.000169255
0.00016926
0.000169255
0.000169255
0.000169255
0.000170645
0.00017066
0.000170675
0.000170665
0.000170635
0.000170665
0.000170665
0.000170675
0.000170655
0.000170675
0.000170675
0.0001707
0.000170675
0.000170675
0.00017072
0.000171995
0.00017195
0.000171975
0.00017198
0.00017199
0.000171975
0.00017193
0.000171905
0.000172005
0.000172005
0.000172005
0.000172005
0.000172005
0.00017116
0.00017117
0.00017121
0.00017117
0.00017117
0.000171255
0.00017121
0.000171225
0.0001712
0.0001712
0.00017122
0.000171265
0.00017129
0.000171375
0.00017153
0.00017161
0.000171605
0.00017172
0.00017174
0.000171495
0.00017148
0.00017174
0.000171725
0.000171755
0.00017176
0.00017175
0.00017188
0.000171875
0.00017186
0.000171835
0.00017182
0.000171815
0.00017151
0.000171505
0.000171595
0.00017158
0.000171575
0.00017156
0.000171545
0.00017151
0.000171505
0.000171595
0.000171595
0.000171585
0.000171585
0.00017157
0.00017157
0.0001716
0.000171595
0.000171595
0.000171595
0.00017158
0.00017165
0.000171655
0.000171655
0.000171655
0.000171655
0.000171655
0.00017168
0.000172395
0.000172535
0.00017265
0.000172775
0.000172925
0.00017703
0.00017703
0.000177015
0.00017701
0.00017567
0.000175545
0.000175725
0.000175725
0.000175725
0.000175735
0.000175735
0.000175735
0.000175735
0.00017574
0.00017574
0.00017574
0.00017574
0.00017574
0.00017574
0.000175735
0.000175735
0.00017573
0.000175625
0.00017553
0.00017553
0.000175525
0.00017552
0.000175515
0.000175515
0.000175515
0.000175515
0.000175515
0.000175515
0.00017548
0.00017536
0.00017523
0.000175465
0.000175465
0.000175465
0.000175465
0.000175465
0.000175465
0.000175465
0.000175465
0.000175465
0.000175465
0.000175465
0.000175465
0.00017547
0.00017547
0.000175745
0.000175755
0.00017575
0.00017575
0.00017575
0.00017575
0.000175745
0.000175745
0.00017647
0.00017672
0.00017596
0.00017596
0.00017596
0.00017596
0.00017596
0.00017596
0.00017596
0.000175965
0.000175965
0.000175915
0.000175805
0.000175685
0.000175565
0.000175525
0.00017597
0.00017597
0.00017131
0.000171195
0.000171065
0.000170925
0.000170815
0.00017069
0.000170575
0.000170465
0.00017036
0.00017025
0.00017014
0.000170125
0.00017007
0.00017006
0.000169955
0.000169905
0.000169855
0.000169815
0.000169725
0.000169675
0.000169475
0.000169475
0.000169475
0.000169475
0.000169475
0.000169475
0.000169475
0.000170115
0.00017095
0.00017082
0.00017069
0.000170585
0.000170455
0.000170335
0.00017023
0.00017014
0.00017014
0.00017116
0.000171055
0.000170985
0.00017128
0.000171155
0.00017109
0.00017118
0.00017125
0.00017145
0.000171505
0.000171555
0.000171555
0.00017147
0.000171515
0.000171395
0.000171485
0.000171485
0.000171485
0.000171495
0.000171525
0.000171525
0.000171495
0.000171515
0.000171525
0.000171515
0.000171505
0.000171505
0.00017141
0.00017141
0.000170325
0.000171665
0.000171635
0.000171635
0.000171635
0.000171635
0.000171635
0.000171655
0.00017195
0.00017195
0.00017195
0.000171955
0.000171945
0.000171945
0.000171945
0.000171945
0.000171945
0.000170775
0.000171535
0.00017149
0.00017152
0.0001715
0.00017155
0.000171525
0.0001717
0.000171475
0.000171475
0.00017148
0.00017148
0.00017148
0.000171475
0.00017148
0.000170435
0.000171465
0.000171475
0.000171465
0.000171475
0.000171465
0.00017146
0.00017145
0.00017145
0.00017145
0.00017145
0.00017145
0.00017145
0.000171445
0.000171435
0.000171435
0.000171445
0.000171455
0.00017144
0.00017143
0.00017143
0.000171555
0.000171555
0.000171565
0.000171565
0.00017156
0.00017156
0.00017156
0.000171515
0.000171515
0.000171515
0.000171515
0.000171515
0.000171515
0.00017151
0.00017152
0.00017151
0.00017153
0.000171525
0.000171525
0.000171575
0.000171545
0.000171645
0.000171575
0.000171585
0.00017159
0.00017159
0.00017159
0.00017159
0.00017158
0.00017159
0.00017159
0.00017162
0.000171655
0.000171465
0.000171465
0.00017145
0.00017145
0.00017145
0.000171635
0.000171635
0.000171665
0.00017167
0.000171675
0.000171695
0.0001719
0.000171735
0.000171845
0.000171805
0.00017187
0.000171875
0.00017199
0.000171635
0.000171755
0.000171855
0.00017164
0.00017164
0.00017164
0.00017165
0.00017171
0.00017174
0.000171735
0.000171745
0.000171755
0.000171865
0.000171825
0.00017172
0.00017179
0.000171735
0.000171725
0.000171735
0.000171725
0.000171735
0.000171775
0.000171735
0.00017187
0.00017197
0.00017175
0.000171705
0.000171665
0.00017177
0.000171675
0.000171785
0.00017166
0.000171995
0.000172095
0.00017178
0.000171845
0.000171945
0.000172045
0.00017176
0.000171585
0.000171585
0.00017159
0.00017159
0.000171745
0.00017179
0.000171795
0.000172775
0.000172775
0.000172775
0.000172775
0.000172775
0.000172775
0.000172775
0.00017277
0.00017289
0.00017289
0.00017289
0.00017289
0.00017289
0.00017289
0.000172905
0.000172025
0.000171975
0.00017197
0.000171975
0.000171975
0.000171975
0.000171975
0.000171975
0.000172125
0.000172065
0.000171975
0.000171995
0.000171975
0.000171975
0.000171975
0.000171985
0.000172075
0.000171995
0.00017197
0.00017161
0.00017148
0.00017141
0.000171335
0.000171205
0.000170995
0.000170965
0.00017084
0.00017075
0.00017065
0.00017055
0.000170435
0.000170435
0.000170435
0.000170435
0.000170435
0.00017043
0.00017043
0.00017043
0.00017043
0.000170765
0.000170765
0.000171735
0.000171625
0.00017154
0.000171415
0.000171325
0.00017126
0.000171165
0.000171055
0.000170935
0.000170935
0.000170935
0.000170935
0.000170935
0.000170935
0.000170935
0.00017094
0.00017094
0.00017094
0.00017094
0.000170935
0.000170935
0.000170935
0.000170935
0.00017093
0.00017093
0.00017093
0.00017093
0.00017093
0.00017093
0.00017093
0.00017093
0.00017093
0.00017093
0.000170935
0.000170935
0.000170935
0.00017123
0.00017123
0.00017123
0.00017123
0.000171665
0.00017157
0.000171615
0.00017161
0.0001716
0.00017161
0.00017158
0.00017161
0.000171605
0.000171585
0.00017158
0.000171565
0.000171545
0.00017153
0.000171525
0.00017171
0.00017159
0.000171525
0.0001715
0.000171525
0.00017151
0.000171505
0.000171535
0.000172495
0.000172495
0.000172495
0.000172495
0.000172755
0.000172755
0.000172755
0.00017273
0.000172715
0.0001727
0.000172685
0.00017267
0.00017179
0.0001718
0.000171785
0.00017178
0.000171775
0.00017175
0.000171745
0.000171835
0.000171825
0.00017181
0.00017184
0.000171825
0.00017185
0.00017184
0.00017179
0.000171755
0.000171645
0.000171845
0.00017184
0.00017178
0.00017167
0.00017168
0.00017164
0.00017166
0.000171825
0.00017178
0.000171655
0.000171615
0.0001716
0.00017159
0.00017157
0.00017163
0.000171635
0.00017265
0.00017164
0.000171635
0.000171675
0.000171695
0.000171705
0.000171815
0.000171825
0.00017194
0.00017196
0.000171955
0.00017196
0.000171985
0.000172035
0.00017203
0.000172055
0.00017209
0.000172315
0.000172385
0.00017216
0.00017239
0.00017218
0.000172195
0.000172275
0.000172305
0.000172185
0.000172175
0.0001722
0.000172245
0.00017225
0.00017226
0.00017231
0.00017237
0.000172395
0.000172405
0.000172405
0.000172405
0.00017239
0.000172405
0.000172395
0.000172405
0.000172405
0.000172405
0.000172395
0.000172395
0.000172395
0.000172395
0.000172405
0.00017239
0.000172405
0.000172385
0.000172185
0.00017221
0.000171745
0.000171895
0.000171895
0.00017186
0.000171935
0.00017196
0.000172015
0.00017215
0.000172145
0.000172145
0.00017215
0.00017215
0.00017215
0.00017215
0.00017215
0.00017215
0.000172145
0.00017215
0.00017215
0.000172015
0.000172025
0.000172025
0.000172045
0.00017204
0.00017177
0.00017164
0.00017153
0.000171475
0.000171475
0.000171885
0.000172125
0.00017354
0.00017354
0.000173535
0.00017443
0.00017446
0.00017445
0.000174415
0.000174295
0.000174235
0.00017413
0.000174
0.000173995
0.00017446
0.000174445
0.000174435
0.00017444
0.00017445
0.00017442
0.0001744
0.00017441
0.00017442
0.00017435
0.000173965
0.000173905
0.00017402
0.00017394
0.000173975
0.00017397
0.000173975
0.00017396
0.00017397
0.00017397
0.00017397
0.00017396
0.00017395
0.00017397
0.00017397
0.00017395
0.00017397
0.00017397
0.000173535
0.000173535
0.000173535
0.000173535
0.000173535
0.00017353
0.00017353
0.00017353
0.00017353
0.00017353
0.00017353
0.00017353
0.00017353
0.00017353
0.00017353
0.00017353
0.00017353
0.00017353
0.00017353
0.00017353
0.00017353
0.00017353
0.000172625
0.000172745
0.00017283
0.000172875
0.00017288
0.00017288
0.00017288
0.00017288
0.00017289
0.00017289
0.0001729
0.000172905
0.000172905
0.000172905
0.000172905
0.000172905
0.000172905
0.000172905
0.000172905
0.000172915
0.00017292
0.000172925
0.00017292
0.000172925
0.00017292
0.000172915
0.00017291
0.00017292
0.000172915
0.00017291
0.000172915
0.00017291
0.000172915
0.00017291
0.000172915
0.00017291
0.000172905
0.0001729
0.000172915
0.00017291
0.000172905
0.0001729
0.000172895
0.00017289
0.000172885
0.000172875
0.00017287
0.000172865
0.00017286
0.000172855
0.00017285
0.000172845
0.00017284
0.000172835
0.00017284
0.000172835
0.00017283
0.000172835
0.00017284
0.000172835
0.00017283
0.000172825
0.00017322
0.000173215
0.00017321
0.000173205
0.0001732
0.000173195
0.00017279
0.000172785
0.00017278
0.00017278
0.000172775
0.00017277
0.000172765
0.00017276
0.000172755
0.00017275
0.000172745
0.000172715
0.00017271
0.000172705
0.0001727
0.000172705
0.000172695
0.00017258
0.00017257
0.000172565
0.00017256
0.000172555
0.000172765
0.00017276
0.000172755
0.00017275
0.00017274
0.00017274
0.00017273
0.000172725
0.00017272
0.000172575
0.000172585
0.00017258
0.00017258
0.00017258
0.00017258
0.00017256
0.00017256
0.00017256
0.000172555
0.00017256
0.000172555
0.0001713
0.0001713
0.000171305
0.000171305
0.000171305
0.0001713
0.0001713
0.0001713
0.000171305
0.000171305
0.0001713
0.000171305
0.000171305
0.000171325
0.000171325
0.000171325
0.000171335
0.000171335
0.000171335
0.000171335
0.000171335
0.000171345
0.000171355
0.000171365
0.000171365
0.00017137
0.00017137
0.00017137
0.00017137
0.00017137
0.00017137
0.000171365
0.00017136
0.000171355
0.000171355
0.0001713
0.000171295
0.0001713
0.000171295
0.000171295
0.000171305
0.00017131
0.00017131
0.00017077
0.00017131
0.0001713
0.00017125
0.00017125
0.00017125
0.00017125
0.00017125
0.00017125
0.000171245
0.00017125
0.00017124
0.000171245
0.000171245
0.000171245
0.000171245
0.000171245
0.000171245
0.00017124
0.000171115
0.000170565
0.000170455
0.000170365
0.00017025
0.000170245
0.000170245
0.000170725
0.000170735
0.000170735
0.000170735
0.000170835
0.00017073
0.00017073
0.00017079
0.00017069
0.00017056
0.00017051
0.000170405
0.000169985
0.00016988
0.00016982
0.0001701
0.000169735
0.000169235
0.000169255
0.00016922
0.00016921
0.000169195
0.00016919
0.00016919
0.000169185
0.00016897
0.000168975
0.000168985
0.00016898
0.000168975
0.000168975
0.000168975
0.00016898
0.00016898
0.000168975
0.00016897
0.00016897
0.00016897
0.000168975
0.000168975
0.00016897
0.00016897
0.000168965
0.00017082
0.00016897
0.00016898
0.00017004
0.00017017
0.00017026
0.000170245
0.00017022
0.00017015
0.000170085
0.000170045
0.000170055
0.00017005
0.00017005
0.000170075
0.000170195
0.000170295
0.0001703
0.00017159
0.000171585
0.00017159
0.000171705
0.00017171
0.00017171
0.000171715
0.000171715
0.00017172
0.00017172
0.000171725
0.000171725
0.00017173
0.00017173
0.000171735
0.000171735
0.00017174
0.00017174
0.000170315
0.000170315
0.00016965
0.00016963
0.00016951
0.00016938
0.000169255
0.00016796
0.00016787
0.00016781
0.00016775
0.000167775
0.000167815
0.000167775
0.000167745
0.00016768
0.000167605
0.000167535
0.00016754
0.000167545
0.00016755
0.00016756
0.00016755
0.000167535
0.00016754
0.00016754
0.00016754
0.0001644
0.00016441
0.000164425
0.000164485
0.00016453
0.0001646
0.00016465
0.000164715
0.000164765
0.00016481
0.000164765
0.000164745
0.000164765
0.000164625
0.000164525
0.00016444
0.000164395
0.000164315
0.000164255
0.000165785
0.00016569
0.00016565
0.00016556
0.00016548
0.000165435
0.000165415
0.000165405
0.000165405
0.00016537
0.000165295
0.00016523
0.00016551
0.00016553
0.000165535
0.00016554
0.00016605
0.000166065
0.00016616
0.00016614
0.00016612
0.000165955
0.000166435
0.00016647
0.00016649
0.000166965
0.000167825
0.000167985
0.000168135
0.000172615
0.00017299
0.000173005
0.000173005
0.000174835
0.00017345
0.000173645
0.00017378
0.000173905
0.00017388
0.000173885
0.00017389
0.0001739
0.000173995
0.0001733
0.000172945
0.000172655
0.000172155
0.000172155
0.000172475
0.0001719
0.0001719
0.00017165
0.00017036
0.00016781
