2.741
2.7
2.6875
2.6875
2.6825
2.685
2.65
2.6505
2.65
2.663
2.675
2.663
2.675
2.663
2.669
2.663
2.65
2.6505
2.651
2.6625
2.6505
2.651
2.651
2.651
2.655
2.6525
2.6525
2.653
2.653
2.6525
2.654
2.6535
2.6645
2.6645
2.6645
2.6645
2.6645
2.659
2.6545
2.6515
2.652
2.6515
2.651
2.652
2.651
2.651
2.6515
2.659
2.651
2.6535
2.651
2.6515
2.651
2.651
2.651
2.6515
2.651
2.651
2.651
2.651
2.65
2.6505
2.65
2.6485
2.6485
2.63
2.62
2.6205
2.626
2.625
2.625
2.625
2.628
2.6255
2.6255
2.625
2.625
2.625
2.625
2.625
2.6255
2.625
2.625
2.625
2.6125
2.6125
2.6125
2.608
2.605
2.605
2.6005
2.6
2.601
2.601
2.601
2.601
2.6
2.6
2.6
2.6
2.6
2.6
2.6
2.6
2.6
2.6
2.6
2.6
2.6005
2.6
2.6005
2.6115
2.603
2.603
2.601
2.601
2.601
2.601
2.601
2.6105
2.605
2.614
2.611
2.61
2.61
2.611
2.611
2.6105
2.6245
2.6465
2.646
2.6585
2.6605
2.6605
2.6625
2.64
2.6275
2.618
2.61
2.61
2.6105
2.6105
2.6105
2.6105
2.61
2.6095
2.6065
2.607
2.607
2.6065
2.607
2.6065
2.612
2.62
2.6325
2.625
2.6485
2.626
2.6255
2.6255
2.6255
2.6255
2.625
2.626
2.61
2.6155
2.6155
2.6155
2.61
2.6105
2.6105
2.6105
2.6105
2.6105
2.625
2.625
2.615
2.625
2.6155
2.6105
2.611
2.61
2.6105
2.61
2.6105
2.61
2.61
2.609
2.6095
2.609
2.6065
2.606
2.606
2.606
2.6065
2.6065
2.606
2.61
2.61
2.6125
2.61
2.61
2.61
2.61
2.611
2.61
2.61
2.6095
2.61
2.615
2.615
2.616
2.6155
2.6155
2.6155
2.6155
2.615
2.6155
2.6155
2.615
2.615
2.615
2.615
2.615
2.6095
2.6095
2.61
2.6095
2.6075
2.6065
2.6075
2.6065
2.607
2.606
2.606
2.606
2.6055
2.6055
2.606
2.605
2.605
2.605
2.605
2.605
2.605
2.605
2.605
2.6055
2.605
2.604
2.604
2.6045
2.604
2.604
2.607
2.6055
2.607
2.606
2.607
2.6065
2.606
2.6065
2.6065
2.6025
2.613
2.613
2.6105
2.615
2.605
2.605
2.6055
2.6055
2.606
2.605
2.605
2.606
2.6055
2.6195
2.605
2.605
2.605
2.605
2.605
2.6055
2.605
2.6055
2.605
2.605
2.605
2.6055
2.6065
2.605
2.606
2.6065
2.6055
2.6055
2.606
2.6055
2.6055
2.606
2.6055
2.605
2.605
2.6045
2.6005
2.6005
2.6035
2.601
2.601
2.6005
2.603
2.6
2.6005
2.6
2.6005
2.6
2.588
2.585
2.58
2.5775
2.5775
2.5775
2.5815
2.586
2.598
2.6
2.6005
2.6
2.6005
2.6
2.594
2.585
2.5775
2.5775
2.5905
2.589
2.589
2.589
2.589
2.5915
2.591
2.5915
2.589
2.5925
2.5935
2.593
2.5935
2.59
2.5905
2.598
2.6005
2.5925
2.593
2.594
2.594
2.6
2.6
2.6005
2.6005
2.6005
2.6
2.6005
2.6005
2.6
2.6005
2.6
2.63
2.6555
2.6505
2.65
2.6075
2.605
2.601
2.58
2.5805
2.601
2.6
2.601
2.6305
2.6015
2.6025
2.6255
2.6025
2.6
2.6
2.6
2.5805
2.5895
2.5885
2.581
2.5835
2.581
2.59
2.5935
2.594
2.5955
2.5915
2.5965
2.596
2.5955
2.594
2.596
2.597
2.5985
2.5985
2.5985
2.5985
2.599
2.599
2.5985
2.5985
2.5985
2.599
2.5985
2.5985
2.599
2.5975
2.5815
2.582
2.5815
2.5775
2.5755
2.577
2.576
2.5755
2.575
2.5755
2.575
2.575
2.575
2.5755
2.5715
2.5675
2.5675
2.5675
2.5675
2.5675
2.5685
2.5685
2.5725
2.573
2.578
2.578
2.5775
2.5775
2.5775
2.5775
2.577
2.5765
2.5765
2.577
2.5775
2.577
2.577
2.577
2.577
2.575
2.574
2.574
2.5725
2.573
2.5715
2.5695
2.5685
2.5685
2.5685
2.5705
2.57
2.5705
2.578
2.57
2.5735
2.57
2.57
2.57
2.57
2.57
2.57
2.573
2.57
2.5705
2.573
2.5725
2.578
2.5795
2.5795
2.5795
2.5795
2.5785
2.579
2.579
2.5785
2.579
2.5785
2.5785
2.579
2.5735
2.5735
2.573
2.571
2.5705
2.5705
2.5705
2.57
2.57
2.57
2.568
2.5685
2.5655
2.5655
2.5655
2.565
2.565
2.565
2.565
2.565
2.565
2.5655
2.5685
2.5725
2.5675
2.5675
2.5675
2.568
2.5675
2.57
2.5725
2.5735
2.5755
2.573
2.57
2.5675
2.5695
2.5655
2.568
2.5655
2.5655
2.565
2.57
2.5675
2.5675
2.565
2.565
2.565
2.5655
2.565
2.566
2.5655
2.5655
2.5655
2.5775
2.574
2.5735
2.574
2.57
2.5735
2.5735
2.574
2.57
2.5735
2.57
2.5735
2.573
2.5705
2.57
2.572
2.57
2.5705
2.5705
2.57
2.57
2.57
2.57
2.57
2.57
2.57
2.57
2.57
2.5655
2.5745
2.5685
2.5675
2.5685
2.5685
2.5685
2.5695
2.5705
2.5685
2.5685
2.57
2.5685
2.566
2.5655
2.565
2.565
2.565
2.565
2.565
2.565
2.565
2.569
2.5705
2.57
2.5725
2.575
2.575
2.576
2.5755
2.5755
2.575
2.575
2.575
2.5755
2.573
2.5735
2.5715
2.573
2.5715
2.575
2.575
2.5715
2.5705
2.568
2.568
2.568
2.568
2.568
2.5685
2.5675
2.5675
2.565
2.565
2.565
2.565
2.565
2.565
2.565
2.565
2.565
2.565
2.565
2.565
2.565
2.565
2.565
2.565
2.565
2.565
2.5655
2.565
2.565
2.565
2.565
2.565
2.565
2.565
2.565
2.565
2.565
2.565
2.5655
2.565
2.565
2.565
2.565
2.555
2.56
2.558
2.561
2.5605
2.56
2.56
2.555
2.5545
2.55
2.55
2.525
2.543
2.543
2.543
2.5295
2.525
2.5255
2.5265
2.5255
2.525
2.523
2.524
2.52
2.5245
2.525
2.5255
2.5255
2.5255
2.541
2.531
2.531
2.5255
2.5255
2.5295
2.5315
2.531
2.5305
2.5305
2.533
2.5305
2.531
2.5305
2.5305
2.5305
2.5305
2.5305
2.5305
2.5315
2.531
2.5315
2.532
2.532
2.5335
2.532
2.534
2.5335
2.5335
2.5335
2.5335
2.5335
2.534
2.534
2.534
2.534
2.534
2.534
2.534
2.534
2.5345
2.534
2.534
2.534
2.5335
2.5335
2.5335
2.5305
2.5305
2.5295
2.525
2.5255
2.525
2.5255
2.5255
2.5485
2.5485
2.5255
2.55
2.55
2.55
2.5535
2.5535
2.5825
2.555
2.5555
2.556
2.5495
2.5495
2.5495
2.52
2.52
2.519
2.519
2.52
2.55
2.519
2.519
2.519
2.519
2.526
2.519
2.519
2.52
2.519
2.519
2.519
2.549
2.5195
2.519
2.52
2.5215
2.5355
2.535
2.5475
2.535
2.535
2.535
2.541
2.52
2.52
2.519
2.52
2.5205
2.5195
2.5195
2.5195
2.52
2.5205
2.5205
2.521
2.5205
2.521
2.523
2.5205
2.523
2.523
2.523
2.523
2.523
2.5205
2.5205
2.525
2.5205
2.5205
2.5205
2.5205
2.5205
2.5195
2.5195
2.5275
2.5195
2.5195
2.5195
2.5195
2.52
2.5205
2.52
2.52
2.52
2.52
2.52
2.5195
2.5195
2.5195
2.5195
2.5195
2.5195
2.519
2.519
2.519
2.5195
2.5175
2.516
2.515
2.515
2.515
2.515
2.515
2.515
2.5155
2.515
2.515
2.5155
2.515
2.515
2.515
2.515
2.515
2.515
2.515
2.515
2.515
2.515
2.515
2.5145
2.513
2.514
2.51
2.506
2.512
2.5055
2.506
2.506
2.505
2.505
2.505
2.5005
2.5
2.5005
2.5
2.5
2.5
2.5005
2.5
2.5
2.5
2.5
2.5005
2.5005
2.5005
2.501
2.5
2.5
2.5
2.5
2.5
2.5005
2.5
2.5005
2.5005
2.5
2.5
2.5
2.5
2.5
2.5
2.5
2.5
2.5
2.5
2.5
2.5005
2.5
2.5
2.5
2.5
2.5
2.5005
2.5
2.5
2.5
2.5
2.5
2.5
2.5
2.5
2.5
2.5005
2.5
2.5
2.5005
2.5
2.5
2.5
2.5
2.5
2.5005
2.5
2.5
2.5
2.5005
2.5
2.5
2.5
2.5
2.5
2.5
2.5
2.5
2.5
2.5
2.5
2.5
2.5
2.5005
2.5
2.5
2.5005
2.5
2.5
2.5
2.5
2.485
2.475
2.47
2.459
2.464
2.4635
2.4515
2.4515
2.451
2.45
2.4505
2.4505
2.4505
2.4505
2.45
2.4505
2.45
2.4505
2.45
2.45
2.4505
2.45
2.45
2.4505
2.4505
2.45
2.45
2.45
2.45
2.45
2.45
2.45
2.45
2.45
2.45
2.45
2.45
2.45
2.45
2.45
2.4505
2.4505
2.4505
2.4505
2.451
2.451
2.4505
2.45
2.4715
2.472
2.4715
2.4715
2.4715
2.4715
2.472
2.4715
2.4715
2.4715
2.4715
2.47
2.47
2.47
2.4705
2.46
2.4505
2.452
2.45
2.45
2.45
2.4525
2.4505
2.45
2.44
2.4405
2.425
2.43
2.425
2.425
2.425
2.426
2.425
2.425
2.42
2.422
2.4515
2.4325
2.4325
2.4465
2.4205
2.42
2.4215
2.444
2.431
2.43
2.425
2.425
2.4305
2.43
2.4305
2.431
2.4305
2.43
2.432
2.43
2.43
2.432
2.43
2.43
2.43
2.43
2.43
2.425
2.425
2.4255
2.425
2.425
2.425
2.425
2.425
2.4265
2.426
2.425
2.425
2.425
2.4255
2.4255
2.4255
2.425
2.415
2.415
2.415
2.4155
2.415
2.415
2.415
2.415
2.4165
2.4175
2.4175
2.42
2.4205
2.421
2.4215
2.4395
2.4395
2.4395
2.4395
2.4345
2.463
2.463
2.447
2.463
2.461
2.4455
2.4315
2.4315
2.428
2.426
2.426
2.4275
2.426
2.426
2.426
2.4265
2.4265
2.4265
2.425
2.426
2.425
2.426
2.45
2.435
2.45
2.46
2.46
2.4555
2.4555
2.4555
2.45
2.4515
2.4545
2.451
2.452
2.451
2.4505
2.451
2.4165
2.4165
2.416
2.415
2.4155
2.4305
2.425
2.435
2.449
2.4205
2.432
2.421
2.421
2.415
2.4235
2.4155
2.4155
2.4155
2.4165
2.4175
2.425
2.417
2.44
2.4235
2.4495
2.425
2.4305
2.427
2.426
2.45
2.45
2.4315
2.4315
2.432
2.45
2.4495
2.4395
2.431
2.43
2.425
2.425
2.401
2.4005
2.366
2.366
2.37
2.3685
2.3745
2.3695
2.3735
2.3745
2.3745
2.375
2.416
2.4095
2.375
2.3875
2.375
2.395
2.3745
2.3685
2.3655
2.3655
2.372
2.3975
2.386
2.392
2.3775
2.377
2.375
2.3655
2.366
2.3655
2.3655
2.3655
2.3655
2.3655
2.3655
2.3655
2.365
2.3655
2.365
2.365
2.365
2.3655
2.3655
2.365
2.365
2.365
2.3655
2.365
2.365
2.3655
2.365
2.3655
2.3655
2.3655
2.3655
2.365
2.3655
2.3655
2.365
2.365
2.365
2.365
2.3655
2.365
2.365
2.3625
2.3545
2.359
2.3575
2.3505
2.35
2.345
2.333
2.3375
2.3325
2.329
2.325
2.3155
2.315
2.3085
2.3015
2.3025
2.3015
2.3
2.3005
2.301
2.301
2.301
2.313
2.3075
2.314
2.3495
2.3495
2.35
2.361
2.361
2.361
2.35
2.3715
2.3655
2.371
2.369
2.3715
2.369
2.369
2.4
2.4
2.4
2.4005
2.391
2.3965
2.3965
2.374
2.3735
2.377
2.375
2.38
2.3985
2.3995
2.387
2.387
2.387
2.3885
2.388
2.3885
2.392
2.3915
2.3905
2.4
2.3995
2.4
2.403
2.423
2.4205
2.4205
2.4205
2.4205
2.4205
2.421
2.4215
2.4215
2.4
2.4005
2.4
2.4
2.409
2.4
2.405
2.404
2.407
2.407
2.4025
2.4005
2.4005
2.3815
2.362
2.362
2.3675
2.372
2.3705
2.3695
2.369
2.361
2.371
2.3605
2.3525
2.36
2.3615
2.3545
2.3545
2.365
2.37
2.3775
2.3805
2.4
2.3995
2.4
2.384
2.401
2.401
2.401
2.4295
2.4295
2.4055
2.407
2.4125
2.43
2.4385
2.417
2.4005
2.401
2.419
2.4
2.375
2.3755
2.3905
2.3625
2.3625
2.376
2.3625
2.375
2.375
2.3755
2.3835
2.393
2.3935
2.4
2.3965
2.4
2.4
2.398
2.4025
2.402
2.404
2.4065
2.395
2.41
2.4115
2.412
2.4105
2.4105
2.419
2.4125
2.4265
2.445
2.4505
2.4705
2.4745
2.4105
2.413
2.413
2.421
2.433
2.428
2.428
2.4325
2.4235
2.4235
2.491
2.449
2.4245
2.415
2.4375
2.406
2.427
2.418
2.416
2.416
2.45
2.435
2.4495
2.4325
2.4705
2.475
2.4755
2.4755
2.475
2.4755
2.4745
2.474
2.4735
2.4695
2.5
2.489
2.5005
2.518
2.4995
2.4995
2.4995
2.4965
2.485
2.454
2.4535
2.428
2.451
2.4615
2.4805
2.475
2.4735
2.5
2.482
2.475
2.4985
2.4985
2.47
2.5
2.5005
2.513
2.527
2.5145
2.52
2.52
2.5285
2.52
2.501
2.5005
2.5255
2.513
2.5095
2.513
2.515
2.507
2.51
2.5055
2.5125
2.503
2.5115
2.5025
2.5025
2.5025
2.5025
2.5025
2.5005
2.501
2.501
2.503
2.5015
2.504
2.5015
2.5005
2.5005
2.5005
2.5005
2.5005
2.5005
2.505
2.505
2.49
2.49
2.4895
2.5005
2.5005
2.501
2.5025
2.5005
2.5005
2.5005
2.5005
2.5015
2.506
2.51
2.51
2.508
2.5075
2.503
2.529
2.534
2.53
2.501
2.509
2.501
2.501
2.501
2.5005
2.5005
2.501
2.502
2.5005
2.501
2.501
2.511
2.511
2.5015
2.502
2.5015
2.502
2.5015
2.5035
2.5015
2.5015
2.5035
2.503
2.503
2.5005
2.503
2.5005
2.503
2.503
2.5005
2.5005
2.5025
2.5005
2.5005
2.501
2.501
2.5005
2.501
2.501
2.501
2.501
2.5005
2.501
2.5005
2.501
2.5005
2.501
2.5005
2.5005
2.501
2.5005
2.5005
2.5005
2.501
2.5005
2.5005
2.5005
2.5005
2.501
2.5005
2.5005
2.5005
2.5005
2.506
2.5025
2.5115
2.505
2.5025
2.5025
2.5025
2.502
2.5025
2.5025
2.501
2.501
2.501
2.5025
2.502
2.501
2.5025
2.5015
2.501
2.502
2.501
2.501
2.501
2.502
2.5025
2.502
2.5025
2.5015
2.5015
2.502
2.5015
2.502
2.502
2.5015
2.5005
2.5015
2.5015
2.5005
2.5005
2.5015
2.5005
2.5005
2.501
2.5005
2.5005
2.5005
2.5005
2.501
2.5005
2.5005
2.501
2.5005
2.5005
2.501
2.5005
2.501
2.501
2.501
2.5005
2.5005
2.5005
2.5015
2.5005
2.5015
2.5015
2.5005
2.5015
2.5005
2.501
2.501
2.501
2.5005
2.5005
2.501
2.5005
2.5005
2.501
2.5005
2.501
2.501
2.501
2.5005
2.5005
2.5015
2.5015
2.512
2.504
2.5335
2.536
2.5035
2.524
2.5245
2.52
2.5055
2.5035
2.5075
2.505
2.506
2.506
2.5065
2.5065
2.5065
2.5185
2.5065
2.507
2.507
2.507
2.5055
2.507
2.505
2.5165
2.5215
2.525
2.549
2.525
2.525
2.525
2.525
2.525
2.5345
2.5175
2.5195
2.507
2.5055
2.5055
2.5055
2.5055
2.5055
2.5145
2.5155
2.523
2.5175
2.549
2.515
2.516
2.5395
2.518
2.518
2.508
2.512
2.54
2.54
2.5205
2.52
2.5215
2.5325
2.523
2.5215
2.5215
2.5235
2.519
2.5335
2.525
2.5335
2.5245
2.519
2.534
2.527
2.54
2.5375
2.5375
2.5375
2.538
2.5305
2.54
2.5315
2.5315
2.5295
2.5275
2.526
2.5405
2.5345
2.53
2.535
2.543
2.5295
2.537
2.536
2.5405
2.54
2.5425
2.543
2.5475
2.54
2.54
2.5465
2.54
2.5255
2.5255
2.5255
2.5405
2.537
2.5465
2.5425
2.545
2.5415
2.5355
2.5355
2.5395
2.5475
2.536
2.535
2.5475
2.5255
2.525
2.5295
2.53
2.5295
2.5295
2.5295
2.5295
2.5295
2.5295
2.536
2.537
2.548
2.572
2.5815
2.5675
2.5675
2.585
2.557
2.532
2.541
2.5505
2.55
2.5505
2.55
2.5505
2.5505
2.55
2.556
2.5565
2.5525
2.552
2.5525
2.5525
2.5525
2.5535
2.5665
2.5665
2.566
2.555
2.565
2.5645
2.562
2.5525
2.5525
2.5525
2.5525
2.553
2.5525
2.55
2.5305
2.53
2.53
2.5305
2.549
2.533
2.533
2.533
2.5435
2.5605
2.5605
2.5465
2.5465
2.55
2.55
2.55
2.555
2.553
2.553
2.56
2.5495
2.5495
2.5495
2.559
2.5585
2.557
2.556
2.5565
2.5565
2.558
2.558
2.559
2.559
2.5595
2.5595
2.556
2.5595
2.559
2.559
2.5705
2.6
2.5895
2.5905
2.6
2.6
2.5975
2.5505
2.5725
2.566
2.5825
2.5815
2.5815
2.595
2.592
2.6195
2.618
2.618
2.6205
2.6225
2.6345
2.6145
2.627
2.625
2.6335
2.633
2.63
2.63
2.6245
2.625
2.633
2.625
2.6265
2.6295
2.607
2.6125
2.615
2.6165
2.629
2.6325
2.6355
2.6345
2.6345
2.6405
2.6335
2.6425
2.6425
2.636
2.6425
2.6425
2.6425
2.6425
2.644
2.644
2.6485
2.644
2.644
2.6475
2.66
2.674
2.6765
2.6815
2.6805
2.6815
2.681
2.683
2.6815
2.6875
2.6875
2.679
2.6805
2.6845
2.6855
2.662
2.666
2.6855
2.6625
2.663
2.6505
2.65
2.6505
2.62
2.6205
2.6205
2.6205
2.6215
2.636
2.6495
2.638
2.6265
2.638
2.639
2.6285
2.6325
2.649
2.649
2.636
2.6435
2.6355
2.6425
2.643
2.642
2.636
2.6405
2.6405
2.6405
2.6405
2.6435
2.645
2.645
2.6495
2.65
2.65
2.65
2.6505
2.6505
2.65
2.6625
2.667
2.6665
2.6615
2.662
2.6665
2.6575
2.672
2.659
2.662
2.652
2.6645
2.66
2.6535
2.651
2.66
2.6505
2.656
2.6535
2.665
2.654
2.634
2.639
2.648
2.6505
2.651
2.655
2.655
2.6595
2.6595
2.634
2.6455
2.646
2.635
2.6345
2.6335
2.6455
2.626
2.6265
2.626
2.638
2.645
2.6455
2.6455
2.649
2.6495
2.6495
2.6495
2.6495
2.6495
2.65
2.65
2.65
2.665
2.6555
2.656
2.662
2.665
2.665
2.665
2.646
2.655
2.6545
2.6545
2.652
2.6695
2.67
2.6525
2.6525
2.6565
2.6525
2.6525
2.654
2.66
2.6545
2.656
2.662
2.66
2.6615
2.653
2.6545
2.6525
2.651
2.6635
2.652
2.669
2.653
2.654
2.656
2.656
2.655
2.662
2.6575
2.668
2.6555
2.6675
2.6575
2.652
2.6515
2.655
2.6555
2.654
2.665
2.66
2.654
2.66
2.66
2.661
2.662
2.6635
2.6625
2.664
2.664
2.6635
2.663
2.6635
2.663
2.661
2.6625
2.644
2.6455
2.645
2.6475
2.6315
2.637
2.6435
2.6405
2.6465
2.646
2.644
2.645
2.6395
2.641
2.64
2.64
2.64
2.6405
2.6425
2.645
2.65
2.66
2.6605
2.6605
2.6305
2.6365
2.636
2.6615
2.638
2.638
2.65
2.6505
2.6515
2.6525
2.661
2.657
2.653
2.6535
2.651
2.651
2.6395
2.644
2.6445
2.646
2.6495
2.644
2.6495
2.6475
2.65
2.651
2.6505
2.6535
2.654
2.654
2.6555
2.6555
2.6585
2.653
2.65
2.6365
2.622
2.6215
2.6215
2.622
2.622
2.6195
2.6195
2.625
2.6255
2.626
2.626
2.6445
2.6325
2.622
2.642
2.6435
2.6435
2.6435
2.6435
2.644
2.6435
2.644
2.6435
2.6435
2.6435
2.6435
2.645
2.6445
2.6445
2.623
2.6435
2.6305
2.63
2.63
2.6305
2.63
2.6305
2.635
2.6385
2.634
2.6415
2.6415
2.6445
2.6405
2.641
2.6385
2.6435
2.639
2.635
2.6355
2.6255
2.6245
2.622
2.622
2.6225
2.6215
2.62
2.622
2.6325
2.623
2.6315
2.6245
2.631
2.6325
2.6315
2.6305
2.626
2.615
2.614
2.599
2.552
2.5635
2.55
2.55
2.553
2.55
2.5525
2.5505
2.553
2.57
2.573
2.572
2.5855
2.55
2.56
2.5505
2.551
2.554
2.554
2.56
2.569
2.552
2.555
2.556
2.5565
2.557
2.5565
2.5685
2.5565
2.5565
2.5565
2.5565
2.5565
2.558
2.561
2.559
2.57
2.5695
2.575
2.5755
2.575
2.5705
2.5635
2.563
2.563
2.572
2.5715
2.5625
2.5625
2.5625
2.5625
2.5625
2.5625
2.563
2.563
2.563
2.5625
2.563
2.563
2.563
2.5625
2.563
2.5625
2.563
2.563
2.573
2.5775
2.5865
2.5865
2.5865
2.586
2.5865
2.586
2.5865
2.5865
2.5865
2.5865
2.5865
2.5865
2.5865
2.5875
2.6
2.6
2.6
2.6
2.6
2.6
2.6
2.6
2.62
2.62
2.65
2.6655
2.6605
2.662
2.66
2.66
2.6575
2.662
2.666
2.666
2.663
2.6625
2.6625
2.6565
2.647
2.6485
2.6485
2.6485
2.6485
2.6485
2.6485
2.648
2.648
2.6485
2.6485
2.6485
2.6485
2.6485
2.6485
2.6485
2.6485
2.648
2.648
2.6455
2.6475
2.646
2.6465
2.6465
2.6465
2.647
2.647
2.647
2.647
2.6015
2.609
2.623
2.6455
2.6455
2.645
2.6445
2.635
2.6355
2.638
2.637
2.637
2.6375
2.6435
2.6305
2.6205
2.602
2.611
2.602
2.62
2.6175
2.6135
2.6165
2.6165
2.616
2.6025
2.611
2.6095
2.6035
2.609
2.6085
2.61
2.611
2.608
2.6075
2.607
2.607
2.607
2.606
2.605
2.603
2.605
2.602
2.6
2.6
2.6035
2.6025
2.6015
2.6015
2.6
2.6005
2.6005
2.6
2.599
2.5995
2.599
2.599
2.599
2.5995
2.5995
2.5995
2.5995
2.5995
2.599
2.5995
2.5995
2.5995
2.5995
2.5995
2.5995
2.5995
2.5915
2.594
2.5945
2.5935
2.593
2.593
2.5935
2.593
2.5935
2.593
2.5935
2.5935
2.5935
2.5935
2.5935
2.593
2.593
2.5935
2.5935
2.5925
2.593
2.593
2.5925
2.5925
2.5925
2.593
2.5935
2.5935
2.5935
2.5935
2.5935
2.5935
2.593
2.5935
2.5935
2.5935
2.5935
2.5935
2.593
2.593
2.5935
2.5935
2.5935
2.5935
2.5935
2.5935
2.5935
2.5935
2.5995
2.598
2.6115
2.625
2.625
2.625
2.625
2.625
2.625
2.625
2.6245
2.623
2.621
2.621
2.62
2.6195
2.6195
2.618
2.619
2.619
2.6185
2.6175
2.6185
2.6175
2.6175
2.6185
2.6185
2.6175
2.6185
2.6185
2.6185
2.6185
2.6185
2.601
2.609
2.6155
2.61
2.606
2.6055
2.605
2.61
2.61
2.61
2.61
2.6095
2.6095
2.609
2.61
2.61
2.61
2.6095
2.61
2.61
2.61
2.61
2.61
2.61
2.61
2.61
2.61
2.6095
2.61
2.61
2.61
2.6095
2.61
2.61
2.61
2.6095
2.61
2.61
2.61
2.61
2.61
2.61
2.61
2.61
2.61
2.61
2.61
2.61
2.61
2.61
2.61
2.61
2.61
2.61
2.61
2.6115
2.6115
2.611
2.611
2.611
2.61
2.61
2.61
2.611
2.6105
2.6105
2.61
2.61
2.61
2.61
2.61
2.6105
2.6105
2.6115
2.611
2.6115
2.611
2.611
2.611
2.611
2.611
2.6115
2.625
2.6195
2.615
2.6245
2.6245
2.6155
2.614
2.61
2.604
2.606
2.599
2.6005
2.6255
2.65
2.65
2.65
2.65
2.688
2.65
2.65
2.65
2.614
2.6155
2.6165
2.6305
2.6505
2.651
2.63
2.654
2.6405
2.6465
2.6405
2.6345
2.6505
2.6605
2.6625
2.675
2.6915
2.68
2.6695
2.672
2.6955
2.6755
2.6825
2.687
2.6605
2.6615
2.662
2.6615
2.6625
2.6665
2.663
2.668
2.6665
2.663
2.6645
2.6685
2.681
2.672
2.681
2.681
2.681
2.681
2.681
2.6835
2.69
2.6995
2.696
2.7
2.702
2.715
2.709
2.705
2.75
2.725
2.74
2.741
2.7405
2.75
2.7455
2.74
2.725
2.7065
2.704
2.7425
2.7425
2.7325
2.7425
2.734
2.7325
2.734
2.7325
2.73
2.7275
2.7335
2.732
2.719
2.719
2.725
2.7395
2.74
2.7385
2.736
2.736
2.7355
2.7365
2.736
2.7305
2.729
2.721
2.72
2.725
2.7215
2.734
2.7335
2.735
2.7085
2.7255
2.734
2.728
2.714
2.7105
2.721
2.721
2.7205
2.7285
2.7215
2.7215
2.73
2.711
2.73
2.719
2.7295
2.73
2.7295
2.7295
2.73
2.7295
2.7295
2.7295
2.73
2.7345
2.735
2.7365
2.7465
2.746
2.7435
2.742
2.742
2.745
2.742
2.7445
2.744
2.742
2.744
2.742
2.7435
2.7425
2.7435
2.7435
2.743
2.7425
2.742
2.743
2.7425
2.7425
2.7425
2.7425
2.7425
2.7425
2.743
2.7305
2.7305
2.736
2.741
2.7305
2.7315
2.741
2.736
2.735
2.74
2.74
2.7395
2.7305
2.739
2.731
2.7315
2.7025
2.7075
2.7055
2.706
2.722
2.7
2.7025
2.7
2.7
2.729
2.702
2.7155
2.702
2.7145
2.7
2.7
2.722
2.702
2.7015
2.707
2.7
2.6715
2.6645
2.664
2.6665
2.6635
2.666
2.6635
2.6635
2.6645
2.6635
2.6635
2.6805
2.6765
2.6695
2.6795
2.676
2.6745
2.6705
2.67
2.6765
2.666
2.664
2.6655
2.664
2.673
2.6635
2.6635
2.672
2.663
2.6755
2.6625
2.663
2.663
2.663
2.68
2.6635
2.6805
2.672
2.6635
2.6625
2.6745
2.679
2.6645
2.652
2.663
2.651
2.652
2.6745
2.653
2.6515
2.6545
2.6505
2.6505
2.65
2.63
2.63
2.6305
2.6495
2.675
2.65
2.641
2.645
2.6405
2.6495
2.6405
2.6315
2.64
2.644
2.6435
2.644
2.647
2.647
2.6465
2.6495
2.648
2.6495
2.6455
2.649
2.6495
2.651
2.651
2.652
2.654
2.65
2.6505
2.657
2.654
2.663
2.662
2.6515
2.6515
2.6515
2.6515
2.652
2.6515
2.6575
2.652
2.6515
2.6575
2.6585
2.6585
2.6585
2.6585
2.6575
2.6595
2.6605
2.6605
2.6605
2.6615
2.6605
2.683
2.66
2.6825
2.6825
2.6515
2.6515
2.6825
2.676
2.65
2.626
2.6265
2.628
2.644
2.6355
2.644
2.6355
2.6355
2.627
2.6355
2.6355
2.644
2.6355
2.636
2.644
2.644
2.635
2.6355
2.644
2.644
2.63
2.6385
2.6385
2.6385
2.6345
2.6385
2.6345
2.6385
2.635
2.6385
2.6355
2.6355
2.6385
2.6385
2.6385
2.6385
2.636
2.648
2.655
2.655
2.655
2.655
2.655
2.6545
2.6545
2.659
2.65
2.65
2.6505
2.6
2.6
2.61
2.596
2.6075
2.584
2.5775
2.6
2.5645
2.575
2.5675
2.597
2.5635
2.578
2.5655
2.5665
2.567
2.5745
2.5665
2.567
2.5615
2.5645
2.5615
2.555
2.553
2.562
2.5605
2.561
2.561
2.562
2.569
2.5735
2.5895
2.5905
2.587
2.566
2.5635
2.5885
2.5615
2.5615
2.561
2.5875
2.5905
2.5905
2.5925
2.5905
2.562
2.5645
2.581
2.65
2.5965
2.6055
2.625
2.625
2.5895
2.59
2.609
2.6115
2.6115
2.617
2.65
2.62
2.622
2.6155
2.6135
2.616
2.645
2.6545
2.632
2.636
2.632
2.6325
2.62
2.6175
2.6275
2.632
2.63
2.635
2.635
2.635
2.6345
2.6285
2.6295
2.6245
2.627
2.6275
2.6395
2.631
2.6255
2.635
2.627
2.628
2.6135
2.6115
2.5915
2.591
2.59
2.5815
2.5815
2.5815
2.573
2.563
2.57
2.585
2.5875
2.576
2.576
2.5865
2.588
2.5795
2.5875
2.5795
2.5845
2.5855
2.6
2.6
2.605
2.605
2.605
2.6015
2.602
2.6035
2.605
2.605
2.6055
2.602
2.603
2.6
2.5965
2.58
2.58
2.594
2.59
2.581
2.579
2.571
2.571
2.571
2.565
2.565
2.5605
2.5605
2.5605
2.561
2.561
2.56
2.56
2.56
2.56
2.56
2.56
2.56
2.554
2.554
2.551
2.5505
2.552
2.5525
2.555
2.555
2.5585
2.558
2.558
2.5575
2.555
2.5555
2.555
2.5555
2.558
2.555
2.5555
2.553
2.5535
2.552
2.55
2.5505
2.55
2.55
2.55
2.5505
2.55
2.5505
2.5505
2.5505
2.55
2.55
2.55
2.5505
2.55
2.55
2.55
2.55
2.5505
2.55
2.55
2.5505
2.55
2.55
2.55
2.55
2.55
2.55
2.55
2.5505
2.55
2.55
2.55
2.55
2.55
2.55
2.55
2.545
2.534
2.521
2.521
2.5055
2.509
2.5
2.5
2.5
2.5
2.5
2.5
2.5
2.501
2.502
2.5085
2.504
2.5065
2.505
2.5135
2.507
2.507
2.5025
2.5025
2.5035
2.5005
2.5005
2.5
2.5
2.5
2.5
2.5
2.5
2.5
2.5
2.5
2.5
2.5
2.5
2.5
2.5
2.5
2.5
2.5
2.5
2.5
2.5
2.5005
2.5
2.5
2.5
2.5
2.5
2.5005
2.4955
2.477
2.475
2.461
2.4565
2.4555
2.458
2.457
2.455
2.4505
2.451
2.4505
2.45
2.4505
2.4505
2.45
2.45
2.45
2.45
2.45
2.45
2.45
2.45
2.45
2.45
2.45
2.45
2.45
2.45
2.45
2.4465
2.437
2.4305
2.4255
2.425
2.425
2.417
2.4175
2.419
2.415
2.415
2.401
2.4075
2.4055
2.412
2.417
2.414
2.416
2.416
2.4165
2.4175
2.4195
2.4195
2.4195
2.419
2.419
2.4165
2.417
2.42
2.4215
2.4185
2.4175
2.4185
2.4245
2.43
2.4265
2.4265
2.424
2.4225
2.419
2.4195
2.419
2.418
2.413
2.41
2.4105
2.414
2.4145
2.414
2.4175
2.4175
2.4175
2.4165
2.414
2.4105
2.4155
2.4135
2.4155
2.417
2.4155
2.4145
2.413
2.412
2.412
2.4125
2.405
2.405
2.405
2.4005
2.4025
2.401
2.4015
2.4015
2.4075
2.4065
2.403
2.4035
2.4025
2.4035
2.418
2.425
2.434
2.4255
2.4365
2.38
2.32
2.2962
2.25
2.2201
2.2508
2.33
2.23
2.2408
2.2372
2.2531
2.2401
2.25
2.2501
2.22
2.24
2.22
2.22
2.189
2.12
2.12
2.13
2.11
2.12
2.11
2.1034
2.12
2.1299
2.1201
2.125
2.12
2.15
2.17
2.165
2.15
2.16
2.17
2.17
2.19
2.1787
2.175
2.17
2.1827
2.16
2.16
2.15
2.15
2.155
2.155
2.14
2.12
2.1144
2.13
2.1252
2.1468
2.15
2.1394
2.13
2.1268
2.125
2.12
2.12
2.12
2.13
2.12
2.12
2.12
2.11
2.108
2.1068
2.1
2.1
2.105
2.09
2.0799
2.065
2.0621
2.07
2.0602
2.065
2.069
2.06
2.07
2.065
2.0642
2.0399
2.015
1.965
2.0
1.985
1.99
2.005
2.005
2.005
1.9901
1.98
1.98
1.97
1.97
1.97
1.97
1.97
1.97
1.96
2.0
2.01
2.01
2.005
1.9902
1.9701
1.99
2.0
1.999
1.99
1.9822
1.98
1.9701
1.9754
1.9701
1.975
1.9701
1.972
1.98
1.98
1.98
1.9801
1.99
1.99
1.9801
1.99
1.985
1.975
1.9799
1.9701
1.975
1.97
1.97
1.97
1.97
1.9737
1.965
1.965
1.96
1.965
1.962
1.9401
1.945
1.93
1.935
1.94
1.925
1.9
1.89
1.9036
1.9
1.898
1.895
1.895
1.8829
1.8701
1.8533
1.87
1.8608
1.8654
1.865
1.8546
1.855
1.8599
1.8501
1.8411
1.85
1.8755
1.86
1.87
1.92
1.92
1.9399
1.9501
1.955
1.955
1.94
1.949
1.9432
1.95
1.96
1.96
1.93
1.93
1.92
1.92
1.915
1.9157
1.93
1.9392
1.9608
1.98
1.99
1.95
1.9501
1.97
1.97
1.965
1.9601
1.9601
1.9601
1.97
1.97
1.96
1.95
1.9654
1.961
1.97
1.97
1.96
1.9599
1.9602
1.97
1.98
1.98
1.98
1.9733
1.9793
1.973
1.98
1.99
1.99
1.99
1.99
1.99
1.9938
1.9801
1.9841
1.9843
1.9777
1.98
1.97
1.97
1.9801
1.99
2.003
2.02
2.0512
2.05
2.08
2.1043
2.08
2.0808
2.1
2.1
2.13
2.13
2.14
2.135
2.135
2.105
2.14
2.12
2.12
2.13
2.1221
2.105
2.12
2.12
2.1289
2.12
2.12
2.115
2.11
2.11
2.1199
2.11
2.12
2.11
2.1101
2.1101
2.12
2.1121
2.11
2.1122
2.1101
2.1101
2.1126
2.11
2.12
2.115
2.11
2.105
2.1
2.107
2.1001
2.1
2.08
2.0801
2.0801
2.09
2.09
2.0913
2.09
2.0301
2.04
2.035
2.068
2.09
2.0848
2.1
2.1
2.09
2.085
2.085
2.1
2.1
2.0984
2.1
2.0921
2.1
2.0952
2.1
2.095
2.095
2.095
2.1
2.1
2.0947
2.095
2.1
2.1
2.0979
2.08
2.065
2.06
2.06
2.09
2.09
2.109
2.12
2.111
2.1167
2.12
2.105
2.1053
2.1008
2.105
2.105
2.11
2.105
2.1
2.105
2.105
2.11
2.105
2.105
2.105
2.105
2.105
2.105
2.1
2.11
2.105
2.09
2.0903
2.09
2.09
2.1
2.0927
2.1
2.1146
2.12
2.12
2.1409
2.135
2.13
2.13
2.13
2.135
2.13
2.13
2.13
2.12
2.12
2.12
2.12
2.12
2.12
2.12
2.12
2.125
