0.00016656
0.00016652
0.000166515
0.00016651
0.000166505
0.000166395
0.00016679
0.000166675
0.00016661
0.00016655
0.00016655
0.00016661
0.00016707
0.000166975
0.000166875
0.000166875
0.000166875
0.000166885
0.000166885
0.00016707
0.000167005
0.00016701
0.00016711
0.000167195
0.000167195
0.000167145
0.000167135
0.00016714
0.00016714
0.00016714
0.00016714
0.00016714
0.00016714
0.000167145
0.000167145
0.000167145
0.00016715
0.00016681
0.00016682
0.00016682
0.00016683
0.00016685
0.000166855
0.000166855
0.000166845
0.00016684
0.00016685
0.00016686
0.00016848
0.00016848
0.00016848
0.00016848
0.00016848
0.00016848
0.00016848
0.00016848
0.00016848
0.00016848
0.00016848
0.00016848
0.00016848
0.00016848
0.00016848
0.000168625
0.000168625
0.000168625
0.000168625
0.000168625
0.000166825
0.000166825
0.000166735
0.000166645
0.00016618
0.00016618
0.00016613
0.00016613
0.00016613
0.00016613
0.00016614
0.00016613
0.00016614
0.0001662
0.00016615
0.00016627
0.000166155
0.000166155
0.000166205
0.00016616
0.00016627
0.00016615
0.00016616
0.0001662
0.00016632
0.00016614
0.00016621
0.000166155
0.000166135
0.000166335
0.000166135
0.000166225
0.000166335
0.000166215
0.000166335
0.000166415
0.000166215
0.000166195
0.000166135
0.000166185
0.000166135
0.000166135
0.000166135
0.000166165
0.000166185
0.000166295
0.000166125
0.00016614
0.00016613
0.00016614
0.00016624
0.00016636
0.00016613
0.00016657
0.00016669
0.00016614
0.00016627
0.0001662
0.000166155
0.00016613
0.000166375
0.000166485
0.000166615
0.000166725
0.000166845
0.00016626
0.000166225
0.00016681
0.00016679
0.00016679
0.00016679
0.00016679
0.00016679
0.00016679
0.000166135
0.000166145
0.000166145
0.00016616
0.000166165
0.000166165
0.000166165
0.000166165
0.000166165
0.00016617
0.00016617
0.00016617
0.00016617
0.00016617
0.00016617
0.00016617
0.00016617
0.00016617
0.00016618
0.00016618
0.00016618
0.00016618
0.00016619
0.000166195
0.0001662
0.0001662
0.00016614
0.00016613
0.00016614
0.00016614
0.00016614
0.00016614
0.00016614
0.00016614
0.000166145
0.000166145
0.00016613
0.00016613
0.00016613
0.00016614
0.00016614
0.000166145
0.00016684
0.000166875
0.00016691
0.00016696
0.00016693
0.000166935
0.000166975
0.000166985
0.000167045
0.000166975
0.00016685
0.0001669
0.00016693
0.000167155
0.00016692
0.000166935
0.00016695
0.00016695
0.00016696
0.00016699
0.00016696
0.000166985
0.000166975
0.000167105
0.000166985
0.000167335
0.000166985
0.000166985
0.000166975
0.000167105
0.00016699
0.000166985
0.000167105
0.00016701
0.00016697
0.00016698
0.000166955
0.000166965
0.000166955
0.00016696
0.000167305
0.000166955
0.000166975
0.000167
0.00016696
0.000166965
0.000167025
0.000166975
0.00016703
0.00016713
0.00016696
0.00016716
0.000166975
0.000166985
0.00016699
0.00016698
0.00016709
0.00016719
0.00016693
0.00016694
0.00016707
0.000166825
0.000166855
0.000167055
0.00016712
0.000167195
0.00016724
0.000167255
0.000167265
0.00016729
0.000166835
0.000166835
0.000166835
0.000166835
0.000166835
0.000166835
0.000166835
0.000166885
0.00016695
0.000166995
0.00016715
0.00016712
0.000167215
0.000167275
0.000167285
0.000167295
0.000167275
0.000167325
0.000167295
0.000167285
0.000167285
0.000167275
0.000167275
0.000167335
0.000167275
0.000167275
0.000167425
0.000167355
0.000167455
0.000167275
0.0001674
0.00016739
0.00016751
0.0001674
0.00016739
0.0001674
0.00016743
0.000167405
0.000167395
0.000167405
0.000167405
0.000167455
0.000167425
0.000167415
0.000167405
0.000167465
0.000167585
0.000167405
0.000167405
0.00016742
0.00016742
0.00016741
0.00016742
0.00016742
0.00016741
0.00016742
0.00016741
0.000167995
0.000167995
0.000167995
0.000167995
0.000167995
0.000167995
0.000167995
0.000167995
0.000167995
0.000167995
0.000167995
0.000167995
0.000167995
0.000167995
0.000167995
0.000167995
0.000167995
0.000167995
0.000167995
0.000167995
0.000167995
0.000167995
0.000167995
0.000168005
0.000167995
0.000167995
0.000167995
0.000167995
0.000167995
0.000167995
0.000167995
0.000167995
0.000167995
0.000167995
0.000167995
0.000167995
0.000167995
0.000167995
0.000167995
0.000167995
0.000167995
0.000167995
0.000167995
0.000167995
0.000167995
0.000167995
0.000167995
0.000167995
0.000167485
0.000167485
0.00016819
0.00016819
0.00016819
0.00016819
0.00016819
0.00016819
0.00016839
0.00016839
0.00016839
0.00016839
0.00016839
0.00016839
0.00016838
0.000168375
0.000168375
0.000168395
0.000168395
0.000168395
0.000168395
0.0001684
0.000168395
0.000168395
0.00016839
0.000168385
0.000168385
0.000168385
0.000168385
0.000168395
0.000168395
0.000168395
0.000168395
0.000168395
0.000168395
0.000168395
0.000168395
0.00016839
0.00016839
0.00016839
0.00016839
0.00016839
0.00016839
0.000168395
0.00016839
0.000168395
0.000168395
0.000168395
0.000168395
0.00016839
0.00016839
0.00016839
0.00016839
0.00016839
0.000168405
0.000168405
0.000168405
0.000168405
0.000168405
0.000168405
0.000168405
0.000168405
0.000168405
0.000168405
0.000168405
0.000168405
0.000168405
0.000168405
0.000168405
0.0001688
0.0001688
0.0001688
0.000169335
0.000169335
0.00016894
0.00016894
0.00016894
0.000168935
0.000168935
0.000168935
0.000168935
0.000168935
0.000168935
0.000168935
0.000168935
0.000168935
0.000168935
0.000168935
0.000168935
0.000168935
0.000168935
0.00016893
0.000169
0.000168885
0.000168885
0.000168885
0.000168885
0.000168885
0.000168885
0.000168885
0.000168885
0.000168885
0.000168885
0.000168885
0.000168885
0.000168885
0.000168885
0.000167075
0.000167065
0.000167065
0.000168835
0.000168885
0.000168885
0.000166705
0.00016677
0.00016677
0.00016677
0.00016677
0.00016824
0.000168225
0.000168315
0.000168385
0.000168265
0.000168225
0.000168215
0.00016819
0.00016843
0.000168555
0.00016864
0.00016863
0.00016866
0.00016866
0.00016866
0.00016866
0.00016866
0.00016866
0.00016866
0.000168655
0.00016865
0.000168645
0.00016864
0.00016864
0.00016864
0.000168655
0.00016865
0.00016865
0.00016865
0.000168755
0.0001688
0.0001688
0.0001688
0.0001688
0.000168795
0.000168795
0.000168795
0.000168795
0.00016881
0.000168225
0.0001683
0.000168405
0.000168545
0.000168635
0.00016874
0.000168855
0.000168935
0.000169005
0.000169005
0.000169005
0.000169005
0.000169005
0.00016901
0.000169005
0.000169005
0.00016929
0.00016929
0.00016929
0.00016929
0.00016929
0.00016929
0.00016929
0.000169285
0.000169285
0.000169285
0.000169285
0.0001682
0.000168225
0.00016834
0.000168455
0.00016855
0.00016855
0.00016865
0.00016864
0.00016864
0.00016864
0.00016864
0.00016864
0.000168635
0.000168635
0.00016863
0.000168605
0.000168605
0.0001686
0.0001686
0.000168185
0.00016829
0.000168285
0.00016831
0.00016843
0.00016852
0.00016853
0.000168525
0.000168525
0.000168525
0.000168525
0.000168685
0.00016879
0.0001689
0.000168905
0.000168905
0.000168905
0.000168905
0.000168905
0.000168905
0.000168905
0.000168905
0.000168905
0.000168905
0.000168905
0.0001689
0.00016881
0.00016881
0.00016881
0.00016881
0.00016881
0.00016881
0.00016881
0.00016881
0.00016881
0.00016881
0.00016881
0.00016881
0.00016881
0.00016881
0.00016881
0.00016881
0.00016881
0.00016881
0.00016881
0.00016881
0.00016881
0.00016881
0.00016881
0.00016881
0.00016881
0.00016881
0.00016881
0.00016881
0.00016881
0.000168815
0.000168815
0.000168815
0.000168815
0.000168815
0.000168815
0.000168815
0.000168815
0.00016881
0.00016881
0.00016881
0.00016881
0.000168805
0.00016716
0.000167155
0.000167155
0.000167155
0.000167155
0.000167155
0.000167155
0.000167155
0.000167165
0.000167165
0.000167155
0.000167165
0.000167165
0.000167205
0.000167155
0.000167165
0.000167165
0.000167145
0.00016738
0.000167255
0.00016737
0.000167145
0.000167155
0.000167145
0.000167155
0.00016715
0.000167165
0.00016713
0.00016714
0.000167285
0.0001674
0.00016717
0.00016716
0.000167145
0.00016715
0.000167145
0.000167165
0.00016717
0.000167155
0.00016735
0.000167145
0.00016715
0.000167175
0.00016713
0.00016713
0.000167125
0.00016712
0.000167115
0.00016717
0.000167165
0.00016731
0.000167425
0.00016755
0.000167255
0.000167175
0.000167285
0.000167175
0.000167245
0.000167245
0.000167255
0.00016727
0.00016729
0.00016739
0.00016743
0.00016748
0.000167475
0.000168315
0.00016844
0.000168515
0.00016869
0.00016872
0.00016873
0.00016873
0.00016838
0.000168475
0.000168595
0.00016871
0.000168715
0.000168715
0.000168715
0.000168715
0.000168715
0.000168715
0.000168715
0.000168715
0.000168715
0.00016872
0.00016872
0.000168725
0.00016874
0.00016874
0.00016874
0.000168755
0.000168755
0.000168755
0.000168755
0.00016876
0.00016876
0.00016876
0.000168405
0.00016842
0.00016842
0.00016847
0.00016842
0.00016842
0.00016841
0.00016842
0.00016842
0.00016843
0.000168415
0.000168415
0.000168415
0.000168415
0.0001684
0.0001684
0.0001684
0.00016846
0.00016856
0.00016859
0.000168605
0.00016861
0.000168345
0.000168325
0.000168325
0.000168355
0.000168345
0.000168355
0.000168345
0.000168355
0.000168345
0.000168355
0.00016836
0.00016834
0.00016836
0.00016836
0.00016835
0.00016836
0.000168435
0.00016855
0.000168685
0.000168705
0.000168705
0.000168715
0.000168705
0.000168705
0.000168705
0.000168715
0.000168705
0.000168715
0.000168705
0.000168715
0.000168705
0.000168715
0.000168705
0.00016871
0.00016872
0.00016871
0.00016872
0.00016872
0.00016835
0.000168465
0.000168585
0.00016868
0.000168705
0.000168715
0.000168375
0.00016843
0.000168525
0.00016856
0.000168565
0.000168555
0.00016857
0.00016856
0.000168575
0.000168375
0.000168505
0.000168625
0.000168695
0.000168375
0.00016851
0.00016851
0.00016851
0.000168505
0.000168705
0.000168715
0.000168715
0.000168705
0.000168695
0.000168715
0.000168705
0.000168705
0.000168705
0.000168715
0.000168715
0.000168715
0.00016868
0.0001687
0.00016871
0.0001687
0.0001687
0.000168335
0.00016833
0.000168335
0.000168335
0.000168335
0.000168335
0.000168335
0.000168335
0.000168335
0.000168335
0.000168335
0.000168335
0.000168335
0.000168335
0.000168335
0.000168335
0.000168335
0.00016799
0.00016799
0.00016774
0.00016743
0.000166725
0.00016673
0.00016673
0.00016673
0.00016673
0.000166725
0.000166725
0.00016673
0.000166705
0.00016671
0.00016622
0.000166015
0.00016601
0.00016601
0.000166025
0.000166045
0.00016605
0.00016605
0.000166055
0.000166055
0.00016606
0.00016606
0.000166065
0.000166065
0.00016607
0.00016607
0.000166075
0.000166075
0.00016608
0.00016608
0.000166085
0.000166085
0.00016609
0.00016609
0.000166095
0.000166095
0.0001661
0.0001661
0.000166105
0.000166105
0.00016611
0.00016611
0.000166055
0.000166055
0.00016606
0.00016606
0.000166055
0.000165995
0.000164735
0.000164735
0.000164505
0.000164505
0.000164505
0.000164505
0.000164505
0.000164505
0.000164005
0.00016401
0.00016401
0.000164015
0.000164015
0.00016402
0.00016402
0.000164025
0.000164005
0.00016403
0.000164035
0.000164275
0.00016428
0.00016428
0.000164285
0.000164285
0.00016429
0.00016429
0.000164295
0.000164525
0.00016603
0.00016598
0.00016606
0.00016606
0.00016606
0.00016606
0.00016606
0.00016598
0.00016598
0.00016598
0.00016598
0.00016598
0.00016598
0.00016598
0.00016598
0.00016598
0.000166025
0.00016598
0.000165985
0.000165985
0.000166155
0.000166235
0.00016614
0.000166135
0.000166135
0.00016613
0.00016612
0.000166115
0.000166115
0.000166115
0.00016618
0.00016618
0.00016618
0.00016598
0.000166165
0.000166165
0.00016618
0.00016615
0.00016618
0.00016623
0.0001663
0.00016634
0.00016636
0.00016638
0.00016639
0.000166425
0.000166465
0.000166465
0.000166465
0.000166465
0.000166465
0.000166465
0.000166465
0.000166465
0.000166465
0.000166465
0.000166465
0.000166465
0.000166465
0.000166465
0.000166465
0.000166465
0.000166465
0.000166465
0.000166465
0.000166465
0.00016647
0.00016647
0.00016647
0.00016647
0.00016647
0.00016647
0.00016647
0.00016648
0.00016649
0.0001665
0.0001665
0.0001665
0.0001665
0.0001665
0.0001665
0.0001665
0.0001665
0.0001665
0.0001665
0.00016795
0.000167935
0.000167935
0.000167935
0.000167935
0.000167935
0.000167935
0.000167935
0.000167935
0.000167935
0.000167935
0.000167935
0.000167935
0.000167935
0.00016791
0.000166655
0.000166655
0.00016666
0.00016666
0.00016664
0.00016651
0.00016651
0.00016651
0.00016602
0.000165995
0.00016598
0.00016598
0.00016598
0.00016598
0.00016601
0.00016598
0.00016625
0.000166025
0.000166075
0.000166175
0.000166055
0.000166375
0.000166105
0.00016608
0.00016698
0.00016652
0.000166575
0.00016662
0.00016662
0.00016662
0.000166625
0.000166625
0.000166625
0.00016663
0.00016663
0.000166635
0.00016641
0.000165385
0.000165385
0.000165385
0.000165385
0.000165385
0.000165385
0.000165385
0.00016529
0.000165295
0.0001653
0.00016531
0.00016531
0.00016531
0.00016531
0.00016601
0.00016603
0.000166015
0.000166055
0.000166065
0.000166065
0.00016607
0.00016607
0.00016607
0.000164985
0.000164985
0.000164985
0.000164985
0.000164985
0.000164985
0.000164985
0.000164985
0.000164985
0.000164985
0.000164985
0.000164985
0.000164985
0.000164985
0.000164985
0.000164985
0.000164985
0.000164985
0.000164985
0.000164985
0.000164985
0.000164985
0.000164985
0.000164985
0.000164985
0.000164985
0.000164985
0.000164985
0.000164985
0.000164985
0.000164985
0.000164985
0.000164985
0.000164985
0.000164985
0.000164985
0.000164985
0.000164985
0.000164985
0.000164985
0.000164985
0.000164985
0.000164985
0.000164985
0.000164985
0.000164985
0.000164985
0.000164985
0.00016462
0.000164615
0.00016462
0.00016462
0.00016462
0.000164625
0.000164625
0.00016461
0.00016461
0.000164605
0.000164605
0.000164605
0.000164595
0.000164625
0.000164625
0.000164625
0.000164625
0.000164625
0.000164625
0.000164625
0.000164625
0.000164625
0.000164625
0.000164625
0.000164625
0.000164625
0.000164625
0.000164625
0.000164625
0.000164625
0.000164625
0.000164625
0.000164625
0.000164625
0.000164625
0.000164625
0.000164625
0.000164625
0.000164625
0.000164625
0.000164625
0.000164625
0.000164625
0.000164625
0.000164625
0.000164265
0.000164275
0.000164275
0.000164275
0.000164285
0.000164295
0.000164295
0.000164295
0.000164295
0.000164305
0.000164305
0.000164305
0.000164305
0.000164305
0.000164305
0.000164305
0.00016431
0.00016432
0.00016432
0.00016432
0.00016432
0.00016432
0.00016432
0.00016432
0.00016432
0.00016432
0.00016432
0.000164325
0.00016433
0.000164255
0.00016426
0.000164265
0.000164265
0.000164265
0.000164265
0.000164265
0.000164265
0.000164265
0.000164265
0.000164265
0.000164265
0.000164265
0.000164265
0.000164255
0.000164255
0.000164255
0.000164255
0.000164255
0.000164255
0.000164255
0.000164255
0.000164255
0.000166065
0.000166995
0.000166995
0.000166995
0.000166995
0.000166995
0.000166995
0.000166995
0.000166995
0.00016768
0.00016768
0.000167675
0.000167675
0.00016767
0.00016767
0.00016767
0.00016766
0.000166735
0.000166805
0.00016696
0.00016704
0.000167145
0.000167235
0.000167235
0.000167235
0.000167235
0.000167235
0.000167235
0.00016722
0.00016722
0.00016722
0.00016722
0.00016722
0.00016722
0.00016722
0.00016722
0.00016722
0.00016723
0.00016723
0.00016723
0.00016723
0.00016723
0.00016723
0.000167235
0.000167255
0.000167305
0.000167305
0.000167305
0.000167305
0.000168255
0.000168255
0.000168255
0.000168255
0.000168255
0.000168255
0.000167305
0.000167305
0.000167305
0.000167305
0.000167305
0.00016732
0.00016733
0.000167245
0.00016733
0.000167335
0.00016744
0.00016744
0.00016744
0.00016744
0.00016744
0.000167445
0.00016744
0.00016744
0.00016744
0.00016744
0.00016814
0.000168145
0.000168155
0.000168155
0.00016815
0.00016815
0.00016815
0.00016816
0.00016816
0.00016816
0.00016816
0.00016816
0.00016815
0.000168195
0.000168195
0.00016819
0.000168105
0.00016724
0.00016724
0.00016724
0.00016724
0.00016724
0.00016724
0.00016724
0.00016724
0.00016723
0.00016723
0.00016723
0.00016875
0.00016875
0.00016875
0.00016875
0.00016875
0.00016875
0.00016875
0.00016875
0.000168875
0.000168875
0.000168875
0.000168875
0.000168875
0.000168875
0.00016887
0.000168865
0.000168865
0.000168885
0.000168875
0.000168885
0.000168925
0.000168955
0.00016896
0.00016896
0.00016896
0.000168885
0.000168965
0.000168965
0.000168965
0.000168965
0.000168965
0.000168965
0.000168965
0.000168965
0.000168965
0.000168965
0.000168965
0.00016916
0.00016916
0.00016916
0.00016916
0.00016916
0.00016916
0.00016916
0.00016916
0.00016916
0.00016916
0.00016916
0.00016916
0.00016916
0.000169155
0.000169155
0.000168935
0.00016898
0.00016898
0.00016898
0.00016898
0.00016898
0.00016899
0.000168995
0.000169
0.000169025
0.00016899
0.00016905
0.00016898
0.00016898
0.000168985
0.00016898
0.000169045
0.000169055
0.00016898
0.000168975
0.000168965
0.000168965
0.000168965
0.000168975
0.000168975
0.00016898
0.00016898
0.00016898
0.000168975
0.000168975
0.000168975
0.000168975
0.000168965
0.000168965
0.000168965
0.00016896
0.00016896
0.00016896
0.00016896
0.000168955
0.000168955
0.000168955
0.000168945
0.000168865
0.000168765
0.000168705
0.000168705
0.000168695
0.000168685
0.000168685
0.000168685
0.000168685
0.000168955
0.000168935
0.000168855
0.000168845
0.000168845
0.000168845
0.000168845
0.000168845
0.00016884
0.00016884
0.00016884
0.00016883
0.000168845
0.000168845
0.000168835
0.000168835
0.00016884
0.000168825
0.000168825
0.00016882
0.00016882
0.00016882
0.00016882
0.00016898
0.000168965
0.000168965
0.000168965
0.00016898
0.00016898
0.00016898
0.000168975
0.00016898
0.000168985
0.000168985
0.000168985
0.000168985
0.000168985
0.000168985
0.000168985
0.000168985
0.000168985
0.000168985
0.000168985
0.000168985
0.000168985
0.000168985
0.000168985
0.000168985
0.000168985
0.000168985
0.000168985
0.000168985
0.000168985
0.000169
0.000171085
0.000171085
0.000171085
0.000171085
0.000172275
0.00017244
0.00017244
0.00017244
0.00017244
0.00017245
0.00017138
0.00017138
0.00017138
0.00017147
0.000171585
0.000171685
0.000171765
0.000171765
0.000171765
0.000171765
0.00017178
0.000171795
0.000171735
0.00017174
0.000171765
0.00017177
0.000171775
0.00017179
0.00017179
0.000171795
0.0001718
0.000171805
0.000171805
0.000171805
0.000171805
0.000171805
0.00017134
0.000171455
0.000171575
0.00017164
0.000171315
0.000171315
0.000171315
0.000171315
0.000171315
0.000171315
0.000171315
0.00017138
0.00017149
0.000171585
0.000171315
0.00017129
0.00017118
0.00017109
0.000170985
0.00017088
0.00017079
0.000170755
0.000170755
0.000170755
0.000170745
0.000170745
0.00017074
0.00017074
0.00017074
0.00017074
0.00017074
0.00017074
0.00017074
0.00017074
0.00017074
0.00017074
0.00017074
0.00017074
0.00017074
0.00017074
0.00017074
0.000170735
0.000170735
0.000170735
0.000170735
0.000170735
0.000170735
0.00017067
0.00017066
0.000169735
0.000169735
0.000169735
0.000169735
0.000169735
0.000169735
0.000169735
0.000169735
0.000169735
0.000169735
0.000169735
0.000169735
0.000169735
0.000169735
0.000169735
0.000169735
0.000169735
0.000169735
0.000169735
0.0001687
0.000168705
0.000168705
0.000168705
0.00016871
0.000168715
0.000168715
0.00016872
0.00016872
0.000168725
0.000168725
0.00016873
0.00016873
0.00016799
0.00016799
0.000167985
0.000167985
0.00016798
0.00016798
0.000167975
0.000167975
0.00016797
0.00016797
0.000167965
0.000167965
0.00016865
0.00016865
0.00016865
0.00016865
0.00016865
0.00016865
0.00016865
0.00016865
0.00016865
0.000168645
0.000168645
0.000168645
0.000168645
0.00016864
0.00016864
0.00016864
0.00016864
0.00016864
0.00016864
0.00016864
0.00016864
0.00016864
0.00016863
0.00016863
0.00016863
0.000167845
0.00016784
0.00016784
0.000167845
0.000167845
0.0001677
0.0001677
0.0001677
0.0001677
0.0001677
0.0001677
0.0001677
0.0001677
0.0001677
0.0001677
0.0001677
0.0001677
0.000167715
0.000167715
0.000167715
0.000167715
0.000167715
0.000167715
0.00016825
0.000168195
0.00016842
0.0001684
0.000168145
0.000168135
0.00016811
0.00016809
0.000168085
0.00016808
0.000168075
0.000168075
0.00016807
0.000168075
0.00016806
0.00016856
0.00016855
0.000168545
0.00016854
0.000168535
0.000168535
0.00016853
0.000168525
0.000168525
0.00016852
0.00016851
0.00016851
0.00016851
0.000168505
0.00016897
0.00016897
0.000168945
0.000167065
0.00016806
0.00016806
0.00016805
0.00016805
0.00016807
0.00016807
0.00016807
0.000168115
0.00016822
0.00016829
0.00016837
0.00016837
0.00016837
0.000168715
0.00016772
0.000167785
0.000167855
0.000167855
0.000167855
0.000167935
0.00016865
0.00016876
0.00016886
0.000169005
0.000169005
0.00016915
0.00016915
0.00016915
0.00016915
0.00016915
0.00016915
0.00016915
0.00016915
0.00017113
0.000171025
0.00017092
0.00017082
0.00017072
0.000170625
0.000170525
0.000170455
0.00017041
0.00017041
0.00017041
0.00017041
0.00017025
0.00017025
0.00017025
0.00017025
0.000170245
0.000170245
0.000170245
0.000170255
0.000170255
0.000170255
0.000170255
0.000170255
0.000170255
0.000170255
0.000170255
0.000170255
0.000170255
0.000170255
0.0001707
0.000170645
0.000170645
0.000170645
0.000170645
0.000170645
0.000170645
0.00017064
0.00017064
0.00017064
0.00017064
0.00017064
0.00017064
0.00017064
0.00017064
0.00017064
0.00017064
0.00017064
0.00017064
0.00017064
0.00017064
0.000170985
0.000170985
0.000170985
0.000171
0.00017103
0.00017103
0.00017103
0.00017103
0.00017103
0.000171025
0.000171025
0.000171025
0.000171025
0.000171025
0.000171025
0.00017102
0.00017102
0.00017102
0.00017102
0.000170975
0.000170975
0.000170975
0.000170975
0.000170975
0.000170975
0.000170975
0.000170975
0.000170975
0.000170975
0.000170975
0.000170975
0.00017097
0.00017097
0.00017097
0.00017097
0.00017097
0.00017097
0.00017097
0.00017097
0.000170965
0.000170965
0.000170945
0.000170945
0.000170945
0.000171115
0.00017122
0.000171145
0.000171145
0.000171145
0.000171145
0.000171145
0.00017114
0.000171135
0.000171135
0.000171135
0.000171135
0.000171135
0.000171135
0.00017113
0.00017115
0.00017115
0.000170755
0.000170755
0.00017103
0.00017073
0.00017007
0.00017007
0.00017007
0.00017007
0.00017007
0.00017007
0.000170475
0.00017057
0.00017069
0.000170755
0.000170755
0.000170755
0.000170755
0.000170755
0.000170755
0.000170755
0.000170755
0.000170635
0.000170645
0.00017073
0.00017075
0.00017077
0.0001708
0.000169685
0.00016935
0.00016935
0.00016935
0.00016935
0.00016935
0.00016935
0.000171055
0.00017095
0.00017093
0.00017093
0.00017111
0.000171005
0.00017095
0.00017094
0.00017093
0.000171095
0.000171025
0.00017093
0.00017093
0.000170925
0.000171075
0.00017098
0.000171135
0.00017101
0.00017093
0.000170915
0.00017087
0.000170865
0.000170865
0.000170865
0.000170865
0.000170865
0.000170865
0.000170865
0.000170865
0.000170865
0.000170855
0.000171015
0.000171005
0.000171005
0.000170985
0.000170905
0.00017086
0.00017086
0.00017086
0.000170865
0.000171125
0.000171095
0.00017103
0.00017096
0.000170895
0.00017089
0.00017089
0.000171175
0.00017123
0.00017128
0.000171355
0.00017149
0.00017162
0.00017164
0.00017164
0.00017165
0.00017166
0.00017166
0.00017166
0.00017166
0.00017166
0.00017193
0.00017199
0.00017202
0.00017202
0.00017202
0.00017206
0.000172095
0.000172115
0.000172115
0.000172095
0.000172095
0.000172095
0.000172095
0.000172105
0.000172105
0.000172145
0.000172145
0.000172155
0.00017216
0.00017216
0.00017216
0.00017216
0.00017216
0.00017216
0.00017216
0.00017216
0.00017216
0.00017216
0.00017216
0.00017216
0.00017216
0.00017216
0.00017218
0.000172185
0.000172195
0.00017258
0.00017258
0.00017258
0.00017258
0.00017258
0.00017258
0.00017258
0.00017258
0.00017253
0.000172435
0.000172425
0.000172425
0.000172425
0.000170485
0.000170945
0.000171035
0.000171165
0.000171195
0.00017135
0.00017135
0.000171315
0.00017124
0.000171225
0.000171195
0.00017119
0.00017119
0.00017124
0.00017119
0.000171125
0.000171135
0.00017134
0.00017124
0.000171155
0.000171155
0.000171495
0.000171385
0.00017126
0.000171225
0.000171225
0.00017145
0.00017143
0.000171345
0.000171305
0.00017128
0.00017128
0.00017128
0.00017128
0.00017128
0.00017128
0.00017128
0.00017128
0.00017128
0.00017102
0.00017102
0.00017102
0.000171025
0.00017103
0.00017103
0.000171035
0.000171035
0.000171035
0.000171035
0.00017104
0.00017104
0.00017101
0.00017101
0.00017101
0.00017101
0.00017101
0.00017101
0.00017101
0.00017101
0.00017101
0.00017101
0.000171
0.000170935
0.000170935
0.000170935
0.000170935
0.000170935
0.000170935
0.000170935
0.000170935
0.00017094
0.00017094
0.00017094
0.00017094
0.00017094
0.00017094
0.00017094
0.00017101
0.00017101
0.00017101
0.00017101
0.00017101
0.00017101
0.00017101
0.00017101
0.00017101
0.00017101
0.00017101
0.00017101
0.00017101
0.000170705
0.000170705
0.000170705
0.000170705
0.000170705
0.000170705
0.000170705
0.000170705
0.000170705
0.000170705
0.000170705
0.000170865
0.000170865
0.000170865
0.000170865
0.000170865
0.000170865
0.000170865
0.000170865
0.000170865
0.000170865
0.000170865
0.000170865
0.000170865
0.000170865
0.000170865
0.000170865
0.000170865
0.000170865
0.000170865
0.000170865
0.000170865
0.000170865
0.000170865
0.000170865
0.000171565
0.000171565
0.000171565
0.000171565
0.000171565
0.000171565
0.000171565
0.000171565
0.000171565
0.000171565
0.000171565
0.000171565
0.000171565
0.000171565
0.000171565
0.000171565
0.000171565
0.000171565
0.000171565
0.000171565
0.000171565
0.000171565
0.000171565
0.000171565
0.000171565
0.000171565
0.000171565
0.000171565
0.000171565
0.00017139
0.00017139
0.00017133
0.000171225
0.00017115
0.00017115
0.00017115
0.00017139
0.00017134
0.0001713
0.000171295
0.00017137
0.000171365
0.000171365
0.000171365
0.000171365
0.000171405
0.000171375
0.000171285
0.000171285
0.00017128
0.00017128
0.00017128
0.00017132
0.000171285
0.000171285
0.000171285
0.00017128
0.00017128
0.00017127
0.00017119
0.00017119
0.000171305
0.000171305
0.000171305
0.00017117
0.00017106
0.00017101
0.00017101
0.000171005
0.000171005
0.000171235
0.000171125
0.00017109
0.00017108
0.000171085
0.00017108
0.00017108
0.00017108
0.000171075
0.000171075
0.0001711
0.000171095
0.000171335
0.00017141
0.00017155
0.00017166
0.000171715
0.00017172
0.00017172
0.00017172
0.000172755
0.00017276
0.00017276
0.00017196
0.00017199
0.000172065
0.000172065
0.000172065
0.00017197
0.00017149
0.00017136
0.000171265
0.00017125
0.00017125
0.00017138
0.00017144
0.000170075
0.000170075
0.00017144
0.0001715
0.00017143
0.00017135
0.000171245
0.00017151
0.00017164
0.00017176
0.00017174
0.00017171
0.00017171
0.000171705
0.000171735
0.000171695
0.000171695
0.00017169
0.00017168
0.000171705
0.000171705
0.0001717
0.00017147
0.00017157
0.000171625
0.00017151
0.000171385
0.00017135
0.000171245
0.000171195
0.000171195
0.000171125
0.000171035
0.000171385
0.0001716
0.0001715
0.000171415
0.00017132
0.000171665
0.000171705
0.00017164
0.000171535
0.00017143
0.000171665
0.0001717
0.000171495
0.00017142
0.00017246
0.00017246
0.00017246
0.00017246
0.00017246
0.00017246
0.00017246
0.00017246
0.00017246
0.00017246
0.00017246
0.00017246
0.000172455
0.000172455
0.000172455
0.000172455
0.000172455
0.000172455
0.000172455
0.000172455
0.000172455
0.00017237
0.00017237
0.00017237
0.00017237
0.00017237
0.00017237
0.00017237
0.00017292
0.00017292
0.00017292
0.00017292
0.00017327
0.00017327
0.00017327
0.00017327
0.00017327
0.000173195
0.000173195
0.000173195
0.000173195
0.000173195
0.000173195
0.000173195
0.000173195
0.000173195
0.000173195
0.000173195
0.000173195
0.000173195
0.000173195
0.000173195
0.000173195
0.000173195
0.000173195
0.000173195
0.000173195
0.000173195
0.000173195
0.000173195
0.000173195
0.000173195
0.000173195
0.00017315
0.000173535
0.000173325
0.000173325
0.000173325
0.000173325
0.000173325
0.000173325
0.000173325
0.000173325
0.000173325
0.000173325
0.000173325
0.000173325
0.000173325
0.000173325
0.000173325
0.000173325
0.000173325
0.000173325
0.000173325
0.000173325
0.000173325
0.000173325
0.000173325
0.000173325
0.000173325
0.000173325
0.000173325
0.000173325
0.000173325
0.000173325
0.000173325
0.000172875
0.000172875
0.00017285
0.00017285
0.00017285
0.00017285
0.00017285
0.00017285
0.00017285
0.00017285
0.00017285
0.00017285
0.00017285
0.00017285
0.00017285
0.00017285
0.00017285
0.00017285
0.00017285
0.00017254
0.000172525
0.00017253
0.00017303
0.00017303
0.00017303
0.00017303
0.00017303
0.00017303
0.00017303
0.000173325
0.000173325
0.000173325
0.000173325
0.000173325
0.000174465
0.000174865
0.000174865
0.00017496
0.00017496
0.00017496
0.00017496
0.00017678
0.000176785
0.000176785
0.000176785
0.000176785
0.00017665
0.00017665
0.00017665
0.00017665
0.00017665
0.00017665
0.00017665
0.00017665
0.00017665
0.00017665
0.00017665
0.00017665
0.00017665
0.00017665
0.00017665
0.00017665
0.00017665
0.00017665
0.00017665
0.00017665
0.00017665
0.00017665
0.00017665
0.00017665
0.00017665
0.00017665
0.00017665
0.00017665
0.00017665
0.00017665
0.00017665
0.00017606
0.00017617
0.000177345
0.000177345
0.000177345
0.000177475
0.000176355
0.00017637
0.00017638
0.00017638
0.00017646
0.000176465
0.000176465
0.00017655
0.00017658
0.00017662
0.000177945
0.00017795
0.00017795
0.000177945
0.00017795
0.000177935
0.00017955
0.00017955
0.00017955
0.0001798
0.0001798
0.0001798
0.000177855
0.000178015
0.00017814
0.00017828
0.00017871
0.000178765
0.00017879
0.00017879
0.00017881
0.00017885
0.00017888
0.000179
0.000178995
0.000179005
0.000179
0.000179
0.000179005
0.000179005
0.00017901
0.000179005
0.00017901
0.000179005
0.00017901
0.00017899
0.000178915
0.000178915
0.000178915
0.00017886
0.00017879
0.000178695
0.00017762
0.000178295
0.000178175
0.000176845
0.00017673
0.00017671
0.000176645
0.00017667
0.00017667
0.00017667
0.00017667
0.00017667
0.000177185
0.000177185
0.000177185
0.00017719
0.00017719
0.00017719
0.00017719
0.00017719
0.00017719
0.00017719
0.00017719
0.00017719
0.00017719
0.00017719
0.00017719
0.00017719
0.00017719
0.000177185
0.000177185
0.000177185
0.000177185
0.000177185
0.000177185
0.000177185
0.000177185
0.000177185
0.000177185
0.000177185
0.000177185
0.000177185
0.00017717
0.00017717
0.000177165
0.000177165
0.000177165
0.00017716
0.00017716
0.00017716
0.00017716
0.00017716
0.00017716
0.00017716
0.00017714
0.0001771
0.000177095
0.000177095
0.00017709
0.00017709
0.000177065
0.000177065
0.000177065
0.00017707
0.00017707
0.000177075
0.000177075
0.000177075
0.000177075
0.000177345
0.00017883
0.000178835
0.00017883
0.000178885
0.00017901
0.0001789
0.000179475
0.000180255
0.00018031
0.00018033
0.0001805
0.0001805
0.0001805
0.0001805
0.00017952
0.00017912
0.00017912
0.000179125
0.000179135
0.00017925
0.00017925
0.00017925
0.00017925
0.00017925
0.00017925
0.000179255
0.000179255
0.000179255
0.000179255
0.000179255
0.00017936
0.000179355
0.000179355
0.000179355
0.00017948
0.00017966
0.00017933
0.000179225
0.000178025
0.00017792
0.0001778
0.000177705
0.0001782
0.000178115
0.00017808
0.00017791
0.00017787
0.000177735
0.00017818
0.000178125
0.000178115
0.0001781
0.00017805
0.00017809
0.000178505
0.000178575
0.00017876
0.00017836
0.000178535
0.000178685
0.000178805
0.000178925
0.000179015
0.00017901
0.00017901
0.00017843
0.000178575
0.000178685
0.00017881
0.000178885
0.000178945
0.000179
0.000179
0.000179
0.000179
0.000179
0.000178995
0.000178505
0.000178505
0.000178505
0.000178505
0.000178505
0.000178505
0.000178505
0.000178495
0.000178495
0.0001785
0.0001785
0.0001785
0.0001785
0.0001785
0.0001785
0.0001785
0.0001785
0.0001785
0.0001785
0.0001786
0.0001786
0.0001786
0.0001786
0.000175855
0.000175855
0.000175855
0.000175855
0.00017586
0.00017586
0.00017586
0.00017586
0.00017586
0.00017586
0.000175905
0.000175905
0.000175905
0.00017591
0.00017591
0.00017591
0.00017591
0.00017591
0.00017591
0.00017591
0.00017591
0.000175915
0.000175915
0.000175915
0.000175915
0.000175915
0.000175915
0.000175915
0.000175915
0.00017592
0.000175925
0.000175925
0.000175925
0.00017594
0.000177005
0.00017726
0.000177345
0.000177465
0.000177625
0.000177755
0.00017787
0.000178
0.000177665
0.000177805
0.000177535
0.00017762
0.00017761
0.00017763
0.00017763
0.000177675
0.00017773
0.000177725
0.000177715
0.000177715
0.000177715
0.000177775
0.000177805
0.000177815
0.000177815
0.000177815
0.00017787
0.000177885
0.000177885
0.000177885
0.00017757
0.00017749
0.00017739
0.00017736
0.000177445
0.00017736
0.00017736
0.00017735
0.000177345
0.000177345
0.000177345
0.000177345
0.000177345
0.000177345
0.000177345
0.00017735
0.00017735
0.00017735
0.00017735
0.00017735
0.00017735
0.00017735
0.000177345
0.00017735
0.00017734
0.00017734
0.00017734
0.000177345
0.0001774
0.000177345
0.00017737
0.000177365
0.00017736
0.00017736
0.00017736
0.00017736
0.00017736
0.000177355
0.0001762
0.0001762
0.0001762
0.0001762
0.0001762
0.0001762
0.0001762
0.0001762
0.0001762
0.0001762
0.000176195
0.000176195
0.000176195
0.000176195
0.000176195
0.000176195
0.0001762
0.0001762
0.000176195
0.00017619
0.00017585
0.000175655
0.000176065
0.000176065
0.000176065
0.000176065
0.000176065
0.00017606
0.00017606
0.000175485
0.00017548
0.000175455
0.000175155
0.000175155
0.000175155
0.0001751
0.0001751
0.000173995
0.000174005
0.000174005
0.000174015
0.00017402
0.000174025
0.000174035
0.00017404
0.00017405
0.000174055
0.00017406
0.000174075
0.00017408
0.000174835
0.000174835
0.00017484
0.000174845
0.00017485
0.000174855
0.00017456
0.000174565
0.00017444
0.000174445
0.00017445
0.00017418
0.000174185
0.00017419
0.000174865
0.00017491
0.000174915
0.00017492
0.000174925
0.00017494
0.00017566
0.00017653
0.00017663
0.00017675
0.00017688
0.00017694
0.00017706
0.00017717
0.0001773
0.00017655
0.000176555
0.00017656
0.00017656
0.000176995
0.00017779
0.00017779
0.00017779
0.000177795
0.000177805
0.000177805
0.000177805
0.000177805
0.000177805
0.000178755
0.000178755
0.000178755
0.00017878
0.00017878
0.00017878
0.00017878
0.00017878
0.00017878
0.00017878
0.00017878
0.000178785
0.000178785
0.000178785
0.000178785
0.000178785
0.000178785
0.00017879
0.00017879
0.00017879
0.00017879
0.00017879
0.00017879
0.000179285
0.000179285
0.000179285
0.000179285
0.000179285
0.000179285
0.000179285
0.000179285
0.000179285
0.000179285
0.000179285
0.000179285
0.000179285
0.000179285
0.000179285
0.000179285
0.000179285
0.000179285
0.000179285
0.000179285
0.000179285
0.000179285
0.000179285
0.000179285
0.000179285
0.000179285
0.000179285
0.000178325
0.00017832
0.00017831
0.000178225
0.000178085
0.00017803
0.000177535
0.000177535
0.00017743
0.00017743
0.000177425
0.000177425
0.00017579
0.00017589
0.00017601
0.00017602
0.00017602
0.00017602
0.00017602
0.00017584
0.000175945
0.00017606
0.000178285
0.000178285
0.00017829
0.00017829
0.00017829
0.00017838
0.00017838
0.00017838
0.00017838
0.00017838
0.00017838
0.00017838
0.00017838
0.00017838
0.000178405
0.000178545
0.000178545
0.00017867
0.00017867
0.00017867
0.00017867
0.00017867
0.00017867
0.00017867
0.00017867
0.00017867
0.00017867
0.00017867
0.00017838
0.00017838
0.00017838
0.00017837
0.00017837
0.00017837
0.0001784
0.000178395
0.000178395
0.00017839
0.000178465
0.000178565
0.00017838
0.00017846
0.000178565
0.00017858
0.00017858
0.00017858
0.00017858
0.00017859
0.000178635
0.000178655
0.00017865
0.00017865
0.00017867
0.000178675
0.000178675
0.000178675
0.000178675
0.000178675
0.000178675
0.000178675
0.000178675
0.00017868
0.00017868
0.00017868
0.00017868
0.00017868
0.000178735
0.000178745
0.000178745
0.000180645
0.00018105
0.00018105
0.0001811
0.00018118
0.000181195
0.000181195
0.000182205
0.0001814
0.00018139
0.000181395
0.000181405
0.000181405
0.000181405
0.00018142
0.00018142
0.00018149
0.0001816
0.00018386
0.000183865
0.000183855
0.000183855
0.00018385
0.00018391
0.00018302
0.000183015
0.000183005
0.00018302
0.00018179
0.00018179
0.00018179
0.00018179
0.00018179
0.00018179
0.000181795
0.000181795
0.0001818
0.0001818
0.000181805
0.000181805
0.00018181
0.000181815
0.00018182
0.00018183
0.00018183
0.000181755
0.000181605
0.0001816
0.000181595
0.000181575
0.000181575
0.00018157
0.00018157
0.000181565
0.000181565
0.000181555
0.00018164
0.000181635
0.00018154
0.000181605
0.00018159
0.000181585
0.000181585
0.000181585
0.000181585
0.000181585
0.00018032
0.000180325
0.000180325
0.000180325
0.000180325
0.000180325
0.000180325
0.000178905
0.000178875
0.00017891
0.00018005
0.000180165
0.00018029
0.00018041
0.00018051
0.000179515
0.00017952
0.000180955
0.00018041
0.000180325
0.000180255
0.0001802
0.00018072
0.000180695
0.00018069
0.000180655
0.00018068
0.00018069
0.000180705
0.000180705
0.000180705
0.000180715
0.000180715
0.000180715
0.00018071
0.000180705
0.0001807
0.00018069
0.00018069
0.00018069
0.00018069
0.00018069
0.00018069
0.000180685
0.000180685
0.00018059
0.00018053
0.00018052
0.000180515
0.000181365
0.000181305
0.000181265
0.00018138
0.00018148
0.000183695
0.0001837
0.0001837
0.0001837
0.00018371
0.00018371
0.00018371
0.00018371
0.00018371
0.00018371
0.000183715
0.000183715
0.000183715
0.00018372
0.00018372
0.00018372
0.00018372
0.00018372
0.00018372
0.00018373
0.00018373
0.00018373
0.000183865
0.00018398
0.000183985
0.000184
0.00018397
0.000183945
0.00018392
0.00018393
0.00018409
0.000184145
0.000184175
0.000184185
0.00018419
0.000184195
0.0001842
0.00018421
0.000184215
0.000184255
0.0001843
0.000184305
0.00018431
0.00018432
0.000184325
0.00018433
0.00018433
0.00018433
0.00018432
0.000184325
0.00018433
0.00018433
0.00018201
0.000182015
0.000182025
0.00018203
0.00018199
0.000181995
0.00018201
0.00018207
0.000182195
0.000182905
0.000182925
0.00018293
0.00018238
0.000182365
0.000182295
0.00018294
0.000182945
0.00018301
0.000182945
0.000182845
0.00018274
0.00018264
0.00018095
0.00018108
0.000181735
0.00018177
0.000181815
0.000181845
0.00018189
0.0001823
0.00018234
0.000182585
0.00018273
0.000182845
0.00018333
0.00018347
0.00018348
0.00018348
0.00018348
0.00018348
0.00018348
0.00018348
0.00018348
0.00018348
0.00018334
0.00018342
0.000183475
0.00018348
0.000183305
0.000183365
0.000183455
0.000183475
0.0001833
0.0001833
0.00018479
0.00018479
0.000183725
0.00018385
0.00018393
0.000184945
0.000184945
0.000184945
0.000184945
0.000184945
0.00018346
0.000183405
0.0001833
0.000182165
0.00018213
0.00018222
0.000182195
0.000182575
0.00018317
0.00018367
0.00018325
0.000183145
0.00018305
0.00018295
0.000182865
0.000182825
0.00018328
0.00018336
0.000183315
0.000183315
0.000183415
0.00018335
0.000183315
0.00018348
0.000183215
0.000183265
0.00018346
0.000183385
0.00018328
0.000183405
0.000183345
0.00018328
0.000183445
0.000183485
0.000183405
0.000183485
0.0001834
0.00018333
0.000183445
0.000183335
0.00018323
0.00018313
0.00018311
0.000182915
0.00018307
0.00018297
0.00018293
0.000182835
0.000182745
0.000180875
0.000180875
0.000179775
0.00017982
0.000179795
0.000179795
0.000179875
0.000179935
0.00017995
0.00017994
0.00017998
0.00017999
0.00017999
0.00017999
0.00017995
0.000179805
0.00017987
0.000179885
0.000179905
0.000179905
0.000179925
0.00017993
0.00017993
0.000180025
0.000180015
0.000179825
0.00018002
0.00018001
0.000180015
0.000180025
0.00018003
0.000180035
0.00018004
0.00018004
0.00018004
0.000180015
0.00018001
0.00017946
0.000180015
0.000180015
0.000180015
0.00017996
0.000179955
0.00017981
0.000179665
0.000179365
0.000179365
0.00017936
0.000178795
0.000178795
0.00017879
0.00017879
0.000179375
0.0001791
0.000179015
0.000179015
0.00017933
0.000179045
0.000179005
0.000179
0.000179
0.000178655
0.000177805
0.00017864
0.00017864
0.000178645
0.000178655
0.000178645
0.00017864
0.000178675
0.00017867
0.000178655
0.00017896
0.00017866
0.00017838
0.00017838
0.000178375
0.000178375
0.000178345
0.00017836
0.00017837
0.00017841
0.000178405
0.00017846
0.0001784
0.00017844
0.00017848
0.00017842
0.00017865
0.00017853
0.00017886
0.000180455
0.0001794
0.00017949
0.00017951
0.00017987
0.00017993
0.00018159
0.000180065
0.00018022
0.00018033
0.000180435
0.000180435
0.00018036
0.00018036
0.000180395
0.000180395
0.00018039
0.00018041
0.00018041
0.00018041
0.0001804
0.0001804
0.000180405
0.000180415
0.00018041
0.00018041
0.00018041
0.00018041
0.00017945
0.00017955
0.00017967
0.000179765
0.000179715
0.000179735
0.000179735
0.00017975
0.000179755
0.000179755
0.000179755
0.000179795
0.00017992
0.000179925
0.000179925
0.000180775
0.000180785
0.00018078
0.00018078
0.0001808
0.000180795
0.000180805
0.00017941
0.000179545
0.00017964
0.00017976
0.000178995
0.000178995
0.00017905
0.000179135
0.000179195
0.000180435
0.000180485
0.000180485
0.000180485
0.000180485
0.000180485
0.000180485
0.000181605
0.000181605
0.000181605
0.000181605
0.000181605
0.000181605
0.000181605
0.000181605
0.000181605
0.000181605
0.000181605
0.000181615
0.00017962
0.00017974
0.000179885
0.00018109
0.00018126
0.00018136
0.00018147
0.00018148
0.00018154
0.000181505
0.000181525
0.00018199
0.00018205
0.00018205
0.00018283
0.000182785
0.000181835
0.000181835
0.000180605
0.00018007
0.00018061
0.000180625
0.000180625
0.000180625
0.000180625
0.000180625
0.000180625
0.000180625
0.00018063
0.00018063
0.00018063
0.000180625
0.000180625
0.000180625
0.000180625
0.00018063
0.00018063
0.00018063
0.00018062
0.00018006
0.0001801
0.000180155
0.000180255
0.000180335
0.000180055
0.000180085
0.000180155
0.000180055
0.00018014
0.00018022
0.00018005
0.00018007
0.000180205
0.000180305
0.000180075
0.000181
0.00018108
0.00018119
0.00018137
0.00018198
0.000182355
0.000182355
0.00018042
0.00018052
0.000180875
0.000180875
0.000180875
0.000180875
0.00018088
0.00018089
0.00018088
0.00018089
0.00018089
0.000180895
0.00018089
0.00018092
0.000180435
0.000180885
0.000180895
0.00018234
0.00018234
0.00018234
0.00018234
0.00018234
0.00018234
0.000182335
0.00018235
0.00018235
0.00018235
0.00018235
0.00018235
0.00018235
0.000182345
0.000182345
0.000182345
0.000182345
0.000182345
0.000181375
0.00018137
0.00018133
0.00018129
0.000181105
0.00018101
0.000180945
0.0001809
0.00018145
0.000181385
0.000181365
0.00018129
0.000181115
0.0001815
0.000181565
0.000181585
0.000181585
0.000181565
0.000181485
0.0001814
0.00018129
0.00018122
0.000181215
0.000181215
0.000181215
0.000181215
0.000181215
0.000181215
0.000181215
0.00018122
0.00018122
0.00018122
0.00018122
0.00018122
0.000181245
0.000181215
0.000181215
0.00018122
0.00018121
0.000181225
0.000181285
0.000181225
0.00018122
0.00018122
0.00018121
0.000181215
0.000181225
0.000181225
0.000181225
0.000181225
0.000181225
0.000181225
0.00018159
0.000181485
0.000181395
0.000181325
0.000181315
0.000181315
0.000181315
0.000181315
0.000181315
0.00018131
0.0001817
0.00018158
0.00018151
0.000181485
0.000181715
0.00018174
0.00018186
0.00018188
0.00018188
0.000181885
0.000181885
0.000181885
0.000181895
0.000182985
0.000182985
0.000182985
0.000182985
0.000182985
0.000182985
0.000182985
0.000182985
0.000182985
0.000182985
0.000182985
0.000182985
0.000182985
0.000182985
0.000182985
0.000182985
0.000183895
0.00018389
0.000183895
0.00018389
0.00018389
0.000183885
0.00018389
0.00018389
0.00018389
0.000183885
0.000183885
0.000183885
0.00018389
0.00018389
0.00018389
0.000183885
0.000183885
0.000183885
0.000183915
0.000183915
0.000183915
0.000183915
0.00018391
0.00018391
0.00018391
0.00018391
0.00018391
0.00018391
0.00018391
0.00018391
0.00018391
0.00018391
0.00018391
0.00018391
0.00018391
0.00018391
0.00018391
0.00018391
0.00018391
0.00018391
0.00018391
0.000183285
0.000183285
0.000182635
0.00018141
0.000181405
0.000180355
0.00018036
0.00018036
0.000180365
0.00018036
0.0001804
0.000178565
0.000178575
0.000177475
0.00017346
0.00017251
0.00017251
0.00016954
0.00016957
0.000171185
0.000172055
0.00017208
0.00017246
0.000175895
0.000175805
0.00017571
0.000175635
0.00017553
0.00017543
0.00017532
0.00017521
0.000175115
0.000172615
0.000171355
0.000171355
0.000172625
0.00017262
0.000172635
0.00017363
0.00017355
0.000173455
0.000173365
0.000173305
0.00017324
0.00017324
0.00017324
0.000173245
0.00017324
0.000173825
0.000173725
0.000173605
0.00017333
0.0001733
0.00017506
0.00017507
0.00017507
0.00017506
0.00017506
0.000173415
0.00017349
0.00017399
0.000174
0.00017449
0.00017449
0.00017449
0.00017449
0.00017449
0.00017449
0.00017449
0.00017449
0.000175585
0.000175585
0.000175585
0.00017558
0.00017558
0.000175575
0.00017557
0.00017557
0.00017556
0.000175555
0.000175525
0.000174885
0.000174805
0.000174755
0.00017474
0.00017473
0.000174725
0.000174935
0.00017486
0.000174825
0.00017511
0.000174995
0.000174885
0.00017481
0.000175145
0.000175045
0.00017493
0.00017482
0.000174715
0.00017344
0.00017333
0.00017322
0.00017312
0.000173035
0.000172915
0.00017281
0.00017269
0.000172575
0.000172475
0.00017237
0.000172355
0.00017376
0.000173635
0.000173505
0.00017337
0.00017324
0.0001731
0.000172975
0.000172865
0.000172715
0.0001726
0.000172495
0.00017247
0.000172475
0.00017246
0.00017384
0.0001737
0.000173565
0.00017344
0.000173315
0.000173275
0.00017329
0.00017324
0.00017381
0.00017382
0.00017381
0.000173785
0.000173825
0.000173735
0.000173495
0.00017339
0.000173015
0.00017382
0.00017369
0.00017357
0.000173405
0.00017405
0.00017405
0.00017404
0.000174065
0.00017453
0.000173345
0.00017335
0.000173355
0.00017517
0.00017517
0.000175015
0.00017498
0.00017489
0.000174865
0.00017573
0.00017573
0.000175775
0.000175775
0.000175705
0.000175585
0.00017547
0.000175415
0.000175385
0.000175375
0.000174675
0.00017454
0.00017444
0.0001744
0.00017435
0.000174735
0.000174625
0.00017452
0.00017436
0.00017436
0.00017436
0.000174355
0.000174365
0.00017335
0.00017346
0.000172545
0.0001736
0.00017369
0.000173815
0.0001739
0.0001739
0.000174
0.000174
0.000174
0.000174
0.000174
0.000174
0.000174
0.0001754
0.000175395
0.000175395
0.000175395
0.000175395
0.000175395
0.000175395
0.000175395
0.00017573
0.00017572
0.00017565
0.00017562
0.00017558
0.00017555
0.00017565
0.000175595
0.00017556
0.00017556
0.000175665
0.000175765
0.000175745
0.000175745
0.000175745
0.000175745
0.000175745
0.000175735
0.000175705
0.0001757
0.0001756
0.00017551
0.000175695
0.00017567
0.00017563
0.0001757
0.000175685
0.0001756
0.00017549
0.00017399
0.0001744
0.000174295
0.000174155
0.000174055
0.00017396
0.00017564
0.00017552
0.00017542
0.00017396
0.000174295
0.000174175
0.00017408
0.00017429
0.0001743
0.0001743
0.0001743
0.0001743
0.0001743
0.0001743
0.0001743
0.0001743
0.00017589
0.00017596
0.00017596
0.000175015
0.00017499
0.000174915
0.00017482
0.00017477
0.00017475
0.00017471
0.000175035
0.000175105
0.000175205
0.00017504
0.00017505
0.00017502
0.000175015
0.000174985
0.000175
0.00017509
0.000175125
0.000175175
0.00017537
0.000175335
0.000175855
0.000175955
0.000175945
0.000175945
0.000175945
0.000175945
0.000175955
0.000175955
0.000175955
0.000175955
0.000175955
0.000175955
0.00017509
0.000175595
0.000175595
0.000175595
0.00017509
0.000175035
0.000175035
0.000175035
0.00017509
0.000175595
0.000175605
0.000175605
0.00017594
0.000175945
0.000175945
0.00017648
0.000175965
0.000175965
0.00017597
0.000175965
0.000175965
0.000175965
0.000175965
0.000175965
0.000175965
0.000175965
0.000175965
0.000175445
0.000175935
0.00017582
0.00017573
0.00017487
0.000175945
0.000175005
0.000174985
0.00017607
0.000176075
0.000176075
0.000176075
0.000176075
0.000176075
0.000176075
0.000176075
0.000176075
0.000176075
0.000176075
0.000176075
0.00017635
0.00017635
0.00017635
0.00017635
0.00017635
0.00017578
0.00017652
0.00017652
0.00017652
0.00017652
0.000177355
0.00017592
0.000176015
0.000176135
0.00017622
0.00017622
0.000176385
0.000175605
0.000175515
0.000175385
0.000175705
0.000175705
0.00017587
0.000175995
0.00017605
0.000175825
0.000174135
0.000174135
0.00017413
0.000174135
0.000174135
0.000174135
0.000174135
0.000174135
0.000174135
0.000174135
0.000174135
0.000174135
0.000174135
0.000174135
0.000174135
0.000174135
0.000174135
0.000174135
0.000174135
0.000174135
0.000174135
0.000174135
0.000174135
0.000174135
0.000174135
0.000174135
0.000174135
0.000174135
0.000174135
0.000174135
0.000174135
0.000174135
0.000174135
0.000174135
0.000174135
0.00017414
0.00017414
0.00017414
0.00017414
0.00017414
0.000174135
0.000174005
0.000174005
0.000174005
0.000174005
0.000174005
0.000174005
0.0001753
0.00017512
0.000174595
0.000174595
0.000174595
0.000174595
0.000174595
0.000174595
0.000174595
0.000174595
0.00017459
0.000174595
0.00017458
0.00017458
0.00017458
0.00017458
0.00017458
0.00017458
0.00017458
0.000174585
0.00017458
0.00017458
0.00017458
0.00017458
0.00017458
0.00017458
0.000175015
0.00017505
0.000175125
0.00017515
0.00017517
0.000176035
0.00017579
0.000175725
0.00017572
0.00017519
0.00017518
0.000175175
0.000175175
0.000175265
0.00017532
0.000175355
0.000175365
0.000175365
0.000175375
0.000175375
0.000175375
0.000175375
0.000175375
0.000175375
0.000175375
0.000175375
0.000175375
0.000175375
0.000175415
0.00017538
0.00017548
0.00017548
0.00017548
0.000175475
0.00017548
0.000175475
0.000175475
0.000175475
0.00017548
0.00017548
0.00017536
0.00017539
0.000175365
0.00017541
0.000175375
0.000175405
0.00017543
0.00017541
0.000175415
0.000175495
0.000175675
0.00017581
0.000175795
0.000176005
0.000176005
0.000176005
0.000176005
0.000176005
0.000175675
0.000175705
0.000175745
0.00017571
0.00017577
0.000175675
0.0001757
0.0001757
0.000175735
0.00017575
0.000175885
0.00017575
0.00017575
0.00017575
0.00017575
0.00017575
0.00017566
0.00017566
0.00017574
0.00017574
0.00017583
0.000175985
0.000175745
0.000175745
0.000175745
0.000175945
0.00017599
0.00017599
0.00017599
0.00017599
0.00017599
0.000175995
0.000175995
0.00017595
0.00017595
0.00017595
0.00017595
0.00017596
0.000175955
0.00017595
0.00017594
0.000175935
0.000175935
0.00017593
0.00017596
0.00017597
0.000175965
0.000175965
0.00017596
0.00017596
0.000175955
0.00017591
0.000175905
0.00017591
0.0001759
0.000175895
0.000175895
0.00017589
0.00017589
0.000175895
0.00017589
0.00017589
0.000175885
0.000175885
0.00017588
0.0001759
0.00017589
0.000175885
0.000175885
0.00017588
0.00017588
0.000175875
0.000175855
0.00017587
0.000175865
0.000175865
0.00017586
0.00017586
0.00017584
0.00017573
0.000175785
0.00017573
0.00017578
0.000175775
0.0001757
0.00017566
0.000175715
0.000175615
0.00017561
0.00017561
0.000175605
0.000175605
0.0001756
0.0001756
0.000175595
0.000175595
0.00017597
0.000175965
0.000175965
0.00017596
0.00017596
0.000175955
0.000175955
0.00017595
0.000175965
0.000175965
0.00017596
0.000175945
0.000175865
0.000175865
0.00017586
0.000175855
0.000175855
0.00017585
0.000175845
0.00017584
0.000175835
0.00017583
0.00017582
0.000175815
0.00017581
0.000175805
0.0001758
0.000175795
0.00017579
0.00017578
0.000175775
0.00017577
0.000175765
0.00017576
0.000175755
0.00017575
0.00017574
0.000175735
0.00017573
0.000175725
0.00017572
0.000175715
0.00017571
0.0001757
0.0001757
0.00017568
0.00017564
0.000175525
0.000175415
0.000175325
0.000174925
0.000174845
0.00017477
0.0001747
0.00017459
0.000175395
0.00017529
0.00017518
0.000175065
0.00017494
0.00017483
0.00017474
0.00017461
0.000175645
0.00017549
0.000175365
0.000175245
0.000175135
0.000175015
0.000174895
0.000174795
0.000174705
0.000174645
0.000174645
0.000174645
0.000174645
0.000174645
0.000174645
0.000174645
0.000175555
0.000175415
0.000175325
0.000175325
0.000175275
0.000175165
0.000175125
0.00017512
0.000175115
0.00017509
0.000174975
0.000174855
0.00017475
0.00017472
0.00017472
0.00017472
0.000174715
0.000174645
0.000174645
0.000174645
0.00017465
0.000174645
0.000174645
0.000174645
0.000174645
0.000174645
0.000174645
0.000174645
0.000174645
0.00017464
0.00017464
0.000174645
0.000174645
0.000174645
0.000174645
0.000174645
0.000174645
0.000174645
0.000174645
0.000174645
0.000174265
0.000174265
0.00017426
0.00017426
0.00017426
0.00017426
0.00017426
0.00017426
0.000173325
0.000173995
0.000173995
0.000173995
0.00017399
0.00017399
0.00017401
0.00017408
0.00017408
0.00017408
0.00017408
0.000173985
0.000173985
0.000173985
0.000173985
0.000173985
0.00017397
0.00017396
0.00017396
0.000174005
0.000174005
0.000174005
0.00017401
0.00017401
0.000174125
0.000174125
0.000174125
0.000174085
0.00017393
0.00017385
0.00017375
0.0001737
0.0001737
0.00017369
0.000173685
0.00017368
0.00017368
0.00017366
0.00017364
0.00017364
0.00017364
0.000173565
0.000173565
0.000173565
0.000173565
0.000173565
0.000173565
0.000173565
0.000173565
0.000173565
0.000173565
0.000173565
0.000173565
0.000173565
0.000173565
0.000173565
0.000173565
0.000173565
0.000173565
0.000173565
0.000173565
0.00017382
0.00017382
0.000173565
0.000173565
0.000173565
0.000173975
0.00017386
0.000173075
0.000172785
0.00017072
0.00017075
0.00017075
0.000170715
0.00017071
0.00017071
0.00017071
0.00017071
0.00017071
0.00017071
0.00017069
0.000170675
0.000170675
0.000170645
0.000170635
0.000170625
0.000170625
0.00017062
0.00017062
0.00017057
0.00017053
0.00017048
0.000170465
0.000170465
0.000170465
0.000170465
0.000170465
0.000170465
0.000170465
0.00017046
0.00017045
0.000170445
0.00017044
0.00017037
0.000169285
0.000169175
0.00016918
0.00016906
0.00016905
0.000169045
0.00016904
0.000169305
0.000169305
0.000169315
0.000169325
0.000169325
0.000169325
0.000169325
0.000169325
0.000169325
0.000169325
