0.05962363
0.059621235
0.059618305
0.059615285
0.0596148
0.05961184
0.05961131
0.05961077
0.05961022
0.05960967
0.059609165
0.05960865
0.059608125
0.05960761
0.05942956
0.059429005
0.059428515
0.05942794
0.059427425
0.0594269
0.059426395
0.059425835
0.05942532
0.05942477
0.05942422
0.05942367
0.059423135
0.05942259
0.05942206
0.059421495
0.059421155
0.05942092
0.05917044
0.059420795
0.059420785
0.059432175
0.059435235
0.059435215
0.05943523
0.05943554
0.059821605
0.059825825
0.05948937
0.05948983
0.059610295
0.059610805
0.059611255
0.05998328
0.059983695
0.059983845
0.05998556
0.05998556
0.05998595
0.05998637
0.05998823
0.05999024
0.05999215
0.059992605
0.05999308
0.05999354
0.059994
0.059994435
0.06016479
0.06021084
0.060211285
0.06021178
0.060212245
0.06021271
0.060213195
0.06037336
0.060373355
0.060331895
0.06037342
0.060331925
0.060331425
0.060331425
0.06033143
0.060331445
0.060331345
0.060331845
0.060331845
0.06033184
0.06033184
0.06017232
0.060172695
0.060073725
0.06007417
0.060074645
0.06012505
0.05996273
0.05996273
0.05996273
0.059827275
0.059827275
0.059907145
0.059907145
0.059951285
0.059951275
0.05995128
0.05995128
0.05995127
0.059951285
0.05995127
0.05995127
0.05995127
0.0598284
0.059828875
0.059829375
0.05982986
0.05983031
0.05983079
0.059831255
0.059986815
0.05998723
0.059987645
0.05998797
0.05998835
0.059988715
0.05999874
0.06004887
0.060098595
0.06019852
0.05998286
0.059983215
0.059983575
0.059984
0.059984435
0.059984845
0.059985275
0.059985665
0.05998607
0.05998645
0.05998684
0.059987255
0.05998765
0.059988045
0.059988415
0.059988835
0.05998918
0.05998952
0.059989845
0.05999017
0.05999049
0.05999084
0.059797625
0.060006665
0.05979793
0.05979818
0.059798475
0.05979879
0.059799005
0.05978765
0.059787985
0.059799315
0.059799425
0.059799535
0.05978915
0.059799695
0.0597897
0.059789985
0.05979026
0.059790565
0.059790825
0.05979113
0.05979142
0.05978729
0.059787225
0.05978701
0.05978675
0.05948574
0.05948584
0.05948412
0.059434565
0.05938503
0.059385525
0.05938596
0.05938645
0.059386925
0.059387385
0.05938785
0.05938832
0.059388815
0.05938928
0.05927365
0.05923999
0.05924031
0.059274575
0.05927491
0.059275225
0.059275495
0.059275785
0.05927623
0.05942216
0.059478955
0.059478955
0.059473955
0.059473955
0.059473955
0.059473955
0.059473955
0.059473955
0.059473955
0.059473955
0.059473925
0.059422085
0.05942216
0.05942216
0.059433955
0.05943395
0.059433945
0.059266455
0.05926651
0.059266675
0.059266925
0.05926732
0.059283945
0.05928394
0.05928397
0.059284055
0.05928417
0.059284305
0.059268075
0.0592685
0.059283965
0.05928418
0.059284495
0.059284765
0.059334545
0.059389125
0.059435445
0.059478945
0.059488945
0.059385
0.059385
0.059783935
0.059101195
0.05960604
0.059605925
0.059605695
0.059605665
0.059605925
0.05960685
0.05960756
0.059608005
0.059608475
0.05960893
0.05960945
0.0596099
0.0596104
0.05961089
0.059611085
0.05961136
0.05961159
0.059611735
0.05961194
0.05961224
0.059612515
0.059612645
0.05961291
0.05961314
0.05961344
0.059613655
0.05961377
0.059613705
0.0596136
0.059613335
0.059612915
0.05961253
0.059612155
0.059611695
0.05961123
0.05961087
0.059610485
0.059610075
0.059609645
0.05960927
0.05960885
0.05960843
0.059608165
0.05960795
0.0596077
0.05960714
0.059606725
0.059606195
0.05960528
0.059238245
0.059488125
0.05948804
0.05948796
0.05948743
0.05948743
0.05948743
0.05948743
0.05948755
0.059487485
0.0594874
0.05948732
0.059487255
0.059487165
0.05948709
0.059487035
0.059486975
0.05949345
0.059493235
0.059492875
0.059492565
0.05949229
0.059491915
0.0594916
0.05949128
0.059490955
0.059490635
0.05949012
0.05948958
0.05948907
0.05948203
0.05948175
0.05922458
0.059221165
0.059156165
0.059156165
0.05915616
0.059156155
0.05915617
0.05915618
0.059156185
0.05915618
0.05915618
0.059156185
0.05907501
0.05903375
0.059033755
0.059033765
0.05903377
0.05903377
0.05902509
0.05902509
0.059025085
0.05902508
0.05902507
0.059025075
0.059025075
0.059025075
0.059025075
0.059025075
0.059025075
0.05897012
0.05897012
0.05897012
0.05897012
0.05897012
0.05897012
0.058970125
0.05897013
0.059045065
0.059045065
0.059045065
0.059045065
0.059045065
0.059045065
0.059045065
0.059045065
0.059045065
0.05902509
0.05902509
0.05902509
0.059025095
0.059025095
0.0590251
0.0590251
0.059025105
0.059025105
0.05902511
0.05902511
0.059025115
0.059025115
0.05902512
0.0590546
0.0590546
0.059054605
0.059095015
0.059095015
0.059054595
0.059054595
0.059054595
0.0590841
0.0590841
0.059025115
0.059025115
0.05902512
0.05936551
0.059394885
0.05948381
0.05948353
0.059483215
0.05948299
0.059482665
0.059482385
0.059481905
0.059481535
0.059481035
0.059510205
0.05950984
0.059509485
0.05950917
0.05950885
0.059508495
0.05950831
0.05950805
0.05953736
0.059537045
0.059536945
0.05954371
0.05954387
0.05954371
0.05954396
0.05954407
0.059729285
0.0595738
0.059574305
0.059574525
0.059574975
0.059576985
0.05960453
0.05960486
0.05965447
0.059654465
0.059654465
0.059654465
0.05965447
0.05965448
0.05965453
0.059779995
0.059779985
0.059780235
0.05978052
0.060113795
0.05989475
0.05989526
0.06022766
0.059896235
0.060113855
0.060113855
0.0602
0.0601
0.06025018
0.060250465
0.060250675
0.06028083
0.060280825
0.060280825
0.060280835
0.06028075
0.060061655
0.060061655
0.060280585
0.060249935
0.060249995
0.060279955
0.06027991
0.06027986
0.060498945
0.060279795
0.06027978
0.060279755
0.06027975
0.060279745
0.06027974
0.060279695
0.06027969
0.060309715
0.0603097
0.0603097
0.060309795
0.060474275
0.0604747
0.060475185
0.060475605
0.060506115
0.06050657
0.06050568
0.06050562
0.06023628
0.060236595
0.060236815
0.060237015
0.060237205
0.06023737
0.060237545
0.06023777
0.060238015
0.060238245
0.060238545
0.06023886
0.06023908
0.06023937
0.060239555
0.06023988
0.06026025
0.060260585
0.060260685
0.06026089
0.060261075
0.06026129
0.060261475
0.06026166
0.060261835
0.06026195
0.060262165
0.06026248
0.06026262
0.060262925
0.060263265
0.060263585
0.060263955
0.06015101
0.06015147
0.06015192
0.060152285
0.06015264
0.06015299
0.060153355
0.06015367
0.060153615
0.06015392
0.060154265
0.06015337
0.06015335
0.06015332
0.06015368
0.06015415
0.06015426
0.06015504
0.060155525
0.06015568
0.060156155
0.060156135
0.0601566
0.06015704
0.06015706
0.06015792
0.060157985
0.06015837
0.06015876
0.06015686
0.06015733
0.06015734
0.060157835
0.060158325
0.06015888
0.060163675
0.060164195
0.060189115
0.0602392
0.06023971
0.06028913
0.06028956
0.06031391
0.06033909
0.060388825
0.060388825
0.06035
0.060388825
0.060388835
0.0604388
0.0603888
0.060338815
0.060349975
0.060349975
0.060150155
0.060300145
0.06030015
0.06030015
0.06030015
0.06030015
0.06030015
0.06030015
0.06030015
0.06030015
0.06030015
0.06030015
0.06030015
0.06030015
0.06025572
0.060250165
0.060250145
0.060225165
0.060225165
0.060225165
0.060225165
0.06022514
0.06022514
0.060225145
0.06022512
0.060225145
0.060225145
0.06021517
0.060225145
0.060225145
0.06022515
0.05996338
0.05996384
0.059964335
0.05996481
0.059965295
0.059965735
0.05996607
0.05996653
0.059967035
0.05996752
0.059968025
0.059968515
0.059969025
0.059969485
0.05996996
0.05997044
0.059970915
0.0599714
0.059971925
0.0599724
0.05997289
0.059973385
0.059973845
0.060005025
0.06000548
0.06000599
0.0600065
0.060001425
0.060051815
0.059952305
0.05995275
0.059953195
0.059953695
0.05995415
0.059954635
0.059955075
0.059955485
0.059955925
0.0599564
0.05995688
0.059957295
0.059957735
0.059958215
0.059958605
0.05995893
0.059958765
0.05995914
0.05995947
0.059959675
0.05995995
0.05996026
0.05996056
0.05996064
0.05996101
0.0599613
0.059961685
0.05996176
0.059962115
0.05996249
0.059962825
0.05996319
0.059963375
0.05996343
0.05996362
0.05996317
0.05996382
0.05996977
0.059969825
0.059956305
0.059956305
0.059956375
0.05995647
0.05995653
0.05995468
0.06006217
0.06001222
0.06001231
0.0600124
0.0600125
0.060060125
0.060059685
0.0600593
0.06005889
0.06005851
0.060058095
0.06005766
0.060057235
0.060057155
0.06005748
0.06005783
0.06005821
0.0600586
0.060059205
0.060059685
0.06006011
0.060060575
0.06006107
0.060544965
0.06021353
0.060214015
0.060214485
0.060214985
0.06021542
0.06021595
0.06021643
0.060217325
0.060247435
0.06024791
0.060248335
0.060248815
0.0602493
0.06025031
0.06025094
0.060251415
0.06025193
0.06025241
0.0602529
0.06025337
0.060253845
0.060254345
0.06025481
0.06025528
0.060255775
0.060256245
0.060256685
0.060256925
0.060257155
0.06025568
0.06022596
0.06022606
0.060208285
0.060208455
0.05990928
0.05990952
0.060298925
0.06029889
0.06034737
0.06034746
0.06039841
0.060398135
0.060447865
0.060547595
0.06054741
0.06054714
0.060399965
0.06039974
0.0600564
0.060056155
0.06005583
0.05995525
0.059954965
0.059954715
0.05995457
0.059954435
0.059771535
0.05977153
0.059771525
0.05977152
0.059771515
0.05977151
0.059771505
0.0597715
0.059771495
0.05976649
0.059766485
0.05975915
0.059758195
0.05975819
0.059758185
0.05975818
0.059758175
0.05975818
0.059758835
0.05975883
0.059758825
0.059758825
0.059758815
0.05975881
0.05975884
0.059758795
0.0602988
0.0602988
0.060299225
0.06029893
0.0602988
0.0602988
0.0602988
0.0602988
0.0602988
0.060198895
0.060199295
0.060199655
0.06020005
0.06020045
0.06020083
0.06020128
0.06020173
0.06013601
0.060136455
0.060140135
0.06014054
0.06014097
0.060141375
0.06014178
0.06014214
0.060142545
0.060142945
0.060143335
0.060143665
0.0601441
0.06014454
0.06014499
0.060145365
0.06014577
0.06014618
0.060146615
0.06014708
0.06014748
0.060147875
0.0601482
0.060148545
0.06014884
0.060149155
0.06004941
0.060049485
0.06004975
0.060050045
0.06005033
0.0600506
0.06005085
0.060080865
0.06008096
0.060081115
0.060081335
0.059986475
0.06008144
0.06008083
0.06008083
0.06008083
0.06008083
0.06003913
0.06003945
0.06003973
0.060039985
0.06007016
0.060070625
0.06007107
0.060071575
0.060172915
0.060173375
0.060173825
0.060204115
0.060174635
0.06017494
0.060175275
0.060175695
0.060176135
0.06017657
0.06017696
0.06027434
0.060274695
0.06027499
0.06027534
0.06027553
0.06027566
0.060275835
0.060275905
0.06027557
0.060245985
0.060131195
0.060131265
0.060246225
0.05998176
0.060181685
0.060031855
0.06003186
0.060180605
0.060180225
0.060179915
0.060179025
0.060178615
0.0601783
0.060177885
0.060177485
0.06017721
0.06017687
0.060176475
0.05986555
0.05986555
0.05986555
0.05986555
0.059865555
0.0601738
0.06017339
0.060173035
0.060172515
0.06017202
0.060171505
0.060171
0.06017055
0.06017005
0.06016958
0.060169185
0.0601687
0.06016821
0.060167735
0.06016729
0.060166825
0.06006436
0.060064235
0.060064095
0.060063895
0.06006377
0.06006353
0.06006333
0.06006318
0.06006318
0.060063065
0.06006313
0.060063205
0.060063245
0.060063245
0.060063265
0.06006329
0.06006313
0.06006292
0.060062755
0.06006253
0.060062375
0.06006221
0.060062075
0.060062135
0.06006215
0.06006188
0.06006149
0.060061105
0.060060645
0.060018935
0.06001847
0.059789325
0.059789395
0.059789315
0.059642105
0.06001778
0.06001736
0.06006967
0.060069185
0.060068795
0.06006833
0.06006786
0.05979708
0.059797
0.05979689
0.060013705
0.06001327
0.060012855
0.06001246
0.060012105
0.060011785
0.06001143
0.06001106
0.060010725
0.06001046
0.06001019
0.06000989
0.06000952
0.06000914
0.06000881
0.06000848
0.06000816
0.060007805
0.060007415
0.06000699
0.060006615
0.06000152
0.06000118
0.06000085
0.06000049
0.06000017
0.059999865
0.059999505
0.059999195
0.059998895
0.059998605
0.059998285
0.05999799
0.05999761
0.059997265
0.059996925
0.059996585
0.059996245
0.05999594
0.059980735
0.059980295
0.05997993
0.059979585
0.059979215
0.059978835
0.059978455
0.05997809
0.059977895
0.059978475
0.05997826
0.059977875
0.060172835
0.06017237
0.060171915
0.06017145
0.060171015
0.06017054
0.060170125
0.06016979
0.060169535
0.06016928
0.06016901
0.060168755
0.060167975
0.0601527
0.0601499
0.06009981
0.06014931
0.06014901
0.06014869
0.060098585
0.06009828
0.060097995
0.060097665
0.060097385
0.06009709
0.06009677
0.0600965
0.06009622
0.06009597
0.06009573
0.060095405
0.06009535
0.06009535
0.06009535
0.06009535
0.06009535
0.060095345
0.06009533
0.06009503
0.059804975
0.059804945
0.059804905
0.05980487
0.059804415
0.059803925
0.05980343
0.05980302
0.06001207
0.06001172
0.060011205
0.06001086
0.059804995
0.059805
0.05980499
0.05980499
0.059804985
0.059804965
0.05980492
0.05980498
0.059804945
0.05980489
0.05980487
0.059804865
0.059804825
0.059804945
0.06045358
0.06054998
0.06055147
0.06119445
0.0612135
0.061272255
0.061272215
0.061272215
0.061272215
0.061304995
0.061304995
0.061304995
0.061304995
0.061304985
0.061304985
0.061304985
0.061304985
0.061304995
0.06130499
0.061304995
0.061304995
0.06090355
0.06090395
0.06090435
0.06090472
0.06090512
0.06090556
0.06090596
0.06090636
0.06090645
0.06111168
0.06111213
0.061243245
0.061243655
0.061243955
0.06124443
0.06124501
0.061245495
0.06124596
0.061416195
0.06141662
0.06141703
0.061417415
0.061417805
0.06141815
0.06141861
0.061418995
0.06141927
0.061415835
0.061415735
0.06141563
0.061415515
0.06141557
0.061238655
0.06123894
0.061239335
0.061239705
0.061416425
0.06141485
0.06141474
0.06141465
0.061414545
0.06141445
0.06141434
0.06141423
0.06141413
0.06141406
0.06141393
0.06141382
0.06141373
0.061413635
0.061413605
0.06141382
0.061414055
0.061414145
0.06141433
0.061414525
0.06141286
0.061061735
0.061411915
0.061411455
0.061410955
0.061344665
0.06134466
0.06147598
0.06138146
0.061663815
0.06166382
0.061841155
0.06184115
0.061841145
0.061841145
0.06184114
0.06184114
0.061841135
0.061841135
0.06184113
0.06184113
0.061841125
0.061841125
0.061841125
0.061982255
0.061982255
0.061982255
0.061982255
0.061982255
0.06158897
0.06158939
0.061589845
0.06159033
0.06169881
0.06169915
0.06169958
0.06170006
0.06170047
0.06169955
0.061700025
0.061700415
0.061700885
0.061701345
0.061701785
0.06170221
0.061702645
0.06170311
0.06169729
0.061697735
0.061698155
0.06169856
0.06244762
0.06411632
0.06507778
0.065939545
0.066082575
0.066240565
0.066623835
0.065988025
0.065263615
0.065263635
0.0657572
0.065757185
0.065757055
0.065493335
0.06549311
0.065075115
0.06505476
0.06505469
0.065054895
0.06505502
0.06505517
0.065051435
0.065051145
0.064951985
0.064952385
0.064952715
0.06495316
0.064953555
0.064854335
0.06485475
0.065299975
0.06519812
0.06553711
0.06553711
0.06553723
0.06553742
0.065537625
0.065537405
0.065696665
0.06569615
0.06534109
0.064855535
0.06444279
0.06420014
0.064200175
0.06420021
0.064200245
0.06463215
0.0646321
0.064632305
0.06463252
0.06463274
0.064632965
0.06488164
0.064881795
0.06475032
0.0647504
0.06475053
0.064750665
0.064750865
0.064751055
0.064751155
0.06475118
0.06475121
0.0647512
0.064751205
0.06475121
0.06475116
0.064749995
0.064749995
0.06475
0.06474988
0.06474957
0.064499765
0.064499705
0.06449957
0.064499435
0.06449914
0.06449878
0.064498375
0.064488945
0.06448859
0.064488245
0.06420178
0.06420178
0.064484975
0.0637971
0.063796765
0.06379653
0.063274435
0.06350086
0.06350052
0.06350018
0.063499885
0.06349969
0.0634997
0.06349956
0.063499705
0.0637984
0.06379854
0.063798585
0.06411817
0.064117795
0.06411751
0.0641172
0.06411677
0.06413152
0.06413109
0.06413073
0.064130425
0.06413005
0.06412966
0.064129285
0.06412882
0.064128455
0.06412816
0.064127765
0.06412741
0.06412702
0.06412664
0.064126305
0.064125855
0.06412543
0.06412485
0.064123075
0.064122595
0.06412206
0.06412158
0.06412114
0.064120725
0.06412036
0.06411997
0.064119625
0.0641442
0.06391536
0.06391545
0.063843445
0.06405
0.06391569
0.06407206
0.064072045
0.06407205
0.064072055
0.06407205
0.064072055
0.064072065
0.064072085
0.06407209
0.0640721
0.06407211
0.064161885
0.0642984
0.064297965
0.0641619
0.064161905
0.06416191
0.064161845
0.064161845
0.064161845
0.064161845
0.06407218
0.063910485
0.064102545
0.06410288
0.064103075
0.064103515
0.06410439
0.06410462
0.06401341
0.064013475
0.06401358
0.06401364
0.06401373
0.064013855
0.06401394
0.06401404
0.064014035
0.06401404
0.06401404
0.06401405
0.06401405
0.06401401
0.06401405
0.064013915
0.0640138
0.064013385
0.064013285
0.064013175
0.064013045
0.0638987
0.063799995
0.063699955
0.06347028
0.06346999
0.06314145
0.06346903
0.06339784
0.062876285
0.06287638
0.062876465
0.063191125
0.06287669
0.06287684
0.06287694
0.063190405
0.06319018
0.06319009
0.063462515
0.0634622
0.063461745
0.063461235
0.06319009
0.06318972
0.063189375
0.062760635
0.062760695
0.06326128
0.06326078
0.06326025
0.06325984
0.06325924
0.06325879
0.06325862
0.06325845
0.06335117
0.063351625
0.06360034
0.06360079
0.06355281
0.06355324
0.063553645
0.06355412
0.063554545
0.06355494
0.06328146
0.063281965
0.06328238
0.06328285
0.063829145
0.06382918
0.06387806
0.06387846
0.06387883
0.063879265
0.063879705
0.06442529
0.06449396
0.06449398
0.06449398
0.064494405
0.064494405
0.06449442
0.06449442
0.064494445
0.064494435
0.06449445
0.064494425
0.064494425
0.064494425
0.06449441
0.064735295
0.06474343
0.06474343
0.064743415
0.06474342
0.064743425
0.06474342
0.06474342
0.06474347
0.06474346
0.064743465
0.064743445
0.064743445
0.0647435
0.064743475
0.064743465
0.0647434
0.06436538
0.06436582
0.064366265
0.06436671
0.064367005
0.064367125
0.06436718
0.06436718
0.06436721
0.064367225
0.064368245
0.06436855
0.064368735
0.06436893
0.06501404
0.06501
0.064750005
0.06475001
0.064749985
0.064749985
0.0644764
0.06447678
0.06447716
0.06447734
0.06447735
0.06447738
0.06447734
0.064477375
0.06447249
0.06447259
0.064472685
0.064472765
0.06447382
0.06447291
0.064473045
0.064473165
0.06447326
0.064473345
0.064473485
0.0644735
0.06447363
0.064473755
0.06447384
0.064474015
0.06447442
0.064474705
0.06447494
0.06447554
0.064475105
0.06447508
0.06447508
0.064475085
0.06447514
0.064475165
0.064475205
0.06447521
0.06447526
0.0644753
0.06447539
0.064475585
0.06447579
0.064475925
0.0646826
0.064682335
0.064682065
0.06468188
0.064600125
0.064600125
0.06460013
0.064600135
0.064600135
0.064600135
0.064600135
0.064600135
0.064600135
0.064600135
0.064799965
0.064799965
0.064882115
0.06488212
0.06488212
0.06488212
0.06488211
0.06464996
0.064649965
0.064649965
0.064500015
0.064500015
0.064500015
0.064500015
0.06450001
0.06450001
0.06450001
0.064239505
0.06425501
0.06425501
0.064255005
0.064255005
0.06425493
0.06398189
0.06413189
0.064131885
0.06403187
0.063855265
0.06385527
0.06385527
0.063861665
0.063874825
0.063874825
0.063874825
0.063874825
0.063874825
0.063874825
0.063874825
0.063869825
0.063874825
0.063874825
0.063750415
0.063750415
0.063661335
0.063661655
0.063662055
0.06366248
0.06366293
0.063663335
0.063663735
0.06366421
0.063664585
0.063665025
0.063665635
0.06398983
0.063989835
0.063994835
0.063989665
0.06404503
0.06419408
0.064194525
0.064304895
0.064305295
0.06430569
0.06430609
0.064306245
0.0643587
0.06438361
0.064384005
0.06438446
0.06438486
0.064385265
0.06438547
0.064226865
0.064226875
0.064226875
0.064226885
0.064348615
0.06434862
0.064458625
0.06445863
0.06438545
0.064385445
0.06438544
0.064385445
0.06441716
0.06438544
0.063843785
0.063843915
0.063851885
0.06385202
0.0638529
0.06377615
0.06385313
0.063853225
0.063853355
0.063853505
0.063853595
0.064043985
0.06404437
0.06404482
0.064045405
0.064046005
0.064029535
0.06402997
0.06403504
0.06403525
0.0640357
0.064249665
0.064249665
0.064249545
0.064249445
0.064076875
0.064076875
0.064076875
0.064076875
0.064076875
0.064076875
0.064076875
0.064076875
0.064076875
0.064076875
0.064153725
0.064076875
0.064076875
0.064076875
0.064076875
0.064076875
0.064076875
0.064076875
0.064076875
0.064076875
0.064076875
0.064076875
0.064076875
0.06385707
0.06385714
0.06383039
0.06383051
0.06383056
0.063830545
0.06383029
0.06383029
0.06383029
0.06383029
0.06365976
0.06366021
0.063660625
0.06366104
0.063661415
0.063661785
0.06366217
0.063662565
0.063662965
0.063663295
0.063663655
0.063663895
0.063663695
0.063663575
0.063663455
0.063688195
0.06368802
0.063688105
0.06368845
0.06368889
0.06368875
0.063688525
0.063690135
0.063645805
0.0636462
0.0636459
0.06364569
0.06364819
0.06364826
0.06364827
0.06364844
0.063648875
0.063649615
0.063652035
0.063656285
0.06366155
0.06369627
0.06370321
0.06371836
0.063743615
0.063748665
0.063794915
0.063794935
0.063794975
0.063796415
0.063796475
0.0637965
0.0637965
0.063796555
0.063796595
0.06379664
0.063796665
0.06394658
0.063796785
0.06379686
0.063796865
0.063796865
0.06399731
0.063997315
0.063997315
0.064096745
0.063913085
0.063797875
0.063913895
0.06391401
0.064228525
0.064228525
0.06422852
0.064228525
0.064228525
0.06422853
0.06401427
0.0640145
0.064014895
0.06401521
0.064228505
0.064228505
0.064228505
0.06401641
0.06401681
0.064017245
0.06401764
0.064017635
0.064017955
0.06401784
0.063807215
0.064014265
0.06401426
0.06401426
0.064014255
0.064014255
0.064014255
0.064014255
0.064014255
0.064014255
0.06401426
0.06401426
0.06401426
0.06401426
0.06401426
0.06382837
0.06361452
0.06361496
0.06361536
0.063615755
0.06361617
0.06383086
0.063831285
0.0638318
0.06383228
0.06383272
0.06383317
0.06383365
0.0638341
0.063834515
0.063834855
0.063835155
0.06383552
0.063835785
0.06383609
0.063836465
0.063836785
0.06383708
0.063774245
0.063674525
0.063714525
0.063709525
0.063689395
0.0636994
0.063774345
0.063774285
0.063774235
0.063774155
0.06377408
0.063774045
0.06377435
0.06402438
0.064024285
0.064024185
0.06402417
0.064024115
0.064024025
0.06402393
0.064023825
0.06402369
0.064023595
0.064023465
0.063419235
0.063635965
0.063636305
0.06363662
0.063636785
0.06363714
0.063637265
0.06363706
0.06363677
0.063636245
0.06363575
0.063635435
0.063635105
0.063634785
0.06363445
0.063634085
0.06363378
0.06363341
0.063632965
0.06363251
0.06363212
0.063631595
0.063631085
0.06363067
0.06363031
0.06362992
0.06362957
0.063629325
0.063629245
0.063629255
0.063636775
0.06368646
0.06378607
0.06383591
0.063785965
0.063785935
0.063785915
0.063785825
0.063785925
0.06378601
0.06378608
0.06378612
0.063786205
0.063786295
0.063786455
0.063786655
0.06378694
0.063787175
0.063787275
0.063787275
0.063787225
0.06363723
0.06350708
0.06350708
0.063501955
0.063501955
0.063501955
0.063501955
0.063501955
0.063501955
0.063501955
0.063501955
0.063501955
0.063501955
0.063501955
0.063501955
0.063501955
0.063501955
0.063355415
0.063355495
0.063355535
0.06335554
0.06335568
0.063356015
0.063356305
0.063638965
0.06363901
0.06363905
0.06363904
0.06363904
0.063606855
0.063606575
0.063606285
0.063457645
0.063605925
0.063357725
0.06335774
0.06335774
0.063357865
0.063358035
0.06335831
0.06335853
0.063358535
0.063358535
0.06335854
0.06335857
0.063358575
0.0633586
0.063358625
0.06335865
0.063358655
0.063358655
0.063358685
0.06335869
0.063358695
0.063358695
0.0633587
0.0633587
0.063358705
0.063358705
0.06335871
0.06335871
0.063358715
0.063358715
0.06335872
0.06335872
0.063358725
0.063358725
0.06335873
0.06335873
0.063358735
0.063358735
0.06335874
0.06335874
0.063358745
0.0632501
0.063108865
0.063108785
0.063108795
0.06325001
0.063250155
0.063250255
0.063250375
0.06325055
0.063250635
0.06325074
0.063250825
0.063250925
0.06325107
0.06325123
0.0632514
0.063251545
0.06325163
0.063251715
0.06325175
0.063251845
0.063251995
0.0632521
0.063252095
0.063251825
0.063251655
0.063249535
0.063249535
0.063249495
0.0632494
0.06324913
0.06324886
0.06324878
0.06324879
0.063248755
0.06324926
0.063249235
0.06324929
0.0632493
0.06324926
0.063207785
0.063207485
0.063151975
0.063151945
0.063151925
0.06315199
0.06315205
0.063152105
0.063152125
0.06315207
0.06315216
0.06315213
0.06315214
0.063152355
0.06315228
0.0631523
0.063152155
0.06315203
0.063152115
0.06315221
0.063152215
0.063152055
0.06315178
0.063151365
0.06315093
0.06315051
0.06315005
0.063149815
0.063149425
0.063149
0.06314872
0.06314804
0.063147645
0.06314728
0.06314679
0.06314638
0.06314599
0.06314555
0.063145095
0.063144695
0.06314428
0.06314391
0.06314359
0.06314424
0.06314472
0.06314513
0.063145565
0.063145975
0.06323303
0.063232985
0.063232985
0.063232985
0.06323294
0.063232995
0.063233225
0.063148965
0.06346635
0.06346635
0.063466355
0.063466345
0.063466345
0.06314019
0.063149815
0.063150295
0.06315048
0.06333283
0.063150705
0.063150725
0.06316733
0.06316781
0.063168315
0.06316875
0.06316926
0.063169725
0.06317016
0.063170605
0.06317235
0.063172905
0.063173405
0.06317386
0.06317434
0.06317481
0.063175285
0.06317576
0.06324131
0.063242355
0.063242835
0.06324336
0.0632433
0.06324385
0.063244365
0.063244895
0.063245935
0.063631095
0.063631095
0.06369048
0.06369048
0.063848345
0.06384835
0.06384835
0.06403273
0.06403273
0.06403273
0.06403273
0.06403273
0.064032745
0.06403275
0.06403275
0.06403275
0.064218285
0.064218015
0.064217765
0.064217195
0.064216885
0.06421665
0.06421652
0.064199985
0.064099995
0.064099995
0.063917705
0.063917735
0.063917795
0.063817915
0.06381814
0.06381814
0.06381821
0.063818505
0.06421706
0.064218985
0.06421897
0.064218965
0.06421897
0.064218915
0.064218965
0.064218965
0.06421896
0.064218955
0.064218955
0.06421895
0.06421895
0.06421895
0.06421895
0.06421894
0.06421894
0.06421894
0.06421891
0.06421891
0.064218915
0.064222615
0.06422259
0.064222585
0.06422259
0.06422259
0.06422256
0.06422254
0.06422256
0.06422263
0.06422263
0.06422264
0.064222505
0.064222505
0.06422254
0.064222505
0.064222505
0.064222505
0.064222495
0.064222495
0.064222635
0.06422264
0.06422263
0.064222635
0.064222635
0.064222755
0.0642229
0.06421535
0.06421535
0.064215
0.06421517
0.064215445
0.064215705
0.064215975
0.06421628
0.06437
0.06437
0.06437
0.064370005
0.064310005
0.064374005
0.064374005
0.064377635
0.064442635
0.06444263
0.064445245
0.064445245
0.06444526
0.064445275
0.064445275
0.064445275
0.064445275
0.064445275
0.064445275
0.06446375
0.06446375
0.06446375
0.06424109
0.064241095
0.06424111
0.06424111
0.06424112
0.06424112
0.064241125
0.06424116
0.064241255
0.064241275
0.064241295
0.06424132
0.064241405
0.06424167
0.06424169
0.064291115
0.064291115
0.064291115
0.06429991
0.064272335
0.064272335
0.064272335
0.064272335
0.064272335
0.064272335
0.064272335
0.064272335
0.064272335
0.064272335
0.06427234
0.06427234
0.06427234
0.06427234
0.06427234
0.06427234
0.06427234
0.06427234
0.06427244
0.064272445
0.064272445
0.064272445
0.064272445
0.064272445
0.06427234
0.06427234
0.06427234
0.06427234
0.064272345
0.064272515
0.064272515
0.064272515
0.06427252
0.06427252
0.06427252
0.064272525
0.06427234
0.06427234
0.06427235
0.064299955
0.06429996
0.06427239
0.0642724
0.0642724
0.064266845
0.06429991
0.064299905
0.06429991
0.06429991
0.06429991
0.06429991
0.06429991
0.06429991
0.06429991
0.06429989
0.06429991
0.064299905
0.06429988
0.06429991
0.064299795
0.0642998
0.0642
0.0642
0.0642
0.06420001
0.064200035
0.06400431
0.064004745
0.0640052
0.06400558
0.06400593
0.06400622
0.0640066
0.064006975
0.064007305
0.064007645
0.064008035
0.06390844
0.06390875
0.06385914
0.063909435
0.06390977
0.06391014
0.064116595
0.06415567
0.06415617
0.0641566
0.064157085
0.06415753
0.06415803
0.06415851
0.064158975
0.06415946
0.06415996
0.06416044
0.064160875
0.064161315
0.06417553
0.064175995
0.064176465
0.06417689
0.06417734
0.064177795
0.064178235
0.064178565
0.064178935
0.064179575
0.06418005
0.06418052
0.064181
0.064181455
0.0641819
0.064182335
0.06418278
0.06418327
0.06418374
0.06418417
0.064184615
0.06418507
0.06418554
0.06418594
0.06412797
0.06418639
0.06418685
0.064187285
0.06418835
0.06418889
0.064189375
0.06418627
0.06418668
0.064187105
0.0641876
0.064188095
0.06418856
0.064189065
0.064189485
0.064189905
0.064190245
0.064190625
0.0641911
0.06419148
0.064192065
0.06398439
0.06398488
0.06398536
0.06418628
0.064192565
0.064401055
0.06440136
0.064609415
0.064402015
0.064402335
0.064402415
0.064402435
0.06440244
0.064404715
0.06440471
0.064404715
0.064404715
0.0643505
0.064350555
0.0644055
0.064405505
0.064405505
0.064405505
0.064405505
0.064405505
0.064405505
0.064405505
0.0644055
0.06440521
0.06440521
0.06440521
0.06440521
0.0642013
0.0642013
0.06440521
0.06440521
0.06440521
0.06440521
0.06440521
0.06440521
0.064216875
0.06421716
0.064217355
0.06421762
0.064217895
0.064217875
0.06421791
0.064217895
0.064217905
0.06421792
0.064401315
0.064400825
0.06440037
0.064399915
0.064399425
0.06439897
0.064398515
0.06439803
0.064397565
0.06439711
0.064396755
0.06439203
0.06439176
0.06439157
0.064391455
0.064391455
0.064391455
0.064391455
0.064391455
0.064391455
0.064391445
0.064205
0.064396445
0.064396445
0.064396445
0.064396445
0.064396445
0.064396445
0.064396445
0.064396445
0.064396445
0.06439645
0.06439645
0.06439645
0.064210005
0.064396445
0.064243285
0.06424371
0.064244115
0.0642445
0.064244905
0.06424523
0.064245575
0.06424602
0.064246425
0.064246745
0.06429637
0.064296305
0.064295685
0.064295635
0.064295545
0.064295445
0.064295315
0.064295215
0.064295115
0.064294985
0.064294895
0.0642948
0.06429462
0.06414458
0.06414458
0.06414457
0.064144565
0.06414456
0.064144555
0.06414455
0.064144545
0.06414454
0.064144535
0.064144415
0.06414436
0.064089235
0.064079085
0.06375914
0.06375914
0.063982995
0.063982835
0.06398262
0.0639825
0.063585865
0.063585885
0.063585885
0.06358589
0.06388761
0.06356029
0.063652085
0.06365208
0.06358334
0.06355194
0.06355185
0.06355175
0.063551545
0.063551265
0.063550945
0.06355064
0.063550445
0.06355048
0.063550475
0.063430095
0.063440185
0.06344018
0.063561845
0.06356185
0.063561845
0.063561805
0.06356187
0.06356195
0.06356178
0.063561685
0.06355176
0.063561855
0.063561855
0.06356171
0.0635614
0.06356125
0.063561065
0.06356186
0.06356186
0.06356187
0.0634101
0.063410095
0.063410095
0.063410095
0.063410095
0.063410095
0.063551625
0.063550995
0.06355089
0.06355079
0.06355068
0.06355057
0.06355051
0.0635505
0.0635505
0.0635505
0.063413865
0.063413975
0.06341408
0.063780935
0.06378093
0.06378096
0.063781
0.063780975
0.06378097
0.06378093
0.06378093
0.063780915
0.063780865
0.06345781
0.063458185
0.063766695
0.06376665
0.063766665
0.06376666
0.063766665
0.063766585
0.0634609
0.063460915
0.06346095
0.063780015
0.063780015
0.063780015
0.063780015
0.06346234
0.064086165
0.064085895
0.064085625
0.064085275
0.06408496
0.06408465
0.06408429
0.063780875
0.063780875
0.06380491
0.0638047
0.06380437
0.06380413
0.063803985
0.063803885
0.063803725
0.063803605
0.063803405
0.06380334
0.06380352
0.06380364
0.063803785
0.06380393
0.06380402
0.06380419
0.06380434
0.063804485
0.06380457
0.063804675
0.06380473
0.06380471
0.06380466
0.0638046
0.063804645
0.06380467
0.063804735
0.063804815
0.063804905
0.06380504
0.063622075
0.063572625
0.063560395
0.06356053
0.06350815
0.063473345
0.063473415
0.06342354
0.06342356
0.063423555
0.06342358
0.06379949
0.06362335
0.063623745
0.06362406
0.063624405
0.063624745
0.06362514
0.06362541
0.063625805
0.06362612
0.063626465
0.06379753
0.0637974
0.063797395
0.06379739
0.063797385
0.063627295
0.063677345
0.06367771
0.06367739
0.063478725
0.06348122
0.063484205
0.0634867
0.063373305
0.063373305
0.063373305
0.063484215
0.063484215
0.063484225
0.063682555
0.063760185
0.06367895
0.06350243
0.063816015
0.06362924
0.063814105
0.0636787
0.063986665
0.063655245
0.06388211
0.063676745
0.06367675
0.06366987
0.063831125
0.063604755
0.063604765
0.063604785
0.063604785
0.06360478
0.063604775
0.06355501
0.063555315
0.06355542
0.06340553
0.06340554
0.06340556
0.06340556
0.063405555
0.06340555
0.06340557
0.063405765
0.06340579
0.063405805
0.063405805
0.063406285
0.06340664
0.063406995
0.06340739
0.063407705
0.06340806
0.06340845
0.06340881
0.063409165
0.06340956
0.063409955
0.06341031
0.06346677
0.063467145
0.063561425
0.06356146
0.063561425
0.063561525
0.06356147
0.063528865
0.06315492
0.06315492
0.06315492
0.06315492
0.06315492
0.063136385
0.06339402
0.0633259
0.063325875
0.06332608
0.063326385
0.063326685
0.06339401
0.063394145
0.063394245
0.06339433
0.063394405
0.06319856
0.06319866
0.063394795
0.06339488
0.06339502
0.06339513
0.063395205
0.063395315
0.063395375
0.06339547
0.06339556
0.063395675
0.063395775
0.06339589
0.06339601
0.063396125
0.06342776
0.06342785
0.063428005
0.06342814
0.06342824
0.063428345
0.06342846
0.06342856
0.06342856
0.063428565
0.063428565
0.06342865
0.06346025
0.06346025
0.063460255
0.063460255
0.063460255
0.063460255
0.06346026
0.063460255
0.063428535
0.06346017
0.063460175
0.06346018
0.0634602
0.063460195
0.06346015
0.06346014
0.06346014
0.063428505
0.063428505
0.063460095
0.063460095
0.06346009
0.06326876
0.06326876
0.063268765
0.063268745
0.063268745
0.063237215
0.063237215
0.063237215
0.063237215
0.063237145
0.063237145
0.063237215
0.063237145
0.063237145
0.063237145
0.06320266
0.06326877
0.06326877
0.063394285
0.06339438
0.06339451
0.063394625
0.06339472
0.063394825
0.063394925
0.063395035
0.063395155
0.063395245
0.063395385
0.063395485
0.06339563
0.063395755
0.063395885
0.063395955
0.063396095
0.063396185
0.06339625
0.063396365
0.06339652
0.063396585
0.06339672
0.063396825
0.063396925
0.063397025
0.063397185
0.063397295
0.0633974
0.06339748
0.063271885
0.063271985
0.06327211
0.063272205
0.063272325
0.06327244
0.063272575
0.063275005
0.06340082
0.06347575
0.06347575
0.06370489
0.063705335
0.06370578
0.06370622
0.06370668
0.06365235
0.06365279
0.063653235
0.06365358
0.06365318
0.063652655
0.06365226
0.063651725
0.06365123
0.063650695
0.063650235
0.063589705
0.06358929
0.06358894
0.06358856
0.063588295
0.063587945
0.063587585
0.06358723
0.063586805
0.063586435
0.063586085
0.06358571
0.06358535
0.063585015
0.063584595
0.063584235
0.063583915
0.063545915
0.06354592
0.063545995
0.063545885
0.063545595
0.063545345
0.063545125
0.06354489
0.06354458
0.063544565
0.0635453
0.063545525
0.063545705
0.0635459
0.06354617
0.063546255
0.063546155
0.06354383
0.06354385
0.063544005
0.063544
0.063544115
0.063544325
0.06354452
0.06354473
0.06354491
0.06354512
0.06354527
0.063545485
0.063545735
0.06354605
0.06354632
0.06354672
0.06354702
0.06375058
0.063750945
0.06375146
0.063751975
0.06375247
0.06375298
0.06375348
0.06375395
0.063754435
0.06375491
0.06375541
0.063755935
0.063756425
0.063756935
0.063757415
0.06375788
0.0637582
0.06375839
0.06375885
0.06375933
0.06375982
0.06376035
0.063760785
0.063761335
0.06376182
0.063762265
0.063762795
0.06376331
0.06376383
0.06376431
0.063764825
0.063765315
0.0637658
0.063766265
0.06376681
0.06376726
0.0637677
0.06376792
0.06376802
0.06376807
0.063369005
0.063369385
0.06336973
0.063370105
0.063370505
0.06337087
0.06337127
0.06337164
0.06337204
0.0633724
0.06337276
0.06337316
0.063373535
0.06337381
0.063247545
0.06337372
0.063106615
0.06304184
0.062929305
0.0632081
0.063207605
0.06324879
0.06324822
0.063247785
0.063248065
0.063247565
0.063247295
0.06324729
0.063247285
0.06324729
0.06324729
0.06324729
0.06324729
0.06324729
0.063247295
0.06324729
0.063247285
0.063247285
0.063247285
0.06324728
0.063247285
0.06324728
0.06324728
0.06324721
0.063246925
0.063246605
0.06324629
0.06324609
0.06324602
0.063146005
0.063146005
0.063245695
0.063245535
0.06319546
0.063195455
0.06319545
0.062797245
0.063144325
0.06314413
0.063143885
0.063143685
0.06314327
0.06314285
0.06314241
0.06314247
0.063142635
0.06314276
0.063142715
0.063142665
0.06314231
0.063141945
0.063141535
0.063141205
0.06314084
0.06314731
0.06314767
0.063148155
0.063148635
0.06314913
0.06314959
0.06315003
0.063150505
0.063151
0.063151435
0.063151895
0.063152355
0.06315285
0.063153365
0.06315383
0.063154275
0.063154735
0.06315517
0.063155625
0.06315611
0.06315657
0.063157
0.063157455
0.06315793
0.063158405
0.06315893
0.06315942
0.063159885
0.06312567
0.063126135
0.063126565
0.06316196
0.06316244
0.06329731
0.06329741
0.06329746
0.06327277
0.063186855
0.063187265
0.063187715
0.06318809
0.0634943
0.0634943
0.0634943
0.06324634
0.0632468
0.0632471
0.06324743
0.063247745
0.063247995
0.06324838
0.06324882
0.063249295
0.0632497
0.06325014
0.063250425
0.06325068
0.06318657
0.063144625
0.06314507
0.063145435
0.06314581
0.06314606
0.0631463
0.063146195
0.06312398
0.063123445
0.063122915
0.0631224
0.06312192
0.063121385
0.0627766
0.062775735
0.063119045
0.063118515
0.06311801
0.063117555
0.063116995
0.06311649
0.06311598
0.06311543
0.063114875
0.063114385
0.063113875
0.063113355
0.063112825
0.06311231
0.063111815
0.06311132
0.06311077
0.063110315
0.063109865
0.063109295
0.063108815
0.063108235
0.06310775
0.06310723
0.06310668
0.06310619
0.06310569
0.063105185
0.06310466
0.06310411
0.0631036
0.0631031
0.06310259
0.063102045
0.063101535
0.063101045
0.063100505
0.06309999
0.063099515
0.063098965
0.063098455
0.063097935
0.063097435
0.06309702
0.06309653
0.06309607
0.063095665
0.063095535
0.063095555
0.063095525
0.063095495
0.06309549
0.06309543
0.063095265
0.063095085
0.06309476
0.063094565
0.06309438
0.06309431
0.06309432
0.06309433
0.0630942
0.0630942
0.06309412
0.06309401
0.063094015
0.06309401
0.06309398
0.06309393
0.06309393
0.063094005
0.06309404
0.063094155
0.063094205
0.063094245
0.063094275
0.06309429
0.06309414
0.06309416
0.063094205
0.06309412
0.06309395
0.063093945
0.06309398
0.063094055
0.06309397
0.06309398
0.06309409
0.063094205
0.063094225
0.063094205
0.06309426
0.063094275
0.0630943
0.06309435
0.0630944
0.06309436
0.063153785
0.06316424
0.06316424
0.06316424
0.06316424
0.063164415
0.0631647
0.063165005
0.063165305
0.06316562
0.0631659
0.06316598
0.06316598
0.06316598
0.06316598
0.06316598
0.06316598
0.06316598
0.06316598
0.063166
0.063166
0.063166
0.06316622
0.0631665
0.06316669
0.063166995
0.063167355
0.063167655
0.063167825
0.063167825
0.06316783
0.063167835
0.063167845
0.063167855
0.063167845
0.063167845
0.063167845
0.063168085
0.06316833
0.063168645
0.063168965
0.06316923
0.06316952
0.06316983
0.06316993
0.063170005
0.06317031
0.06317053
0.06317077
0.06317077
0.06317102
0.063171295
0.06317158
0.06317185
0.06317216
0.06317249
0.063172785
0.063117125
0.063117175
0.063117425
0.063117675
0.06317377
0.063174095
0.063174405
0.063174675
0.06317499
0.06317524
0.06317541
0.063175525
0.0631758
0.06317613
0.063176405
0.063176725
0.06317705
0.063177375
0.063177645
0.06317796
0.0631783
0.063178595
0.063178905
0.063179195
0.06317927
0.063184335
0.063184665
0.06318497
0.0631854
0.06318561
0.063185605
0.06321862
0.063218635
0.06321864
0.063218675
0.06321864
0.06321861
0.063218245
0.062951815
0.06324714
0.06324665
0.06324728
0.063247075
0.063199205
0.063198985
0.06319879
0.063199095
0.06319912
0.06319912
0.063199115
0.06319941
0.063199425
0.063199425
0.06319912
0.06337238
0.06337268
0.063372785
0.0633729
0.06337306
0.06337315
0.063373255
0.063373415
0.06337355
0.06337385
0.06337411
0.063374275
0.063374445
0.063374755
0.06337492
0.063375035
0.06337522
0.063375335
0.063527525
0.06352754
0.06352762
0.063527715
0.063527785
0.063527885
0.063528
0.06352813
0.06352817
0.06352831
0.06352836
0.06352851
0.063528585
0.063528695
0.063381375
0.063381605
0.063381675
0.063381815
0.063382015
0.06338235
0.06338237
0.06338229
0.06338219
0.06338208
0.06341326
0.063412895
0.063412525
0.063249825
0.06324983
0.063249835
0.06324984
0.063249845
0.06324985
0.06324935
0.063249355
0.06324936
0.0634995
0.06324965
0.063349515
0.06334953
0.06334955
0.063349665
0.06334974
0.063349835
0.063349955
0.06334999
0.063350065
0.06335012
0.06335016
0.063350175
0.06335019
0.063532265
0.06353227
0.063532275
0.06353228
0.06364946
0.063649465
0.06364946
0.06353226
0.06353234
0.063532305
0.06353227
0.06353234
0.06353265
0.06353271
0.06353233
0.06353235
0.06356398
0.06356398
0.06356399
0.063563995
0.06356403
0.06356412
0.06356398
0.06356398
0.063525005
0.063525025
0.063289145
0.06325003
0.06325003
0.06325003
0.06325003
0.063090685
0.063091065
0.063091505
0.063398285
0.063398655
0.0633991
0.06339958
0.063400025
0.06340045
0.06340093
0.06340135
0.06340175
0.0634021
0.063402175
0.06340226
0.063402435
0.063402545
0.06340271
0.063402765
0.063402985
0.063403405
0.0634037
0.06340402
0.06340439
0.063404785
0.06340517
0.063405755
0.06340164
0.063402065
0.063402555
0.06340299
0.06340346
0.06343534
0.06343575
0.06343622
0.063436685
0.06343715
0.063437595
0.0634381
0.063438555
0.063438965
0.06343944
0.06343989
0.06365739
0.06365749
0.0636576
0.063657695
0.063657795
0.063689275
0.063688955
0.063688885
0.06368901
0.063689245
0.063689435
0.06368973
0.063715655
0.0636946
0.063695005
0.063695365
0.06369583
0.06369623
0.063696515
0.06369663
0.06369675
0.063696835
0.063696925
0.06372832
0.063727995
0.06372821
0.063728545
0.063728835
0.06372919
0.063729455
0.063729725
0.06373268
0.0637331
0.06373345
0.06373381
0.0637985
0.06379881
0.063799195
0.063799645
0.063800075
0.063800525
0.06393622
0.06395679
0.06395727
0.063957655
0.06395805
0.063958265
0.06395869
0.0639591
0.063959435
0.06395933
0.06395974
0.063983665
0.06398393
0.063994015
0.064143755
0.06424375
0.064243755
0.064243755
0.064275855
0.06413211
0.064132105
0.063838885
0.063838885
0.06383889
0.0638389
0.0638389
0.06397105
0.063971085
0.063971025
0.06427586
0.063982855
0.06398264
0.06398255
0.063982535
0.0639826
0.063982675
0.06398256
0.063982645
0.063982535
0.06398263
0.063983065
0.063983365
0.06398367
0.063990715
0.063991025
0.063991355
0.063991655
0.06399193
0.063992235
0.06430099
0.063992585
0.063992725
0.063992855
0.06399315
0.06399366
0.063993975
0.063994265
0.06399463
0.06399509
0.063995405
0.06399575
0.06399619
0.06402045
0.064020905
0.0640214
0.064021865
0.06401801
0.06401845
0.0640189
0.064019355
0.064019815
0.064020255
0.064020725
0.06402115
0.06402159
0.064021905
0.06402224
0.06402254
0.06402282
0.064023115
0.064023365
0.06402368
0.06402397
0.064024225
0.06402453
0.064024865
0.06402518
0.06386819
0.06386844
0.06386871
0.063868715
0.06386884
0.063868885
0.063869175
0.06386945
0.06386955
0.064025195
0.064025195
0.064025195
0.06418269
0.06418038
0.06418038
0.06418038
0.06431754
0.06431769
0.06416286
0.064162855
0.06416286
0.06416286
0.06416286
0.06416286
0.064162865
0.06416269
0.06416269
0.06416268
0.06416267
0.06416262
0.063597945
0.06373511
0.06321518
0.06321491
0.063207845
0.06320785
0.06320785
0.063208035
0.063208455
0.063208895
0.063209305
0.06320972
0.06325936
0.06325975
0.063565335
0.06356566
0.06356594
0.06356617
0.063566395
0.06356658
0.063566675
0.06356679
0.063565665
0.0635653
0.063565065
0.063563645
0.06351384
0.063207855
0.062971735
0.06297173
0.06297173
0.062971655
0.062971655
0.062971655
0.063082885
0.063082895
0.063082875
0.063082875
0.063083105
0.06291581
0.06309405
0.06301039
0.06301028
0.06301016
0.062770845
0.062735425
0.06273544
0.062974435
0.062975
0.06297498
0.062974955
0.06297488
0.06297483
0.062974755
0.06297468
0.06297462
0.06297459
0.062974565
0.062975105
0.062975035
0.062974965
0.06297483
0.062974685
0.06297461
0.062974455
0.062975175
0.06297513
0.06297503
0.06297517
0.06297521
0.06297521
0.0629753
0.062975595
0.06297584
0.062976235
0.06348271
0.063482585
0.063482455
0.06348232
0.06348221
0.06348209
0.06328223
0.06305026
0.06328186
0.06328151
0.06321159
0.06321173
0.06321193
0.063212125
0.06321233
0.063212555
0.06321279
0.06321293
0.06321305
0.063213105
0.063213195
0.06321329
0.063213375
0.06321344
0.063213575
0.063213635
0.06321378
0.063213915
0.06321415
0.06321427
0.063214455
0.06321467
0.063214825
0.063214875
0.063217095
0.06324121
0.0632411
0.063240895
0.063275145
0.063347205
0.063346755
0.06324984
0.063199555
0.063166415
0.06316611
0.063346405
0.063346
0.06334553
0.0633451
0.06334429
0.063334925
0.06329979
0.063299445
0.06329916
0.063249905
0.06324976
0.063249635
0.06324947
0.063249375
0.06324928
0.063249195
0.06324909
0.06324978
0.063249785
0.063249785
0.06325011
0.06325047
0.063250675
0.063251075
0.0632495
0.063249505
0.063249505
0.063348395
0.063348255
0.06334814
0.063347995
0.063347825
0.0633477
0.063347585
0.06333997
0.063339855
0.06331992
0.063484685
0.063484615
0.0634846
0.063484615
0.06348463
0.063484565
0.063484695
0.0634848
0.063484935
0.06348517
0.0634853
0.063485425
0.06348553
0.06348572
0.063485855
0.063485975
0.06348605
0.063486075
0.06348601
0.06348606
0.063486025
0.063485655
0.063485125
0.063484585
0.063484075
0.06348304
0.06348006
0.06347951
0.063479005
0.063478465
0.063477905
0.063479855
0.06347932
0.063478835
0.063478285
0.063477785
0.06347725
0.063476725
0.063476185
0.0634757
0.06347514
0.063474625
0.063474125
0.063473565
0.06347305
0.063472565
0.06347213
0.063471655
0.063471135
0.06347061
0.063470055
0.063469635
0.06346911
0.063468615
0.06346809
0.06301505
0.063015045
0.06301505
0.06346702
0.063466575
0.06346616
0.06346576
0.0634653
0.063464835
0.063464275
0.06346376
0.06346327
0.063462765
0.06326535
0.063265295
0.063265165
0.06336433
0.06336382
0.063363325
0.06336286
0.06336236
0.06336183
0.06336132
0.063360765
0.06336026
0.063282455
0.063282345
0.06328236
0.063282345
0.06328232
0.063282235
0.063282115
0.06328198
0.06328186
0.06328173
0.063281635
0.06328151
0.063281395
0.06328218
0.06328252
0.06328261
0.063282725
0.063283035
0.063283345
0.063283655
0.06344452
0.06328423
0.06328455
0.06328487
0.063285175
0.063285475
0.0632858
0.063286055
0.063286345
0.06328665
0.063286805
0.063286845
0.06328617
0.063286125
0.06328602
0.063023405
0.063023405
0.063204165
0.06328163
0.063281475
0.06328195
0.063272415
0.063272645
0.063262995
0.063263275
0.06326332
0.063263635
0.063352165
0.06349932
0.06337488
0.063499885
0.063499885
0.063499885
0.063499885
0.063499885
0.063499885
0.063499885
0.0634999
0.0634999
0.063509945
0.063509945
0.063509945
0.06323494
0.06323494
0.06323494
0.06313237
0.06313237
0.06313237
0.06313237
0.06313237
0.063131925
0.063131925
0.06313193
0.063131925
0.06313193
0.063131925
0.063131925
0.063131925
0.063131925
0.063131925
0.063014865
0.063014865
0.063014865
0.063014865
0.063014865
0.063014865
0.063014865
0.063014865
0.063014865
0.063124515
0.06312452
0.06312452
0.06338491
0.06338491
0.06338486
0.063384755
0.063384635
0.063384595
0.063124965
0.063124915
0.06326004
0.06326006
0.06327466
0.063274235
0.0632741
0.06327391
0.063273765
0.063273625
0.06327348
0.063265055
0.06326504
0.06326455
0.063264385
0.063260955
0.06326095
0.063260955
0.063260045
0.063260975
0.06326091
0.06326093
0.06326093
0.06326093
0.063260915
0.06326093
0.06326093
0.06326093
0.06326093
0.06326093
0.06320005
0.06320005
0.06320005
0.06320005
0.06320005
0.06320005
0.06320005
0.06320005
0.06320005
0.06320005
0.06320005
0.06320005
0.063200045
0.06320004
0.063200035
0.06320003
0.063200025
0.06320002
0.063200015
0.06320001
0.063200005
0.063199995
0.06319999
0.063199985
0.06319998
0.063199975
0.06319997
0.063199965
0.06319996
0.063199955
0.06319995
0.06319994
0.063199935
0.063260975
0.063261275
0.063261645
0.06326206
0.06326238
0.063262725
0.063263065
0.06326339
0.063263715
0.06326404
0.06326438
0.063264515
0.063264565
0.063264655
0.063264745
0.06326484
0.063260935
0.063260935
0.063261005
0.063260935
0.063260935
0.063260935
0.063260935
0.063260835
0.063260935
0.06326099
0.06326093
0.06326093
0.06326081
0.063260665
0.063260535
0.063260395
0.06326024
0.063260085
0.063259945
0.06325981
0.063259695
0.063260905
0.06326075
0.06326066
0.063260525
0.06326039
0.063260255
0.063260205
0.063260205
0.063260185
0.063260205
0.06326023
0.063260245
0.063260265
0.06326028
0.0632603
0.063260325
0.063260345
0.06326036
0.063260425
0.063260845
0.063261195
0.0632615
0.063261815
0.063262145
0.063262445
0.063262795
0.06326303
0.06326306
0.063263075
0.0632631
0.06326311
0.06326312
0.06326315
0.063263155
0.063263165
0.063263165
0.06326316
0.06326316
0.063263155
0.063263155
0.06326028
0.06326028
0.06326028
0.063260285
0.063260285
0.063521105
0.06326093
0.06326093
0.063260915
0.063260915
0.063260915
0.063260915
0.063260895
0.063260875
0.06326087
0.063260865
0.063260855
0.06326087
0.06326088
0.063260885
0.063260885
0.063260925
0.06326093
0.063260845
0.06326071
0.063260685
0.06326065
0.063260625
0.06326052
0.06326036
0.06326093
0.063260925
0.06326093
0.06326093
0.06326093
0.063260905
0.06326094
0.06326094
0.06326085
0.06326094
0.06326094
0.063260965
0.06326094
0.06326109
0.063260945
0.063261055
0.063261225
0.06326133
0.063261445
0.063261565
0.06326164
0.06326179
0.063260935
0.063260935
0.063260935
0.06300059
0.063260945
0.063260945
0.06326094
0.063260945
0.06326095
0.063260925
0.0632609
0.063260885
0.063260835
0.06326086
0.063260935
0.063260935
0.063260965
0.063000115
0.063000115
0.063260935
0.063260935
0.063260935
0.063260935
0.06325012
0.06326094
0.06326094
0.063260935
0.063260915
0.063260765
0.063260625
0.063260495
0.063260265
0.063260125
0.063260035
0.06326089
0.06326089
0.06326089
0.06326084
0.063310695
0.063285585
0.063285435
0.063285115
0.06325979
0.06325942
0.063259075
0.063258825
0.06330845
0.06330835
0.063108635
0.06310897
0.06310923
0.063109415
0.06310958
0.06310971
0.063109905
0.06311014
0.063110415
0.0631107
0.06311099
0.06311112
0.063116
0.063116035
0.063116015
0.063116035
0.063115995
0.063115985
0.063116115
0.06311625
0.06311616
0.06311617
0.063116095
0.063116065
0.063116085
0.063116065
0.063116035
0.06311606
0.063115985
0.063115955
0.06311565
0.063115155
0.063114585
0.06311406
0.06311348
0.063112955
0.06311233
0.06311185
0.063111235
0.063110675
0.063110055
0.063109545
0.063108935
0.06310839
0.0631078
0.063107225
0.0631061
0.06309305
0.06308776
0.063087225
0.063086595
0.06198561
0.061865735
0.06186575
0.061985165
0.061985005
0.06166057
0.06084745
0.061199865
0.061359555
0.061619295
0.06186835
0.061867935
0.06186755
0.061867175
0.06186679
0.06186643
0.06186612
0.061607615
0.061865385
0.061864995
0.061864585
0.06186416
0.06186382
0.06186345
0.061863245
0.061862895
0.061862565
0.06186223
0.061861965
0.0618618
0.06186169
0.06186153
0.06186139
0.061861245
0.061860905
0.06186059
0.06186005
0.061859725
0.06185939
0.061859075
0.061700015
0.06205887
0.06210878
0.062054395
0.06205444
0.06205439
0.06205439
0.06205439
0.06205439
0.06205439
0.06205439
0.062232455
0.06223214
0.06229557
0.06229519
0.062294845
0.06229451
0.06229416
0.06229384
0.06229348
0.062293045
0.062292655
0.062292325
0.062291855
0.062291445
0.062291035
0.062290625
0.062290195
0.06228985
0.06228948
0.062289055
0.062288635
0.06203839
0.06203799
0.062037545
0.06203721
0.062036945
0.062036615
0.06203633
0.06203589
0.06203561
0.061975595
0.061750095
0.061700095
0.061700095
0.061443535
0.061444085
0.06144457
0.061444895
0.06144495
0.06144502
0.061444865
0.061444985
0.06144474
0.06144422
0.0614438
0.061225575
0.061224975
0.061224335
0.060557255
0.060557255
0.060783765
0.06078321
0.06078263
0.060782065
0.06078146
0.060780835
0.06073403
0.06073346
0.06073288
0.06073227
0.060777895
0.060777265
0.060776675
0.060776065
0.06077546
0.060774885
0.060774245
0.06077364
0.06077303
0.060772415
0.06052611
0.060525515
0.060524955
0.06052433
0.06052372
0.06052309
0.060522195
0.06051709
0.060516505
0.060515955
0.06051533
0.060514685
0.06051407
0.060513445
0.060512845
0.060512275
0.06051173
0.06051124
0.060510765
0.060510305
0.060509815
0.060509305
0.06063352
0.060609115
0.06060875
0.060608395
0.060608315
0.060608315
0.060608315
0.0606083
0.060608295
0.060608285
0.06060827
0.06060827
0.06060827
0.060608255
0.060354185
0.06045346
0.06045292
0.0604524
0.06035637
0.06035576
0.060355185
0.06035467
0.06035407
0.06035349
0.060008995
0.060008995
0.059820035
0.060008995
0.060008995
0.060008995
0.060008995
0.05988676
0.059886765
0.059886785
0.05988679
0.059886795
0.0598868
0.059886795
0.059886945
0.05988694
0.05988694
0.059886945
0.05988698
0.059887225
0.06017537
0.06017541
0.060324995
0.06032543
0.06032609
0.060326585
0.060349345
0.06034986
0.06035037
0.060350875
0.06035144
0.06035197
0.06035248
0.060094295
