0.017479675
0.01748006
0.01750281
0.017503285
0.01750378
0.01750429
0.017504795
0.01750527
0.01766971
0.017575305
0.01757543
0.017580355
0.01758029
0.017502095
0.017507125
0.01750713
0.017575805
0.01757608
0.01764995
0.017649775
0.017649615
0.017649455
0.01764928
0.01764912
0.017648925
0.017648795
0.01764871
0.01766784
0.017667845
0.01764855
0.01764855
0.0176395
0.0176395
0.017639505
0.0176395
0.0176395
0.017639515
0.017639545
0.017649035
0.017649035
0.017649035
0.017649035
0.017649035
0.017649045
0.01767499
0.017674875
0.017674785
0.01767462
0.017673995
0.01767385
0.017674955
0.017674955
0.01767499
0.017675345
0.01767543
0.017675745
0.017749905
0.017749955
0.01774995
0.01774995
0.01774995
0.01774995
0.01774995
0.01774995
0.01774995
0.01774995
0.01774995
0.01774995
0.01774995
0.01774995
0.01774995
0.01774995
0.01774995
0.01774995
0.01774995
0.01774995
0.01774995
0.01774995
0.01774995
0.01774995
0.01774995
0.01774995
0.01774995
0.01774995
0.01774995
0.01774995
0.01774995
0.01774995
0.01774995
0.01774995
0.01774995
0.01774995
0.01774995
0.01774995
0.01774995
0.01774995
0.01774995
0.01774995
0.01774995
0.01768163
0.0176817
0.01768175
0.01768173
0.01768173
0.01768171
0.01768172
0.017681725
0.017681735
0.017681715
0.017681705
0.017681705
0.017681705
0.01768174
0.01768172
0.01768175
0.01768173
0.01768172
0.01768173
0.01768172
0.0176817
0.01768171
0.0176817
0.01768173
0.01768173
0.01768173
0.01768171
0.01768173
0.017681695
0.01768169
0.01768173
0.01768171
0.01768172
0.01768173
0.01768172
0.01768174
0.017681745
0.017681735
0.01768177
0.017681805
0.017681795
0.017681795
0.017681795
0.017681795
0.017681765
0.01768175
0.017681615
0.017681445
0.01768129
0.017681135
0.017674635
0.017674465
0.01767431
0.01767413
0.01767405
0.01767391
0.0176738
0.017673695
0.017600485
0.01767299
0.01767289
0.01767278
0.017672665
0.01767254
0.01767242
0.01767231
0.01767218
0.017672085
0.017672015
0.017671975
0.017671895
0.01767181
0.017674945
0.017674865
0.017674765
0.017674995
0.017675
0.017674985
0.017675
0.01767498
0.017674945
0.017674885
0.01767502
0.01767504
0.017674935
0.01767485
0.017674715
0.017674615
0.017674485
0.01767437
0.01767427
0.017674135
0.017674035
0.017673865
0.017673765
0.017673645
0.01767353
0.01767342
0.01767331
0.017673215
0.01767313
0.01767302
0.017672915
0.0176728
0.01767268
0.0176501
0.0176501
0.0176501
0.0176501
0.017650105
0.017675005
0.017675025
0.017675035
0.017675025
0.017675015
0.017675005
0.017675025
0.017675045
0.017675025
0.017675055
0.017675055
0.0177
0.0177
0.0177
0.0177
0.0177
0.0177
0.017675585
0.017675585
0.017675585
0.017675585
0.017675585
0.017675585
0.017675585
0.017675585
0.017675585
0.017675585
0.017675585
0.017675585
0.017675585
0.017675585
0.01767555
0.017749955
0.01767355
0.017673865
0.017674305
0.01767481
0.017675285
0.017675435
0.01767355
0.01767355
0.01767355
0.01767355
0.017673545
0.01767355
0.01767358
0.01767358
0.01767358
0.01767358
0.01767358
0.01767358
0.01767358
0.01767358
0.01767358
0.01767358
0.01767358
0.017673585
0.01767358
0.017673585
0.017673585
0.017673545
0.01767355
0.01767355
0.01767355
0.017673545
0.017673965
0.017674205
0.017674325
0.017674355
0.017674405
0.017674705
0.01767484
0.01767522
0.017675705
0.017678455
0.017678955
0.01771796
0.01771796
0.01771796
0.01771796
0.017717955
0.01771795
0.017717945
0.01774499
0.017744995
0.01774511
0.01774564
0.01774606
0.017746535
0.017746935
0.017826505
0.01782651
0.017826515
0.01777504
0.017826495
0.017826495
0.017826485
0.0178265
0.017826495
0.017826495
0.017826495
0.017824995
0.017824975
0.01782498
0.017799905
0.01779998
0.0178
0.017825
0.01782488
0.01782483
0.0178247
0.017825
0.017824915
0.017825
0.01782488
0.01779996
0.017824935
0.017824995
0.01782498
0.017825
0.017825
0.017824905
0.01779979
0.017799715
0.01767839
0.017727795
0.017727765
0.01772774
0.017727725
0.01772771
0.017727855
0.017727995
0.017730085
0.017730565
0.01773097
0.017731545
0.017732005
0.01773253
0.01773301
0.017735005
0.017735475
0.0178265
0.0178265
0.01782649
0.017736495
0.017736565
0.01773656
0.01773654
0.01773652
0.017736485
0.017736465
0.017736425
0.01773673
0.017737135
0.01773752
0.017739745
0.017739745
0.017739765
0.01773977
0.017850665
0.017850575
0.017850695
0.017850695
0.017850695
0.01774113
0.017743535
0.01774353
0.01774352
0.01774348
0.017743435
0.01774342
0.017735545
0.017699435
0.01756816
0.01756863
0.01767796
0.01769517
0.017695545
0.01769592
0.017696595
0.01770188
0.017706895
0.01770734
0.017707675
0.01770956
0.01771048
0.01771088
0.01771122
0.017711735
0.01771192
0.017712165
0.01771356
0.01771354
0.017714145
0.017714125
0.017714095
0.017714045
0.01771399
0.01771395
0.017714055
0.017714315
0.01771464
0.01771498
0.01771529
0.01771554
0.01771582
0.01771617
0.017716505
0.01771679
0.017717075
0.01771731
0.01771727
0.01771726
0.017717245
0.017717675
0.0177177
0.017717735
0.0177177
0.01771766
0.01771774
0.017697015
0.017697535
0.01769795
0.01769831
0.01769849
0.01769889
0.01772106
0.01772149
0.017721955
0.017771665
0.017771665
0.017771665
0.017771665
0.017771675
0.017776515
0.01777653
0.017776535
0.017776535
0.017776535
0.01777654
0.01777654
0.01777654
0.01777654
0.01777654
0.01777654
0.017776505
0.01777656
0.01777656
0.01777656
0.017776565
0.017776565
0.017776565
0.01777657
0.01777657
0.01777657
0.017879965
0.017879865
0.01787975
0.017879605
0.017879495
0.017879415
0.017879315
0.01787926
0.01787916
0.017782275
0.01778228
0.01778228
0.017782675
0.01778275
0.01778225
0.01778225
0.01778225
0.01778225
0.01770626
0.017784035
0.017784035
0.017784035
0.017784035
0.017784035
0.01778404
0.01778404
0.01778404
0.017786005
0.017786005
0.01778601
0.017791005
0.017791005
0.017791005
0.017791005
0.017791005
0.017791005
0.01779101
0.01779101
0.01779101
0.01779101
0.01779101
0.01779101
0.01779101
0.017791015
0.01779102
0.017791025
0.017791025
0.017791015
0.017791015
0.017791015
0.017791015
0.017791015
0.017791015
0.017791015
0.017730025
0.017730025
0.017730025
0.017730025
0.017730025
0.017730025
0.017730025
0.017730025
0.017730025
0.017730025
0.017730025
0.017730025
0.017730025
0.017730025
0.017730025
0.017730025
0.017730025
0.017730025
0.017730025
0.017725015
0.01772502
0.017727515
0.017727515
0.017727515
0.017727515
0.017727515
0.017727515
0.017727515
0.017727515
0.017727515
0.01772752
0.01772752
0.01772752
0.01772752
0.01772752
0.01772752
0.01772752
0.01772752
0.01772752
0.01772502
0.01772502
0.01772502
0.01772502
0.017725065
0.017725065
0.017725065
0.017725065
0.017725065
0.01766502
0.017665015
0.017665015
0.017725065
0.01766502
0.017600005
0.017641725
0.01764177
0.01764146
0.01764059
0.01764006
0.017639575
0.017638995
0.017638465
0.017637925
0.01763738
0.017636855
0.017636345
0.017635815
0.01763531
0.0176348
0.017634225
0.017641465
0.01764137
0.017641335
0.01764113
0.017640995
0.017640915
0.017640795
0.017640695
0.017640595
0.017640405
0.017640235
0.01764004
0.017639705
0.01763918
0.017638775
0.01763831
0.0176378
0.01763724
0.01763666
0.017631365
0.01763104
0.01763095
0.01763095
0.017630945
0.017641195
0.017641225
0.01764167
0.017641675
0.01764164
0.01764193
0.017642265
0.01764257
0.017643055
0.01764355
0.017644635
0.0178265
0.01777668
0.017809055
0.017849045
0.017849045
0.01784904
0.017822
0.017822005
0.017822005
0.017822005
0.017822005
0.017822005
0.017822005
0.017822005
0.017822005
0.017822
0.017822
0.017822
0.017822
0.017822
0.017822005
0.017822005
0.0178478
0.017847705
0.01784767
0.01784767
0.01784898
0.017791005
0.017791005
0.017845365
0.017822
0.017821965
0.01782197
0.01782199
0.01775181
0.017752035
0.01775661
0.01775712
0.017761615
0.017762095
0.017762605
0.01776655
0.017766665
0.01776655
0.017766765
0.01776724
0.01776738
0.01776754
0.01776759
0.017771795
0.017772205
0.01777269
0.017772915
0.01777319
0.01778686
0.01780059
0.017800905
0.017801335
0.01780369
0.01780401
0.017804145
0.017804155
0.01780418
0.01780418
0.01780418
0.017804165
0.01780417
0.017804155
0.01780404
0.017803995
0.017803945
0.017803925
0.017803915
0.01780386
0.017803755
0.0178035
0.01780345
0.01780344
0.0178034
0.01780335
0.01780333
0.01780329
0.01780327
0.01780324
0.01780319
0.017803115
0.017803015
0.01780278
0.01779897
0.017729125
0.01772914
0.017798655
0.01779858
0.017798515
0.017798435
0.01779817
0.017798015
0.01779786
0.0177943
0.017794125
0.01779398
0.017793955
0.01779393
0.017793815
0.017793705
0.01779358
0.01779336
0.017790105
0.01782371
0.017724845
0.0177247
0.01772455
0.017724405
0.01772426
0.01772402
0.01772385
0.017723615
0.017723085
0.017722675
0.01758751
0.017585785
0.017590155
0.01757763
0.01757712
0.01757663
0.01757611
0.01740535
0.01740573
0.017405725
0.01740572
0.017405715
0.01740571
0.017405705
0.0174057
0.01750538
0.017535685
0.01753587
0.017535825
0.01753583
0.017535965
0.01753605
0.017536095
0.017536485
0.017536825
0.01753715
0.017537355
0.017537335
0.017537625
0.01753793
0.017538155
0.017553065
0.017553065
0.01755288
0.017552755
0.017552435
0.01759687
0.01759204
0.017591865
0.017533825
0.01753352
0.017505765
0.017505855
0.01750596
0.017505945
0.017505795
0.017535045
0.01753458
0.017534215
0.017533815
0.017533445
0.017533105
0.017532705
0.01753221
0.017531665
0.01753126
0.01753067
0.017530215
0.01749046
0.017490215
0.01749004
0.017489535
0.01748908
0.017488595
0.017488125
0.01748774
0.017487545
0.017487125
0.01748663
0.01748615
0.01748568
0.01748522
0.0174847
0.01748418
0.017483705
0.01748326
0.017482775
0.0174823
0.017481845
0.0174814
0.017480935
0.01748046
0.017480035
0.017479575
0.017479065
0.017406055
0.017406055
0.017406055
0.01740605
0.017406045
0.017406045
0.01740605
0.01740608
0.017406175
0.017406285
0.01740604
0.01740607
0.017406175
0.017406295
0.01740603
0.01740613
0.017406025
0.017406085
0.01740602
0.01740601
0.017406015
0.017406105
0.017406
0.017406055
0.017405995
0.017405995
0.017405995
0.017406055
0.017406055
0.017406055
0.017406055
0.017406055
0.017406055
0.017406055
0.017406055
0.017406055
0.017406055
0.017406055
0.017406055
0.01740604
0.01741104
0.01741104
0.01740604
0.01740604
0.01740604
0.01740604
0.01740604
0.01740604
0.01740604
0.01740604
0.01740604
0.017406035
0.01740603
0.017406025
0.01740602
0.017406015
0.01740601
0.017406005
0.017406
0.017408555
0.01753598
0.01754168
0.01754161
0.01754125
0.017506365
0.017506245
0.017505645
0.01750556
0.01750608
0.01750655
0.017507015
0.017507565
0.017507965
0.01750839
0.01750886
0.017509365
0.01754996
0.01759991
0.017599905
0.01759993
0.01759993
0.017599945
0.017599945
0.017599945
0.017599945
0.017599945
0.017599945
0.017599945
0.017599945
0.017599945
0.017599945
0.017599945
0.017599945
0.017599945
0.017599945
0.01767428
0.0176738
0.01767334
0.01752501
0.017485
0.017525
0.017485
0.017485
0.017485
0.01748294
0.01748283
0.01748271
0.017482265
0.01748178
0.0174156
0.01748087
0.0174156
0.0174156
0.01748025
0.017479775
0.017479585
0.017479265
0.017478905
0.01747876
0.017478685
0.017478665
0.01747856
0.017477555
0.01747607
0.01747607
0.01747258
0.01747235
0.017472235
0.01747211
0.01741356
0.01741356
0.017482585
0.017482585
0.01748098
0.017480975
0.01740601
0.017406005
0.01741098
0.01741099
0.01748
0.01748099
0.01748099
0.017481
0.017481
0.01748101
0.017475025
0.017477505
0.017552555
0.017552165
0.017551765
0.017551425
0.01755112
0.017550755
0.017550385
0.01755009
0.01754974
0.01755132
0.017550985
0.01755067
0.01755025
0.01750788
0.01750788
0.01750788
0.01750788
0.01750788
0.01750788
0.017508025
0.01750827
0.0175083
0.01750826
0.017508545
0.01750872
0.01750888
0.01750907
0.01750924
0.017509395
0.01750947
0.01750947
0.01750947
0.01750947
0.01750947
0.01750947
0.01750947
0.017661
0.017660825
0.017660645
0.01766047
0.017660275
0.017660085
0.01765991
0.017659715
0.017659525
0.01765933
0.017659155
0.017658985
0.017658825
0.017658655
0.017658495
0.01765833
0.017658165
0.01765801
0.01765784
0.01765767
0.01765751
0.017657345
0.017657205
0.017657055
0.017656905
0.017656745
0.017656605
0.017656455
0.0176563
0.017656145
0.017656005
0.01765588
0.01765572
0.017655565
0.01765542
0.017655265
0.017655105
0.01765495
0.01765479
0.01765464
0.01765448
0.01765433
0.017654165
0.01765402
0.0176539
0.01765376
0.0176536
0.01765347
0.01765332
0.01765316
0.01765299
0.01765282
0.017652645
0.01765247
0.017652215
0.01765205
0.017568465
0.017601685
0.01760151
0.017549995
0.017549995
0.017549995
0.017549995
0.01754999
0.01754999
0.017554995
0.017554995
0.01755501
0.0175551
0.017555055
0.017605135
0.01760506
0.017604975
0.01760488
0.017604785
0.017604715
0.01760464
0.01755513
0.017555125
0.017555125
0.017555125
0.017555125
0.01755514
0.01755514
0.01755517
0.017555185
0.01755522
0.017555205
0.017555215
0.01755522
0.01755522
0.01756027
0.01756028
0.01759986
0.01759986
0.01759992
0.01759992
0.01759992
0.017599925
0.017599925
0.017599925
0.017599925
0.017599925
0.017599925
0.017599925
0.01756036
0.017560445
0.017560585
0.01756072
0.01756088
0.017561015
0.017561035
0.017561045
0.017561205
0.017561035
0.017561045
0.017561035
0.017561115
0.017561025
0.017561035
0.01756103
0.01756103
0.01756103
0.01756103
0.01756103
0.01756103
0.01756103
0.01756103
0.01756103
0.01756103
0.01756103
0.01756103
0.01756103
0.01756103
0.01756103
0.01756103
0.01756103
0.01756104
0.01756104
0.01756104
0.01756104
0.01756104
0.01756104
0.01756105
0.01756105
0.01756105
0.01756105
0.01756105
0.01756105
0.01756106
0.017561045
0.01756105
0.01756105
0.01756105
0.01756105
0.01756102
0.017560995
0.01756103
0.01755157
0.01753398
0.01753398
0.01753399
0.017533985
0.01753387
0.01753375
0.017533685
0.01753361
0.01753352
0.017528345
0.017528235
0.017528155
0.01752805
0.017527935
0.01752783
0.017527735
0.017527685
0.017527665
0.017527665
0.017545265
0.01754527
0.01754527
0.01754603
0.01754603
0.01754603
0.01754603
0.01754603
0.01754603
0.017546035
0.017546035
0.017546035
0.017546035
0.017546035
0.017546035
0.017546035
0.0175881
0.017545245
0.01758887
0.017588875
0.017551595
0.01755161
0.01755161
0.01755161
0.017551635
0.017551665
0.017553435
0.017553435
0.017553565
0.01755375
0.0175539
0.01755403
0.017554175
0.017554195
0.017554195
0.017554195
0.017554195
0.017554195
0.017554195
0.017554195
0.017554195
0.017554195
0.017554195
0.017554195
0.017554195
0.017554195
0.017554195
0.017554225
0.017554315
0.01755431
0.017554315
0.01755342
0.01755342
0.01758534
0.017585445
0.01755167
0.01755175
0.017551755
0.017551755
0.017551755
0.017551755
0.01755168
0.017551555
0.017551445
0.017551755
0.017551755
0.017551755
0.017551755
0.0175004
0.01750056
0.01750074
0.01750087
0.01750092
0.017501035
0.017501135
0.017501255
0.017501425
0.017501595
0.017524995
0.01752505
0.01752804
0.017528065
0.017528065
0.017528065
0.017528065
0.01752806
0.01752806
0.01752807
0.01752808
0.017528085
0.017528085
0.017528085
0.017528085
0.01752814
0.017528295
0.017528435
0.017528595
0.017528725
0.01752892
0.017529045
0.01752921
0.01752937
0.017529525
0.0175297
0.017529855
0.01753003
0.017530195
0.01753036
0.01753053
0.017530685
0.01753085
0.017530995
0.01759999
0.01759999
0.01759999
0.01759999
0.01759999
0.01759999
0.01759999
0.01759999
0.017569995
0.017570005
0.017570005
0.017570005
0.017570005
0.017570005
0.017570005
0.017570005
0.017570005
0.017570005
0.01757001
0.017570005
0.017570005
0.01757003
0.01757003
0.017570035
0.017570035
0.017570035
0.017570045
0.017570045
0.017570045
0.017570045
0.01757004
0.01757004
0.01757004
0.017570195
0.01757011
0.017570025
0.01754024
0.01756998
0.01751663
0.017551435
0.01754975
0.017500005
0.017500005
0.017500005
0.017451115
0.017500765
0.01750079
0.01750134
0.01750129
0.017501195
0.017501095
0.017500975
0.01750086
0.017500735
0.01750062
0.01750053
0.01750049
0.01750046
0.017500375
0.017500275
0.017500165
0.017500045
0.01749994
0.017499845
0.017499735
0.017499605
0.01749945
0.01749934
0.017499205
0.017498695
0.01749853
0.01749644
0.017496215
0.017496005
0.01749584
0.017495665
0.017495505
0.01749534
0.01749517
0.017495015
0.01749485
0.0174947
0.017494545
0.017494325
0.017494155
0.01747851
0.01747833
0.017478165
0.017478015
0.01747786
0.017477735
0.017477605
0.017477485
0.01747738
0.017477275
0.017477275
0.017477265
0.017477265
0.017477265
0.017477265
0.017477265
0.017477265
0.017477265
0.017477265
0.01747726
0.0174772
0.0174772
0.017477205
0.01747721
0.01747722
0.01747718
0.017477125
0.017477135
0.01747714
0.017477155
0.017477155
0.01747714
0.01747702
0.01747702
0.01747702
0.017477035
0.017477045
0.01747709
0.017477485
0.0174775
0.017477515
0.017477465
0.017477295
0.017477295
0.017477295
0.0174773
0.0174775
0.017477505
0.01747751
0.017477515
0.017477515
0.017477525
0.017477525
0.017477535
0.01747754
0.017477545
0.01747755
0.017477565
0.01747758
0.01747758
0.017477595
0.0174776
0.017477615
0.017477625
0.017477625
0.017477625
0.017477605
0.017477475
0.017477475
0.017477465
0.017477465
0.017477465
0.01747907
0.017479265
0.01747942
0.01747963
0.01747981
0.017479985
0.01748019
0.01748039
0.01748058
0.017480755
0.01748093
0.017482455
0.0174826
0.017482705
0.017482705
0.017482775
0.01748278
0.01748289
0.017482885
0.01748238
0.01748232
0.017482275
0.01748223
0.01748218
0.017482145
0.01748208
0.01748197
0.017481835
0.01748171
0.01748158
0.01748146
0.017481315
0.01748119
0.017481065
0.017480915
0.01748077
0.01748067
0.017480555
0.017480425
0.017480265
0.01748125
0.01748106
0.01748087
0.0174807
0.0174805
0.01748032
0.01748013
0.017479975
0.017479845
0.017479725
0.0174796
0.01747949
0.017479375
0.01747924
0.01747908
0.01747893
0.017478785
0.017478635
0.01747847
0.017478295
0.01747815
0.017477995
0.017477835
0.01747769
0.01747755
0.017477435
0.01747727
0.01747709
0.017476935
0.017476795
0.01747666
0.017476545
0.01747644
0.017408855
0.01740886
0.01747491
0.01747473
0.01747462
0.01747448
0.01747437
0.017474265
0.01747529
0.017475205
0.01747508
0.01747497
0.01747487
0.017474755
0.01747465
0.01747453
0.017474405
0.017474285
0.01747416
0.01747405
0.01747401
0.01747401
0.01747401
0.017474045
0.017474185
0.017474055
0.01747419
0.01747432
0.017474445
0.017474575
0.01747469
0.01747483
0.017474985
0.017475105
0.01747523
0.01747535
0.01750901
0.01747553
0.01747566
0.017475775
0.01747592
0.01747604
0.017476015
0.017476215
0.017476235
0.01747637
0.01747649
0.017476615
0.01747675
0.017476855
0.01747698
0.01747694
0.01746908
0.01746899
0.017468945
0.017468855
0.017468775
0.01746868
0.01746856
0.017468465
0.01746841
0.017468325
0.01746825
0.01746816
0.017468075
0.017468045
0.017468105
0.017468175
0.01746823
0.01746834
0.017468445
0.017468485
0.017468515
0.01746856
0.01746731
0.017467225
0.01746715
0.017467095
0.017467
0.017466945
0.01746685
0.017466775
0.017466685
0.01746658
0.01746654
0.017444545
0.017444465
0.01744438
0.017444295
0.017444255
0.01744428
0.0174443
0.01744592
0.017445845
0.017465775
0.017465745
0.017465665
0.017465565
0.0174655
0.017465425
0.017465385
0.017465315
0.01746525
0.017375045
0.017375045
0.01737504
0.01737504
0.01737504
0.01737504
0.01737504
0.017375045
0.017375055
0.017375065
0.017375075
0.01735006
0.01735003
0.01734999
0.01735165
0.01735165
0.01735165
0.01735165
0.017351655
0.01735162
0.01735162
0.01735162
0.017351625
0.017351625
0.017399995
0.017352145
0.01735215
0.01735215
0.017352155
0.017352155
0.01735216
0.017352155
0.01735216
0.01735216
0.017352155
0.017352155
0.01735215
0.017359985
0.01735498
0.01735498
0.017354975
0.017354975
0.01735497
0.017355
0.01735216
0.017352165
0.017352165
0.017347165
0.017339665
0.017339665
0.017339665
0.01733967
0.01733967
0.0173425
0.0173425
0.0173425
0.0173425
0.0173425
0.017350005
0.017355005
0.017365
0.01737
0.01737
0.01738
0.017385
0.017385
0.017385
0.017385
0.01739
0.01738499
0.01735213
0.017352135
0.01734216
0.01734216
0.017352135
0.017352135
0.01735214
0.017352165
0.017352165
0.017352165
0.01735217
0.01735218
0.01735228
0.017352385
0.017352395
0.017352395
0.017375
0.01730185
0.017302005
0.01730218
0.017349985
0.01734999
0.017350005
0.01735001
0.017350015
0.01735002
0.01735003
0.017350035
0.01735008
0.017350085
0.01735009
0.017350095
0.0173501
0.017350105
0.01735011
0.017400075
0.017352225
0.01735011
0.017350115
0.017350115
0.017350115
0.017350115
0.017350115
0.017350115
0.017350115
0.017400505
0.01740034
0.01740026
0.017400125
0.017394925
0.017394675
0.017394465
0.01739422
0.01739399
0.017393785
0.017393595
0.01739339
0.01739317
0.01739295
0.01739274
0.017392495
0.01739226
0.01739204
0.01739181
0.017391585
0.01739143
0.017391395
0.017391395
0.017391395
0.017391395
0.017391395
0.01739128
0.01739113
0.017390945
0.017390695
0.017390485
0.017351215
0.01735099
0.017350765
0.017350535
0.01735029
0.01735005
0.01731091
0.017310735
0.01731058
0.01731038
0.017310195
0.017309995
0.01730979
0.017309605
0.017309465
0.017309315
0.017348195
0.017260965
0.01726096
0.01726096
0.017272585
0.017272565
0.01727259
0.01727259
0.01726
0.01726
0.01726
0.017257495
0.01725598
0.01725601
0.017255025
0.01730736
0.01730501
0.017339795
0.017319945
0.017254995
0.017254995
0.01725499
0.017254965
0.017225
0.0172225
0.017224845
0.017220015
0.01725492
0.017254755
0.01725457
0.017254395
0.017254225
0.01725407
0.01725389
0.017253725
0.01732044
0.017320185
0.017359965
0.017319775
0.017284855
0.01728473
0.01728461
0.01728448
0.01728435
0.01727997
0.017274965
0.01727477
0.017260005
0.017260005
0.017260005
0.01726
0.01726
0.01726
0.01726
0.01726
0.01726
0.01726
0.01726
0.01734407
0.017303875
0.01730367
0.01730349
0.017303285
0.01730308
0.017302885
0.017267635
0.01724928
0.017249055
0.017248825
0.01724857
0.01724836
0.01724814
0.01724792
0.017247605
0.017247375
0.01724715
0.0172469
0.01724666
0.017246445
0.017246195
0.017245985
0.017245835
0.017245585
0.017175
0.017175
0.017174995
0.01717501
0.017175005
0.017175005
0.017175005
0.01724418
0.01724404
0.017243895
0.017243755
0.01724446
0.01727366
0.01727348
0.017244395
0.01724439
0.017244375
0.01718201
0.017182115
0.017182115
0.017182115
0.017182115
0.017182115
0.01718212
0.01718215
0.01718215
0.01718215
0.017182155
0.017185255
0.017185255
0.017185255
0.017185265
0.01721025
0.017185265
0.017185275
0.0172727
0.017272715
0.01727272
0.01727269
0.0172716
0.01727154
0.017271485
0.017271175
0.017271035
0.01727088
0.017270665
0.01727042
0.01727033
0.017270185
0.01727379
0.01727336
0.017272865
0.017272365
0.01727213
0.017271925
0.017271725
0.01727167
0.017300505
0.017271435
0.01727137
0.01727142
0.017270435
0.017270445
0.01726482
0.017264845
0.01726526
0.017264745
0.017284335
0.017284175
0.01728403
0.017283835
0.017283685
0.017283545
0.017283395
0.017283365
0.01728317
0.01728317
0.01728309
0.017283045
0.0172829
0.01728292
0.017282925
0.017283215
0.017282555
0.017282425
0.017282375
0.017282375
0.017282325
0.017282305
0.01728224
0.017282155
0.017282095
0.01728204
0.017281975
0.0172819
0.017281905
0.01728184
0.01724793
0.01728193
0.01728193
0.01728193
0.01728193
0.017281935
0.017281935
0.017281935
0.017282085
0.01728247
0.0172829
0.0172833
0.017282015
0.01728207
0.01728216
0.01728203
0.01728203
0.01728203
0.01728193
0.017281935
0.017281935
0.01728198
0.01728009
0.01726623
0.01726834
0.017268445
0.01726869
0.017268795
0.01726888
0.017269005
0.017269075
0.017281975
0.01728218
0.017281945
0.01724854
0.01724854
0.017278545
0.017278405
0.017278405
0.017278405
0.017278405
0.017278405
0.017278405
0.017278405
0.017279905
0.017279905
0.017279905
0.017279905
0.017279905
0.0172799
0.0172799
0.0172799
0.0172799
0.0172799
0.017279845
0.01727974
0.017294675
0.01729609
0.017296035
0.01729097
0.017278575
0.01727404
0.017274145
0.01727357
0.01727954
0.01727954
0.01727365
0.017273765
0.017273815
0.017273815
0.017273505
0.017273205
0.017273205
0.017273405
0.01727361
0.01727374
0.01727399
0.017273215
0.017273325
0.0172732
0.01727321
0.01727321
0.01727327
0.01729016
0.017290685
0.01729092
0.01729105
0.01728483
0.017292035
0.01729253
0.017293015
0.0172935
0.01729398
0.01729448
0.01729497
0.01729542
0.017295935
0.01733879
0.01733879
0.01733879
0.01733879
0.01733879
0.01733879
0.01733879
0.01739811
0.017397955
0.0173979
0.01739782
0.01739769
0.01739754
0.017397375
0.017397055
0.017399995
0.017321355
0.017321355
0.017321355
0.01732136
0.01732136
0.01732136
0.01732136
0.01732136
0.01732136
0.01732136
0.01732136
0.01732136
0.01732136
0.01732136
0.01732136
0.01732136
0.01732136
0.01732136
0.01732136
0.01732136
0.017390945
0.01739093
0.017390925
0.01739087
0.01739078
0.017390755
0.01739067
0.01739052
0.01739039
0.01739028
0.01739014
0.01739002
0.01738987
0.01738987
0.01738976
0.01738961
0.017389465
0.01738929
0.01738913
0.017388995
0.017388995
0.01738885
0.017388705
0.017388575
0.01738845
0.017388345
0.017388245
0.017388155
0.017387745
0.017387545
0.017377
0.017377
0.017364495
0.01735894
0.01735894
0.017290625
0.01729111
0.017291585
0.017292055
0.017274615
0.01727516
0.017275675
0.01727618
0.017276715
0.017277295
0.017277855
0.017278385
0.01727897
0.017279515
0.017280055
0.017280575
0.017281125
0.017281715
0.017282255
0.017282645
0.017283045
0.017283195
0.017283285
0.01728336
0.017283455
0.01728379
0.017283835
0.017283795
0.01728391
0.017283995
0.017308155
0.017308225
0.017296105
0.01729624
0.017296375
0.017296515
0.017296675
0.017296825
0.017296985
0.017297165
0.01729735
0.017297805
0.01729835
0.017298885
0.01729934
0.017299875
0.01730038
0.01730091
0.01730144
0.01730198
0.017302525
0.01730308
0.017303595
0.01730411
0.01730457
0.017305085
0.017305595
0.01730615
0.0173067
0.017307215
0.01730776
0.017308215
0.017308775
0.01730936
0.01730994
0.01731048
0.01731099
0.017311295
0.01731158
0.017311725
0.017311965
0.017312115
0.01731226
0.017312415
0.017312575
0.01732267
0.01734767
0.01734767
0.01734767
0.01734767
0.01734767
0.01734767
0.01734767
0.01734767
0.017304315
0.0173126
0.017312705
0.01731282
0.01731295
0.01731296
0.01731302
0.01731315
0.017313205
0.017313275
0.017313325
0.017313325
0.017313325
0.017313325
0.017313325
0.017313325
0.017313335
0.017313345
0.01731347
0.01731362
0.017313735
0.017313855
0.017313985
0.01731399
0.01731399
0.01731399
0.01731399
0.017314095
0.017314525
0.017314645
0.017314645
0.017314645
0.01731465
0.017314595
0.01731449
0.017335825
0.017335685
0.017335625
0.017322215
0.01732226
0.017322265
0.01732231
0.017322315
0.01732252
0.01732277
0.017323215
0.01732337
0.01732228
0.01732493
0.01732493
0.017324935
0.017324925
0.01732474
0.017324655
0.01732456
0.017324495
0.01732445
0.017324365
0.01732403
0.01732451
0.017344035
0.01736902
0.017384005
0.017384005
0.017384
0.017384
0.01729458
0.01729496
0.017294995
0.017294935
0.017295
0.01729448
0.01729343
0.017288855
0.01728436
0.0172997
0.017255055
0.017255205
0.017255355
0.017255425
0.01725598
0.017256155
0.017256155
0.017256155
0.017256165
0.017256285
0.017256395
0.017256525
0.017256665
0.017256765
0.01725689
0.017257015
0.017257165
0.017257285
0.017257345
0.01725735
0.017200455
0.017200935
0.01720142
0.017206875
0.017207355
0.01720783
0.017208305
0.017208815
0.01721425
0.01721477
0.01721526
0.01721558
0.017215675
0.01721585
0.017216345
0.0172218
0.017315925
0.017315925
0.017315925
0.017315925
0.017315925
0.01731592
0.01731593
0.017315925
0.01731592
0.01731592
0.01731592
0.01731592
0.01731592
0.01731592
0.01731592
0.01731592
0.01731592
0.01731592
0.01731592
0.01731592
0.01731592
0.01726915
0.017320925
0.017320925
0.017325925
0.017269915
0.01733092
0.01733092
0.01733092
0.01735349
0.01735349
0.01736072
0.01736072
0.01736072
0.01736072
0.01736072
0.01736072
0.0173598
0.0173598
0.0173598
0.0173598
0.0173598
0.0173598
0.0173598
0.0173598
0.0173598
0.0173598
0.0173598
0.0173598
0.017359715
0.0173596
0.017300715
0.017300645
0.017300585
0.01730055
0.017296095
0.017204855
0.017204855
0.017204855
0.017204855
0.017204855
0.017204855
0.017204855
0.017204855
0.01718141
0.01718141
0.0171513
0.017151305
0.0171513
0.01715129
0.017148845
0.017097735
0.017097735
0.017097735
0.017050155
0.01705016
0.01705016
0.017050165
0.017050165
0.017050165
0.017050165
0.017050165
0.017050165
0.017050165
0.017050165
0.017050165
0.017050165
0.017050165
0.017050165
0.017050165
0.017050165
0.017050165
0.017050165
0.017050165
0.017050165
0.017050165
0.017050165
0.017050165
0.017050165
0.017050165
0.017050165
0.017050165
0.017050165
0.017050165
0.017050165
0.017050165
0.017050165
0.017050165
0.017050165
0.017050165
0.017050165
0.017050165
0.017050165
0.017050165
0.017050165
0.017050165
0.017050165
0.017050165
0.017050165
0.017050165
0.017050165
0.017050165
0.017050165
0.017050165
0.017050165
0.017050165
0.017050165
0.017050165
0.017050165
0.017050165
0.017050165
0.017050165
0.017050165
0.017050165
0.017050165
0.017050165
0.017050165
0.017050165
0.017050165
0.017050165
0.01705017
0.01705444
0.017054935
0.01705541
0.017171015
0.017171315
0.01717164
0.01717178
0.017171745
0.0171717
0.01717157
0.017171265
0.01717082
0.01717044
0.017170035
0.017169605
0.017169215
0.0171686
0.01716818
0.01716784
0.01716744
0.01716704
0.017166665
0.01716625
0.01716587
0.017165485
0.017165045
0.017164625
0.017164235
0.01716385
0.017163475
0.017163085
0.01716272
0.017162385
0.017162015
0.01716233
0.01716232
0.017162
0.01716156
0.017161485
0.01716101
0.017160625
0.017160035
0.017159715
0.017159405
0.017159
0.01715868
0.017158365
0.017157925
0.0171575
0.017157055
0.01715665
0.017156505
0.01715702
0.017156815
0.01715663
0.01715641
0.017156395
0.01715285
0.017152985
0.01715309
0.01715324
0.01715338
0.01715308
0.017152775
0.01715256
0.017152505
0.01715245
0.01715245
0.01715245
0.01715245
0.01715245
0.01715245
0.01715245
0.01715245
0.01715245
0.01715245
0.01715245
0.01715245
0.01715245
0.01715245
0.01715245
0.01715245
0.01715245
0.01715245
0.01715245
0.01715245
0.01715245
0.01715245
0.01715245
0.01715245
0.01715245
0.01715245
0.01715245
0.01715245
0.01715245
0.01715245
0.01715245
0.01715245
0.01715245
0.01715245
0.01715245
0.01715245
0.01715245
0.01715245
0.01715245
0.01715245
0.01715245
0.01715245
0.01715245
0.01715245
0.01715245
0.01715245
0.01715245
0.01715245
0.017152395
0.017152395
0.017152395
0.017152395
0.017152395
0.017152395
0.017152395
0.01715239
0.017152395
0.01715239
0.017152395
0.017152395
0.017152395
0.017152395
0.017152395
0.017152395
0.017152395
0.017152395
0.017152395
0.017152395
0.017152395
0.017152395
0.017152395
0.01715239
0.01715239
0.01715239
0.01715239
0.01715239
0.017152365
0.017152365
0.017152365
0.01715237
0.01715237
0.01715237
0.01715237
0.01715237
0.01715237
0.017152365
0.01715236
0.01715236
0.017152365
0.017152365
0.017152365
0.017152365
0.017152365
0.01715237
0.01715237
0.01715237
0.017152365
0.01715237
0.017152365
0.017152365
0.017152335
0.017152335
0.01715233
0.01715233
0.01715233
0.01715233
0.01715234
0.01715233
0.017152345
0.017152345
0.01715234
0.01715234
0.017152335
0.017152335
0.017152265
0.01715227
0.01715227
0.01715227
0.01715227
0.0171523
0.017152305
0.017152305
0.017152305
0.017152305
0.017152305
0.017152305
0.01715234
0.01715234
0.017152345
0.01715234
0.017152345
0.017152345
0.017152675
0.017152935
0.01715294
0.017152935
0.01715293
0.017152915
0.01715431
0.01715426
0.017156565
0.01718117
0.01718068
0.017180175
0.017180005
0.01717982
0.017179675
0.017179475
0.017179295
0.01717917
0.01717897
0.01717878
0.017178355
0.017177955
0.017177805
0.017177655
0.01717748
0.01717738
0.01717716
0.017177025
0.01717693
0.017176815
0.017176705
0.017176865
0.0171767
0.01718501
0.017185015
0.017185015
0.01718487
0.01718439
0.01718392
0.017183395
0.01718298
0.017182815
0.017179835
0.017179655
0.01717947
0.01714745
0.01714745
0.017226135
0.01717941
0.01717947
0.017195045
0.017201025
0.017200965
0.017200865
0.01720082
0.01720108
0.01720108
0.017201085
0.0172011
0.0172011
0.0172011
0.017201095
0.017201095
0.017200375
0.017200375
0.017200375
0.017200375
0.017200375
0.017200375
0.017200375
0.01720038
0.01720037
0.01720037
0.017200375
0.017200375
0.017199655
0.017199655
0.01719966
0.01719966
0.01719966
0.017199475
0.017212675
0.017212515
0.01715018
0.01714971
0.017149355
0.017148955
0.01714861
0.01714837
0.017148235
0.017147955
0.01714744
0.01714703
0.017146615
0.01714615
0.017145635
0.01714508
0.01714459
0.01714408
0.017036325
0.01703632
0.01703632
0.01703632
0.01703632
0.01703632
0.01703632
0.01703632
0.017036325
0.017036325
0.01714064
0.01714017
0.01713979
0.017139385
0.017139015
0.01713859
0.01713822
0.017137815
0.01713761
0.017137395
0.017137235
0.01713705
0.017136745
0.017136385
0.017136055
0.017135745
0.017135365
0.01713503
0.017134675
0.017134275
0.017133865
0.01713346
0.017132995
0.017131385
0.0171309
0.01713045
0.01712843
0.017128385
0.0171296
0.01712943
0.01712933
0.01712929
0.017129285
0.01712925
0.01712925
0.017129105
0.017128925
0.017128745
0.01712853
0.01712833
0.017128165
0.01712797
0.01712779
0.01712763
0.017127525
0.01712746
0.017127475
0.01712744
0.017127435
0.01712737
0.017127185
0.017143335
0.017143635
0.017143905
0.01714406
0.017144105
0.01714413
0.01714415
0.01714409
0.017144065
0.017144
0.01714396
0.017143925
0.01714391
0.01714387
0.01714386
0.01714382
0.01714378
0.01714376
0.017143745
0.01714374
0.017138395
0.0171432
0.017142985
0.017142745
0.01714248
0.017142285
0.017136515
0.01713647
0.017136255
0.017136165
0.017136105
0.017136135
0.017136105
0.017136075
0.01713605
0.01713605
0.01713608
0.017136015
0.017135955
0.01713586
0.017135815
0.017135785
0.01713576
0.017135725
0.01713554
0.01713432
0.017134235
0.01713778
0.017137485
0.017137285
0.017137095
0.01713684
0.0171366
0.01713633
0.01713614
0.017135975
0.01713591
0.01713598
0.017136115
0.017136395
0.01713692
0.01713705
0.01713718
0.01713732
0.01713761
0.017137685
0.01713768
0.017137675
0.01713767
0.017137665
0.01713774
0.01713821
0.017138745
0.017139255
0.01713975
0.01714022
0.01714073
0.01714117
0.017141555
0.01714199
0.0171425
0.01714294
0.01714349
0.017143965
0.017144445
0.01714495
0.01714546
0.017145965
0.01714643
0.017146895
0.017147365
0.01714784
0.017148345
0.017148885
0.017149395
0.017149925
0.017150415
0.01715094
0.017151455
0.01715197
0.01715244
0.017152885
0.01715336
0.017153875
0.01715434
0.017154875
0.017155425
0.017156
0.017156555
0.01715706
0.017157635
0.0171582
0.017158755
0.017159265
0.017159775
0.017232235
0.017232235
0.01723224
0.01723225
0.017232255
0.017172435
0.017173025
0.017173635
0.017173955
0.01717392
0.01717396
0.01717393
0.017173955
0.01717398
0.01717398
0.01717398
0.01717398
0.01717399
0.01717403
0.017174355
0.017174865
0.01717534
0.01717581
0.017175815
0.017175765
0.017173835
0.017173755
0.017173665
0.0171736
0.01717352
0.01717344
0.017173355
0.0171733
0.017173265
0.01717399
0.01717399
0.017174025
0.017174115
0.017174245
0.01717438
0.01717452
0.01720123
0.0172013
0.017201485
0.017201855
0.01720234
0.01720282
0.01720324
0.017203675
0.01720405
0.01720416
0.01720425
0.01720472
0.01720518
0.0172056
0.017206005
0.017206415
0.017206875
0.017207255
0.017207705
0.017208155
0.01720854
0.01720891
0.01720937
0.017209405
0.017209325
0.01720923
0.01720915
0.017209075
0.017209
0.017208915
0.017208825
0.017208755
0.017208665
0.017208575
0.0172085
0.017115235
0.01711519
0.017115205
0.017115205
0.01711521
0.017115215
0.017115285
0.017115585
0.01711612
0.017116665
0.017117265
0.017117805
0.017118395
0.017118915
0.017119435
0.017119765
0.01711522
0.01711526
0.017115265
0.017115265
0.017115265
0.017115265
0.017115265
0.017115265
0.017210995
0.017210815
0.017210605
0.01721046
0.017210295
0.01721014
0.01720999
0.017209805
0.017209635
0.01720947
0.01720931
0.017209155
0.017209
0.017208825
0.017162865
0.01717788
0.01717297
0.01717297
0.01716278
0.017162785
0.01716278
0.017162775
0.01716272
0.017162725
0.01716269
0.017162685
0.01716268
0.017162675
0.01716267
0.017162665
0.01716266
0.017162655
0.017162775
0.017162775
0.01716277
0.01715209
0.017152095
0.017199985
0.017152085
0.017152105
0.017152115
0.017152105
0.01715213
0.01715211
0.0171521
0.017152235
0.017152165
0.017152105
0.017152135
0.01715221
0.017104225
0.017104225
0.017152225
0.01715227
0.01715227
0.01715227
0.01715227
0.01715227
0.01715227
0.01715227
0.01715227
0.01715227
0.01715227
0.017152285
0.017152285
0.017152285
0.017152285
0.017152285
0.01715268
0.0171529
0.0171529
0.0171044
0.017104385
0.017104385
0.017104385
0.017104385
0.017104385
0.017104385
0.01710439
0.01710439
0.017104385
0.017104385
0.0171521
0.0171521
0.0171521
0.0171521
0.0171521
0.017152095
0.0171521
0.0171521
0.0171521
0.0171521
0.0171521
0.0171521
0.0171521
0.0171521
0.017152095
0.01715209
0.01715209
0.01715209
0.017152115
0.017152115
0.01715211
0.017152105
0.017152115
0.017152115
0.017152115
0.017152115
0.017152115
0.017152115
0.017152115
0.017152115
0.01715212
0.01715212
0.017152135
0.01715228
0.017152415
0.017152555
0.017152725
0.01715304
0.01715363
0.017154745
0.017155275
0.017155355
0.017155355
0.017155355
0.017155355
0.017155355
0.017155365
0.017155545
0.017155545
0.017155545
0.017155545
0.017155545
0.017155545
0.017155545
0.017155545
0.017155545
0.017155545
0.017155545
0.01719298
0.017192825
0.017192685
0.017192525
0.01719239
0.01719287
0.01719278
0.01719269
0.01719269
0.017192705
0.01719264
0.017192245
0.017192115
0.01719199
0.01719186
0.017191725
0.01719161
0.01719151
0.01719139
0.017191285
0.01719114
0.017191025
0.017190875
0.017190735
0.017190555
0.0171904
0.017190275
0.01719019
0.017190105
0.017190005
0.017189995
0.017189995
0.017189995
0.01718999
0.0171929
0.017192815
0.017192655
0.0171925
0.017192325
0.01719221
0.0171922
0.0171922
0.017192335
0.017192365
0.0171931
0.017193095
0.01719303
0.01719277
0.01719276
0.017192765
0.017192755
0.017192645
0.017192575
0.01719259
0.017192665
0.01719255
0.01719252
0.01719251
0.017192515
0.017192505
0.017192885
0.017192855
0.017192805
0.017192795
0.017192805
0.017192795
0.017192795
0.01719277
0.017192765
0.017192745
0.01719275
0.017192755
0.017192795
0.0171929
0.01719298
0.01719308
0.01719321
0.017193345
0.017193475
0.01719362
0.01719441
0.0171949
0.01719538
0.017195855
0.01719635
0.01719686
0.017197415
0.01719794
0.017198435
0.01719887
0.01719933
0.017199885
0.01719986
0.017199735
0.01719961
0.017199515
0.0171994
0.01719932
0.01719921
0.01720087
0.017200755
0.017200665
0.017200565
0.017200495
0.0172004
0.01720032
0.01720039
0.01720032
0.01720024
0.017201875
0.017201875
0.01720188
0.01720188
0.01720188
0.01720188
0.01720187
0.01720188
0.01720188
0.01720188
0.017201865
0.017236705
0.01723669
0.01723666
0.01723666
0.01723666
0.017236615
0.01723659
0.01723658
0.017236545
0.017236445
0.017236355
0.01723621
0.01723616
0.01723616
0.01723616
0.017236145
0.017236065
0.017235995
0.017224995
0.017215
0.01721
0.017224995
0.017205
0.017224995
0.017224995
0.017224995
0.017224995
0.017224995
0.017224995
0.017224995
0.017224995
0.017224995
0.01718115
0.017192845
0.017192685
0.017192505
0.017192325
0.017192165
0.01719332
0.017205665
0.0172055
0.017205425
0.017205285
0.01720533
0.017205365
0.017205455
0.017205525
0.017211745
0.01723671
0.01724671
0.01724679
0.01724689
0.017246945
0.017246945
0.017246955
0.017221775
0.017222215
0.01722269
0.0172232
0.017206715
0.017207195
0.01720754
0.01720758
0.017208015
0.017208015
0.017231665
0.017232125
0.017232625
0.017233075
0.01723357
0.017234055
0.017234585
0.017235005
0.017309965
0.017309965
0.017309965
0.017235875
0.01723639
0.017236955
0.017237445
0.01723794
0.01723813
0.01723846
0.017238975
0.01723945
0.01723997
0.017240545
0.017241005
0.017241485
0.01724163
0.01724185
0.0172423
0.0172428
0.017243325
0.017278705
0.0172792
0.017279735
0.01728023
0.01728071
0.017281195
0.01728161
0.017282045
0.017282485
0.017282985
0.017283415
0.01728377
0.017284255
0.01728467
0.017285125
0.017285605
0.01728602
0.017286465
0.017286995
0.017287525
0.01728807
0.01729539
0.01729585
0.017296325
0.017296865
0.01729737
0.01730281
0.017302995
0.01730299
0.017312985
0.01730362
0.017303625
0.01730376
0.017387255
0.017303975
0.017304075
0.017304075
0.017304075
0.017304075
0.01730398
0.01730384
0.01730368
0.017303635
0.017303635
0.01730358
0.01729469
0.01729454
0.01729439
0.01729421
0.017294075
0.01729391
0.01729374
0.01729359
0.017293445
0.017293285
0.017293135
0.017292985
0.017292815
0.0172922
0.017292035
0.017291585
0.01729144
0.017291285
0.017291135
0.017290985
0.01729047
0.017289855
0.01728944
0.01728894
0.01728873
0.017288345
0.017288075
0.01728787
0.017287705
0.017287565
0.017287395
0.01728723
0.01728664
0.01728648
0.017286325
0.017286165
0.01728601
0.01728583
0.017285685
0.01728547
0.01728531
0.01728517
0.017285015
0.017284865
0.017284705
0.01728455
0.017284395
0.017284235
0.01728407
0.017283915
0.01728375
0.017283585
0.01728343
0.017283295
0.017283175
0.017283055
0.01728294
0.017282925
0.017282645
0.01728259
0.0172822
0.0172771
0.0172535
0.017253495
0.017253465
0.01725346
0.01725346
0.017253475
0.017253485
0.01725347
0.01725347
0.017253475
0.01725351
0.01725366
0.01725883
0.01725895
0.01725238
0.01725861
0.01725853
0.01725866
0.017258795
0.017258795
0.017258805
0.017258475
0.017258475
0.01725857
0.017258705
0.017258855
0.017259005
0.017259145
0.01725928
0.01725943
0.017259725
0.01726028
0.0172609
0.017261425
0.017261885
0.01726209
0.017262355
0.017262875
0.01726337
0.01726385
0.01726422
0.01726436
0.01726484
0.017265385
0.01726587
0.017296445
0.017296925
0.017335015
0.01733514
0.01735003
0.017360005
0.017362
0.01729646
0.017297005
0.01729752
0.01729804
0.017298575
0.017299055
0.01729956
0.017378605
0.017378605
0.017378605
0.0173786
0.0173786
0.017378605
0.017378605
0.017378605
0.01737861
0.0173786
0.017378605
0.017378605
0.017378605
0.0173786
0.0173786
0.0173786
0.0173786
0.0173786
0.0173786
0.0173786
0.0173786
0.017378595
0.017378595
0.0173786
0.017378605
0.017378605
0.017378605
0.017378605
0.017378605
0.0173786
0.0173786
0.0173786
0.0173786
0.0173786
0.0173786
0.0173786
0.0173786
0.0173786
0.0173786
0.017375
0.017375
0.017375
0.017375005
0.017375015
0.017375015
0.01737501
0.01737501
0.01737501
0.01737501
0.017392135
0.017392135
0.01737501
0.01738501
0.01738501
0.01738501
0.01739216
0.01740515
0.017405265
0.01740536
0.017410055
0.017412495
0.01741254
0.017421115
0.017421175
0.017421175
0.017421335
0.017450005
0.017450125
0.01749995
0.017465005
0.017435095
0.017435235
0.01745005
0.01745028
0.017450795
0.017471705
0.01747222
0.01750542
0.01751003
0.01751003
0.01746023
0.017460645
0.017461155
0.017461615
0.01746217
0.01746257
0.01746305
0.01746359
0.01743904
0.017464105
0.017414155
0.01747677
0.017476765
0.017476765
0.017476765
0.017476765
0.017476795
0.01747187
0.01747694
0.01747706
0.01747706
0.01747706
0.01747708
0.01747708
0.01747716
0.017477275
0.017477275
0.017477275
0.017477275
0.017477275
0.017477275
0.01747727
0.017477275
0.017477275
0.017477355
0.017477825
0.01747822
0.017478705
0.01747922
0.017479735
0.01748018
0.01748066
0.01748114
0.01748152
0.017481995
0.017482445
0.017482855
0.01748331
0.01748376
0.01750925
0.01750971
0.017510185
0.01751404
0.01751404
0.017514045
0.01753245
0.017600005
0.017600455
0.017649985
0.017649985
0.017601125
0.017601505
0.01760198
0.01760239
0.01760286
0.017650115
0.01765018
0.01765012
0.01765012
0.017650245
0.01765036
0.017675
0.017675
0.01767501
0.01767501
0.017675015
0.01767502
0.017674975
0.017674985
0.017674985
0.017674995
0.017674995
0.017675005
0.017675005
0.017675015
0.017675015
0.017675025
0.017675025
0.017675035
0.017675075
0.0176506
0.017650715
0.017650835
0.01765108
0.01765118
0.017652575
0.017653025
0.01770347
0.01765526
0.017705115
0.017705125
0.017705135
0.017705115
0.017705125
0.017718575
0.01767002
0.017689395
0.017689705
0.01769031
0.017690705
0.017691155
0.017691335
0.01769176
0.017692315
0.017692795
0.01769326
0.017693725
0.01769406
0.017694615
0.017695155
0.01769564
0.017696125
0.017696635
0.017697155
0.01769763
0.01769817
0.017698655
0.017698785
0.01769891
0.017699035
0.017699135
0.01769928
0.01769943
0.0176995
0.017699805
0.017700315
0.01770085
0.01770128
0.01770176
0.017701795
0.017701795
0.017701805
0.017781985
0.01778199
0.017781995
0.017782
0.017782005
0.01778201
0.017782005
0.017781985
0.017781895
0.01778173
0.01778156
0.0177814
0.017781245
0.017781095
0.01778094
0.017780775
0.017780625
0.017780415
0.01777993
0.017779455
0.017620085
0.01751385
0.017512515
0.0174149
0.01743953
0.017434455
0.017434305
0.01743411
0.017362725
0.01732399
0.01732362
0.01732327
0.017322875
0.017322685
0.01736719
0.017460935
0.01746077
0.01746072
0.017532435
0.01753224
0.017531785
0.017531395
0.01753126
0.017530605
0.017530445
0.01753029
0.01753005
0.017529545
0.01752922
0.017529175
0.01752903
0.01752893
0.01752877
0.01752828
0.017527585
0.017527115
0.01752662
0.01752613
0.01752565
0.01752516
0.01752334
0.017522845
0.01752239
0.017521875
0.0175214
0.017520925
0.017520485
0.01751995
0.01747924
0.017478785
0.01747827
0.01747315
0.01747281
0.017472395
0.017472015
0.017471535
0.017471195
0.01747082
0.017470415
0.01746995
0.01746884
0.017468435
0.01741994
0.01741951
0.01742368
0.017433205
0.01732503
0.01732503
0.017324935
0.017313635
0.017313185
0.01731303
0.017312855
0.017312655
0.017309045
0.01730853
0.01730393
0.01730346
0.0172989
0.01729851
0.017298075
0.01729755
0.017297055
0.01729629
0.017295795
0.017295285
0.017294775
0.01729048
0.017254985
0.017249835
0.017230615
0.01723016
0.01723199
0.01724796
0.017247475
0.017230815
0.017230675
0.01723075
0.017230555
0.01723036
0.017230155
0.017229735
0.01724531
0.01724504
0.017245015
0.017245035
0.017249055
0.01725384
0.017286985
0.01728699
0.017287245
0.0172885
0.0172885
0.01728851
0.01728851
0.0172885
0.0172885
0.01728871
0.0172885
0.01728886
0.01728851
0.01728851
0.01728853
0.01728862
0.0172885
0.01728879
0.0172889
0.017288945
0.01728909
0.017288945
0.0172897
0.017290285
0.01729082
0.017291345
0.01729187
0.017292345
0.01736119
0.017361315
0.017361115
0.01736103
0.017356125
0.017356455
0.0172945
0.01729462
0.01729502
0.01729557
0.017296145
0.01729642
0.01744598
0.017445445
0.017444925
0.017453725
0.01745356
0.01745336
0.017452985
0.017447605
0.01743845
0.017438275
0.017400405
0.01743942
0.01741998
0.01741991
0.017394765
0.01739958
0.017394425
0.017394315
0.01739411
0.01739395
0.017393765
0.017408585
0.01740841
0.01740325
0.01735846
0.017358155
0.01734137
0.01727107
0.01727107
0.01727107
0.01727107
0.01729607
0.01724607
0.01724607
0.01724607
0.01724607
0.01724607
0.01724197
0.017237855
0.017237855
0.017231965
0.017216965
0.01721502
0.017216965
0.017216965
0.017216965
0.017217005
0.017217075
0.017217165
0.017216965
0.01711036
0.01711054
0.0171107
0.017110365
0.017102245
0.017102055
0.01710186
0.01710172
0.01710161
0.017101485
0.01710137
0.01710125
0.017101055
0.01710086
0.0171007
0.01713805
0.01713805
0.01713805
0.01713805
0.01713805
0.017164865
0.01716469
0.017164475
0.017164325
0.017164175
0.01716402
0.01716387
0.017127285
0.017127165
0.017131985
0.017141925
0.017175455
0.017175455
0.017175455
0.017175455
0.017175455
0.01717546
0.017175455
0.017175455
0.017175455
0.017175455
0.01717545
0.017175455
0.017175455
0.017175455
0.017175455
0.017175955
0.01717646
0.01717647
0.01717648
0.017176475
0.017176475
0.017176475
0.017176475
0.017176475
0.017176475
0.017176475
0.017176475
0.017176475
0.017176475
0.017176475
0.017176475
0.017176475
0.017176475
0.017176475
0.017176475
0.01718059
0.01718059
0.01718059
0.01718059
0.01718059
0.01718059
0.01718059
0.017180685
0.017181145
0.017181345
0.01718185
0.017182325
0.017182845
0.017183315
0.017183825
0.017184345
0.01736072
0.017355355
0.017354945
0.01735489
0.017394875
0.01739545
0.01739564
0.01740085
0.017401115
0.01739624
0.01739141
0.01740157
0.01739667
0.01739166
0.01734993
0.017350475
0.017355875
0.01735642
0.017356925
0.0173525
0.01735294
0.017348275
0.017348365
0.017288965
0.017289295
0.01728961
0.0173138
0.01731383
0.01731364
0.017308595
0.01730819
0.01730794
0.017308095
0.017308545
0.017309055
0.017333945
0.01731984
0.0173204
0.017320895
0.01732159
0.01735515
0.01738
0.01737994
0.017350055
0.017350065
0.017350055
0.01734999
0.01734999
0.01734999
0.01734999
0.01734999
0.01734999
0.01735
0.01735
0.017289275
0.017299825
0.017299685
0.01729949
0.017299345
0.017299195
0.017299045
0.0172989
0.017298765
0.0172986
0.017299915
0.01729936
0.01729879
0.017298155
0.01730006
0.017350005
0.017325175
0.01732532
0.017290085
0.017290235
0.017290425
0.017291075
0.017291205
0.017291225
0.01729124
0.017291225
0.01729117
0.017291045
0.017288915
0.01728879
0.0172887
0.017288385
0.017287975
0.017288005
0.017287825
0.017287525
0.017287085
0.017286565
0.017286035
0.01728546
0.01728494
0.01728436
0.01728373
0.017283115
0.01728252
0.017281925
0.017281315
0.017280775
0.017280205
0.017279715
0.017279485
0.017279485
0.01727949
0.01727947
0.017279425
0.01727941
0.01727942
0.017279415
0.01727941
0.017279385
0.01727936
0.01727933
0.01727924
0.017279135
0.017279045
0.01727893
0.0172788
0.017278785
0.017278665
0.017278615
0.01727845
0.017277865
0.01727723
0.017276685
0.017276085
0.017275445
0.01727491
0.017272025
0.01727185
0.017271725
0.017271705
0.017271705
0.0172717
0.01727173
0.01727166
0.01727161
0.017271545
0.01727047
0.017270265
0.017270075
0.017269935
0.01726967
0.01726948
0.01726929
0.01724044
0.01724044
0.01724045
0.01726879
0.017268605
0.017268445
0.017268235
0.01724045
0.017240435
0.017240435
0.017240435
0.017229545
0.017229545
0.017229545
0.017229525
0.017229545
0.01722954
0.01722955
0.017229555
0.017229615
0.01722955
0.017229545
0.01722954
0.01722953
0.01722953
0.017230025
0.017229545
0.017229545
0.017229545
0.017229545
0.01722953
0.01722954
0.01722954
0.01722954
0.01722954
0.01722953
0.01722953
0.01722943
0.0172293
0.017228975
0.01719761
0.01719709
0.01719656
0.017196055
0.017195825
0.01719565
0.01719568
0.01719525
0.017195035
0.01719483
0.01719466
0.0171945
0.01719436
0.017194025
0.017193455
0.01719297
0.01719199
0.017191465
0.017191025
0.01719053
0.01719032
0.01718987
0.017189325
0.017143185
0.017142755
0.017142425
0.017142235
0.017142275
0.01714222
0.017142255
0.01714226
0.01714225
0.01714228
0.017141875
0.0171415
0.01714111
0.01714069
0.017140285
0.01713999
0.0171396
0.01713919
0.017138795
0.01713842
0.01713791
0.017137585
0.017137155
0.017136735
0.0171367
0.017136605
0.017136175
0.017135775
0.017135375
0.017134955
0.01713458
0.01713407
0.01713365
0.017133085
0.01713256
0.01713211
0.01713202
0.017131485
0.01713081
0.017130295
0.01712999
0.01712958
0.0171292
0.017128925
0.017128885
0.017128935
0.017128775
0.01712914
0.01712903
0.017120125
0.01711986
0.017114915
0.017040005
0.017040005
0.017040005
0.017040005
0.017040005
0.017040005
0.017040005
0.017040005
0.017040005
0.017040005
0.017040005
0.017040005
0.017040005
0.017040005
0.017040005
0.01711029
0.0171103
0.01711034
0.017110375
0.01711041
0.017113335
0.017112325
0.01711221
0.01711213
0.01711208
0.017138525
0.01711262
0.017112765
0.017112535
0.017112535
0.01711262
0.017112785
0.01711295
0.01711311
0.01711257
0.01711269
0.01711287
0.017113005
0.017113165
0.01711334
0.017113505
0.01711365
0.01714253
0.01714253
0.017114025
0.017114185
0.017114325
0.01711446
0.01711471
0.017114885
0.017115055
0.01711523
0.01711538
0.017115485
0.01711565
0.017115775
0.017115915
0.01711604
0.017116185
0.017116345
0.017116495
0.017116655
0.017142525
0.017147525
0.017116995
0.017117155
0.017142525
0.017142525
0.017147525
0.017147525
0.017147525
0.017147525
0.01715252
0.01715252
0.01715252
0.01718252
0.01714001
0.01714001
0.017155005
0.017165
0.01716752
0.01716752
0.017167525
0.017167535
0.017167535
0.017167535
0.017167535
0.017167535
0.017167535
0.01716753
0.017167535
0.017167535
0.01716754
0.01716754
0.01716755
0.017140525
0.01716055
0.017114335
0.017114925
0.01711551
0.01711612
0.01711673
0.0171173
0.017117835
0.017142615
0.017142795
0.01719753
0.01719753
0.01719753
0.01719753
0.01719753
0.01719753
0.01719753
0.01719753
0.01719753
0.017197535
0.01719753
0.017231585
0.0172316
0.017231585
0.017231585
0.01723157
0.01723158
0.017231565
0.017231565
0.01723155
0.01723153
0.01723153
0.017231515
0.017231515
0.017231375
0.0172312
0.017231025
0.017230855
0.01723065
0.01723048
0.017230325
0.017230155
0.017229985
0.01722979
0.017229635
0.01722945
0.017229435
0.01722925
0.017229075
0.017228895
0.01711257
0.01711257
0.01711257
0.01711207
0.017112065
0.017112065
0.017112065
0.017112065
0.017112065
0.017112065
0.01711204
0.01711192
0.01711179
0.01711167
0.01711155
0.01710966
0.017109475
0.017109325
0.01710905
0.017108665
0.017108375
0.017110235
0.017110015
0.017109515
0.01710832
0.017107755
0.017107235
0.01709227
0.017088375
0.01708772
0.017087355
0.01708708
0.01708653
0.017082975
0.017082415
0.017081915
0.01708134
0.01708082
0.017080275
0.017079755
0.0170072
0.0170072
0.017007225
0.017007225
0.017007225
0.017007225
0.017006125
0.017006125
0.017006125
0.017006125
0.01700362
0.01700362
0.017000125
0.017000125
0.017000125
0.017000125
0.017000125
0.017000125
0.017000125
0.017000125
0.017000125
0.017000125
0.017000125
0.01706065
0.01706052
0.01706007
0.017059405
0.01705898
0.017058775
0.01705857
0.01698675
0.017052005
0.017061585
0.01709153
0.017091495
0.017091455
0.017091445
0.017091405
0.0170914
0.01709135
0.01709131
0.017091305
0.017091265
0.017091265
0.01709125
0.017090735
0.017090095
0.01708984
0.017089625
0.01708484
0.017084465
0.017079455
0.0170789
0.017078325
0.01707781
0.017077225
0.017077015
0.01707678
0.017076585
0.01707637
0.017076165
0.01707597
0.017075835
0.01707494
0.017074565
0.017074325
0.01707414
0.017123975
0.01704999
0.01704999
0.01704998
0.01704998
0.01704998
0.01704999
0.017049985
0.017049985
0.017049975
0.017049975
0.01704998
0.017049975
0.017040225
0.01704023
0.01704023
0.017040235
0.01704498
0.01704498
0.01704498
0.01704498
0.01704498
0.01704498
0.01704498
0.01704498
0.01704498
0.01704498
0.01704498
0.01704498
0.01704498
0.01704498
0.01704498
0.01704498
0.01704498
0.01704498
0.01704498
0.01704491
0.017040135
0.01704017
0.01704022
0.017040145
0.017040225
0.017040225
0.017040225
0.017040225
0.017040235
0.017040235
0.017040235
0.017040235
0.017040235
