2.864e-05
2.8625e-05
2.8625e-05
2.861e-05
2.8625e-05
2.8625e-05
2.8625e-05
2.8625e-05
2.863e-05
2.863e-05
2.863e-05
2.8625e-05
2.862e-05
2.8625e-05
2.8625e-05
2.8625e-05
2.8625e-05
2.8625e-05
2.8585e-05
2.8585e-05
2.8585e-05
2.8585e-05
2.8585e-05
2.858e-05
2.858e-05
2.856e-05
2.8535e-05
2.852e-05
2.8545e-05
2.855e-05
2.855e-05
2.8545e-05
2.858e-05
2.8585e-05
2.859e-05
2.859e-05
2.855e-05
2.8525e-05
2.8525e-05
2.852e-05
2.8525e-05
2.852e-05
2.8455e-05
2.848e-05
2.8505e-05
2.8495e-05
2.8495e-05
2.8505e-05
2.8505e-05
2.8525e-05
2.8525e-05
2.8525e-05
2.8525e-05
2.8555e-05
2.8565e-05
2.852e-05
2.851e-05
2.851e-05
2.8505e-05
2.851e-05
2.8515e-05
2.852e-05
2.8505e-05
2.8525e-05
2.8525e-05
2.8525e-05
2.8535e-05
2.8655e-05
2.866e-05
2.866e-05
2.8635e-05
2.8635e-05
2.8635e-05
2.8635e-05
2.866e-05
2.866e-05
2.8655e-05
2.8655e-05
2.8655e-05
2.8655e-05
2.8635e-05
2.8635e-05
2.8635e-05
2.8635e-05
2.8635e-05
2.8635e-05
2.8635e-05
2.8635e-05
2.8635e-05
2.8635e-05
2.8635e-05
2.867e-05
2.867e-05
2.867e-05
2.867e-05
2.866e-05
2.866e-05
2.8665e-05
2.8665e-05
2.8665e-05
2.8665e-05
2.8665e-05
2.8665e-05
2.8665e-05
2.867e-05
2.867e-05
2.867e-05
2.8675e-05
2.8675e-05
2.8675e-05
2.8675e-05
2.865e-05
2.8645e-05
2.8645e-05
2.8645e-05
2.8645e-05
2.8645e-05
2.8645e-05
2.8645e-05
2.8645e-05
2.8645e-05
2.8645e-05
2.8645e-05
2.8675e-05
2.865e-05
2.8645e-05
2.8675e-05
2.8675e-05
2.8675e-05
2.8675e-05
2.8675e-05
2.8675e-05
2.8675e-05
2.8675e-05
2.8675e-05
2.8675e-05
2.8675e-05
2.8675e-05
2.8675e-05
2.868e-05
2.868e-05
2.868e-05
2.868e-05
2.868e-05
2.868e-05
2.868e-05
2.8675e-05
2.8675e-05
2.8675e-05
2.8675e-05
2.8675e-05
2.87e-05
2.87e-05
2.87e-05
2.87e-05
2.8735e-05
2.875e-05
2.875e-05
2.875e-05
2.875e-05
2.875e-05
2.875e-05
2.878e-05
2.878e-05
2.8855e-05
2.8855e-05
2.8915e-05
2.8915e-05
2.8915e-05
2.8915e-05
2.8915e-05
2.8915e-05
2.8915e-05
2.8945e-05
2.8945e-05
2.888e-05
2.889e-05
2.889e-05
2.8885e-05
2.8885e-05
2.8885e-05
2.8885e-05
2.8885e-05
2.8885e-05
2.8915e-05
2.8915e-05
2.8915e-05
2.8915e-05
2.8915e-05
2.8915e-05
2.8915e-05
2.8915e-05
2.895e-05
2.8935e-05
2.893e-05
2.8935e-05
2.897e-05
2.897e-05
2.898e-05
2.898e-05
2.894e-05
2.8945e-05
2.896e-05
2.8935e-05
2.8945e-05
2.8985e-05
2.8985e-05
2.8775e-05
2.881e-05
2.881e-05
2.881e-05
2.881e-05
2.8805e-05
2.881e-05
2.881e-05
2.8825e-05
2.8825e-05
2.8855e-05
2.885e-05
2.885e-05
2.8855e-05
2.8645e-05
2.8645e-05
2.8645e-05
2.8645e-05
2.8645e-05
2.8645e-05
2.8645e-05
2.8645e-05
2.865e-05
2.865e-05
2.865e-05
2.8815e-05
2.8815e-05
2.8825e-05
2.8825e-05
2.8825e-05
2.881e-05
2.8815e-05
2.878e-05
2.878e-05
2.8805e-05
2.883e-05
2.883e-05
2.883e-05
2.883e-05
2.883e-05
2.883e-05
2.883e-05
2.883e-05
2.8805e-05
2.883e-05
2.883e-05
2.883e-05
2.883e-05
2.883e-05
2.8805e-05
2.881e-05
2.881e-05
2.8825e-05
2.883e-05
2.8835e-05
2.8835e-05
2.8835e-05
2.8835e-05
2.8835e-05
2.884e-05
2.884e-05
2.8835e-05
2.8835e-05
2.8835e-05
2.8835e-05
2.8835e-05
2.883e-05
2.8825e-05
2.882e-05
2.882e-05
2.882e-05
2.882e-05
2.882e-05
2.882e-05
2.882e-05
2.882e-05
2.882e-05
2.881e-05
2.881e-05
2.881e-05
2.881e-05
2.882e-05
2.881e-05
2.883e-05
2.883e-05
2.881e-05
2.882e-05
2.882e-05
2.886e-05
2.886e-05
2.886e-05
2.882e-05
2.886e-05
2.886e-05
2.886e-05
2.886e-05
2.8885e-05
2.8885e-05
2.8885e-05
2.886e-05
2.886e-05
2.886e-05
2.8735e-05
2.8735e-05
2.8735e-05
2.8735e-05
2.8735e-05
2.883e-05
2.883e-05
2.8735e-05
2.8735e-05
2.8735e-05
2.8735e-05
2.8735e-05
2.8735e-05
2.8735e-05
2.8735e-05
2.8735e-05
2.8735e-05
2.8735e-05
2.8735e-05
2.8735e-05
2.8735e-05
2.8735e-05
2.8735e-05
2.8735e-05
2.8735e-05
2.8735e-05
2.8735e-05
2.8715e-05
2.8715e-05
2.8715e-05
2.8715e-05
2.8715e-05
2.8715e-05
2.8715e-05
2.8715e-05
2.8715e-05
2.8715e-05
2.8715e-05
2.8715e-05
2.882e-05
2.8815e-05
2.881e-05
2.8805e-05
2.88e-05
2.8795e-05
2.8765e-05
2.8755e-05
2.875e-05
2.8745e-05
2.882e-05
2.8815e-05
2.881e-05
2.882e-05
2.882e-05
2.8845e-05
2.8845e-05
2.8915e-05
2.8915e-05
2.885e-05
2.885e-05
2.8845e-05
2.8925e-05
2.8985e-05
2.8945e-05
2.8965e-05
2.899e-05
2.8955e-05
2.8945e-05
2.8945e-05
2.8945e-05
2.8995e-05
2.9025e-05
2.902e-05
2.8995e-05
2.8995e-05
2.8995e-05
2.899e-05
2.8995e-05
2.9045e-05
2.894e-05
2.894e-05
2.886e-05
2.881e-05
2.8825e-05
2.882e-05
2.8825e-05
2.8825e-05
2.88e-05
2.8815e-05
2.88e-05
2.878e-05
2.882e-05
2.877e-05
2.8825e-05
2.8775e-05
2.868e-05
2.868e-05
2.868e-05
2.868e-05
2.868e-05
2.868e-05
2.868e-05
2.874e-05
2.874e-05
2.874e-05
2.874e-05
2.874e-05
2.874e-05
2.874e-05
2.874e-05
2.874e-05
2.874e-05
2.874e-05
2.874e-05
2.874e-05
2.8795e-05
2.88e-05
2.8785e-05
2.88e-05
2.879e-05
2.879e-05
2.878e-05
2.878e-05
2.8835e-05
2.88e-05
2.8805e-05
2.882e-05
2.88e-05
2.88e-05
2.88e-05
2.867e-05
2.8675e-05
2.867e-05
2.867e-05
2.867e-05
2.867e-05
2.867e-05
2.867e-05
2.8755e-05
2.8755e-05
2.88e-05
2.879e-05
2.879e-05
2.8755e-05
2.875e-05
2.875e-05
2.87e-05
2.87e-05
2.8635e-05
2.873e-05
2.8775e-05
2.874e-05
2.8725e-05
2.8725e-05
2.871e-05
2.8695e-05
2.8695e-05
2.869e-05
2.869e-05
2.869e-05
2.8685e-05
2.8685e-05
2.8685e-05
2.868e-05
2.868e-05
2.867e-05
2.866e-05
2.8655e-05
2.8655e-05
2.8655e-05
2.8655e-05
2.866e-05
2.8665e-05
2.8725e-05
2.8725e-05
2.8725e-05
2.8665e-05
2.8665e-05
2.8665e-05
2.8665e-05
2.8665e-05
2.8665e-05
2.8665e-05
2.8665e-05
2.8665e-05
2.8665e-05
2.8665e-05
2.8665e-05
2.8665e-05
2.8665e-05
2.8665e-05
2.873e-05
2.873e-05
2.8735e-05
2.865e-05
2.8585e-05
2.8585e-05
2.8565e-05
2.857e-05
2.8575e-05
2.8575e-05
2.858e-05
2.8735e-05
2.8715e-05
2.871e-05
2.8725e-05
2.8725e-05
2.8785e-05
2.873e-05
2.873e-05
2.8775e-05
2.8755e-05
2.875e-05
2.875e-05
2.875e-05
2.874e-05
2.874e-05
2.873e-05
2.873e-05
2.873e-05
2.873e-05
2.873e-05
2.8725e-05
2.8725e-05
2.8715e-05
2.8715e-05
2.871e-05
2.871e-05
2.871e-05
2.871e-05
2.871e-05
2.8565e-05
2.8565e-05
2.868e-05
2.867e-05
2.8675e-05
2.8675e-05
2.867e-05
2.867e-05
2.867e-05
2.8665e-05
2.867e-05
2.867e-05
2.867e-05
2.867e-05
2.867e-05
2.8675e-05
2.8675e-05
2.8675e-05
2.8675e-05
2.8675e-05
2.867e-05
2.867e-05
2.8675e-05
2.8675e-05
2.868e-05
2.866e-05
2.866e-05
2.866e-05
2.866e-05
2.8665e-05
2.8665e-05
2.8665e-05
2.8665e-05
2.867e-05
2.867e-05
2.867e-05
2.867e-05
2.867e-05
2.867e-05
2.867e-05
2.867e-05
2.867e-05
2.867e-05
2.8665e-05
2.8665e-05
2.8655e-05
2.865e-05
2.866e-05
2.866e-05
2.8665e-05
2.866e-05
2.8655e-05
2.865e-05
2.8645e-05
2.8615e-05
2.8525e-05
2.8525e-05
2.8595e-05
2.8605e-05
2.8575e-05
2.859e-05
2.856e-05
2.8445e-05
2.8445e-05
2.849e-05
2.8475e-05
2.8475e-05
2.854e-05
2.8525e-05
2.8545e-05
2.859e-05
2.859e-05
2.8585e-05
2.8585e-05
2.859e-05
2.8585e-05
2.859e-05
2.868e-05
2.869e-05
2.869e-05
2.869e-05
2.869e-05
2.869e-05
2.869e-05
2.868e-05
2.868e-05
2.8665e-05
2.869e-05
2.8555e-05
2.859e-05
2.856e-05
2.856e-05
2.856e-05
2.857e-05
2.856e-05
2.851e-05
2.851e-05
2.8515e-05
2.854e-05
2.853e-05
2.8565e-05
2.857e-05
2.8525e-05
2.852e-05
2.852e-05
2.854e-05
2.852e-05
2.849e-05
2.8495e-05
2.8525e-05
2.85e-05
2.851e-05
2.8515e-05
2.851e-05
2.8515e-05
2.8515e-05
2.8505e-05
2.8495e-05
2.855e-05
2.8565e-05
2.855e-05
2.855e-05
2.848e-05
2.843e-05
2.843e-05
2.842e-05
2.842e-05
2.8405e-05
2.842e-05
2.842e-05
2.842e-05
2.842e-05
2.8415e-05
2.8415e-05
2.843e-05
2.843e-05
2.842e-05
2.8425e-05
2.844e-05
2.8425e-05
2.835e-05
2.835e-05
2.8355e-05
2.835e-05
2.834e-05
2.834e-05
2.834e-05
2.834e-05
2.832e-05
2.8315e-05
2.8315e-05
2.831e-05
2.832e-05
2.8315e-05
2.8315e-05
2.8315e-05
2.8315e-05
2.8315e-05
2.8315e-05
2.831e-05
2.8315e-05
2.8315e-05
2.8315e-05
2.8315e-05
2.831e-05
2.8315e-05
2.8315e-05
2.8315e-05
2.8315e-05
2.8315e-05
2.8315e-05
2.8315e-05
2.8315e-05
2.8315e-05
2.8315e-05
2.8315e-05
2.8315e-05
2.8315e-05
2.8315e-05
2.831e-05
2.8315e-05
2.8315e-05
2.831e-05
2.831e-05
2.847e-05
2.847e-05
2.848e-05
2.8485e-05
2.8535e-05
2.85e-05
2.8565e-05
2.851e-05
2.851e-05
2.851e-05
2.856e-05
2.851e-05
2.851e-05
2.851e-05
2.8515e-05
2.862e-05
2.8615e-05
2.8615e-05
2.854e-05
2.8545e-05
2.8525e-05
2.8545e-05
2.854e-05
2.8455e-05
2.8455e-05
2.8475e-05
2.848e-05
2.847e-05
2.848e-05
2.8385e-05
2.839e-05
2.838e-05
2.8405e-05
2.844e-05
2.8435e-05
2.8565e-05
2.8575e-05
2.8575e-05
2.8575e-05
2.857e-05
2.857e-05
2.8595e-05
2.86e-05
2.86e-05
2.86e-05
2.8555e-05
2.858e-05
2.858e-05
2.86e-05
2.86e-05
2.86e-05
2.86e-05
2.842e-05
2.842e-05
2.842e-05
2.8415e-05
2.842e-05
2.842e-05
2.841e-05
2.8315e-05
2.8335e-05
2.838e-05
2.8365e-05
2.836e-05
2.823e-05
2.828e-05
2.832e-05
2.8315e-05
2.835e-05
2.826e-05
2.8355e-05
2.84e-05
2.8365e-05
2.8415e-05
2.841e-05
2.8375e-05
2.8355e-05
2.841e-05
2.837e-05
2.8355e-05
2.8365e-05
2.841e-05
2.839e-05
2.8435e-05
2.837e-05
2.8365e-05
2.8395e-05
2.84e-05
2.84e-05
2.8405e-05
2.8395e-05
2.839e-05
2.8385e-05
2.837e-05
2.8365e-05
2.8375e-05
2.8375e-05
2.837e-05
2.8385e-05
2.8385e-05
2.837e-05
2.8385e-05
2.838e-05
2.8355e-05
2.835e-05
2.8355e-05
2.8345e-05
2.8345e-05
2.8335e-05
2.832e-05
2.831e-05
2.8305e-05
2.83e-05
2.83e-05
2.8315e-05
2.8315e-05
2.832e-05
2.8305e-05
2.8305e-05
2.8345e-05
2.8345e-05
2.826e-05
2.8265e-05
2.833e-05
2.832e-05
2.832e-05
2.832e-05
2.832e-05
2.831e-05
2.8285e-05
2.832e-05
2.8335e-05
2.831e-05
2.831e-05
2.8295e-05
2.829e-05
2.829e-05
2.8325e-05
2.8325e-05
2.8325e-05
2.8325e-05
2.8325e-05
2.8325e-05
2.8325e-05
2.832e-05
2.835e-05
2.835e-05
2.8245e-05
2.8245e-05
2.8245e-05
2.8245e-05
2.8245e-05
2.8245e-05
2.8245e-05
2.8245e-05
2.8245e-05
2.8245e-05
2.8245e-05
2.8245e-05
2.8245e-05
2.8245e-05
2.8195e-05
2.8225e-05
2.8225e-05
2.8225e-05
2.8225e-05
2.8225e-05
2.8225e-05
2.83e-05
2.83e-05
2.817e-05
2.817e-05
2.83e-05
2.83e-05
2.83e-05
2.817e-05
2.8155e-05
2.82e-05
2.8205e-05
2.8215e-05
2.8215e-05
2.8215e-05
2.821e-05
2.821e-05
2.82e-05
2.8085e-05
2.8225e-05
2.822e-05
2.8225e-05
2.8335e-05
2.823e-05
2.823e-05
2.8235e-05
2.8335e-05
2.829e-05
2.829e-05
2.826e-05
2.828e-05
2.8285e-05
2.831e-05
2.832e-05
2.8295e-05
2.829e-05
2.829e-05
2.829e-05
2.837e-05
2.837e-05
2.837e-05
2.8475e-05
2.8475e-05
2.8475e-05
2.8475e-05
2.8475e-05
2.853e-05
2.853e-05
2.8525e-05
2.853e-05
2.848e-05
2.848e-05
2.8475e-05
2.8475e-05
2.847e-05
2.847e-05
2.847e-05
2.847e-05
2.847e-05
2.847e-05
2.847e-05
2.847e-05
2.847e-05
2.847e-05
2.847e-05
2.847e-05
2.8465e-05
2.8465e-05
2.842e-05
2.8425e-05
2.8425e-05
2.8425e-05
2.8425e-05
2.843e-05
2.843e-05
2.842e-05
2.842e-05
2.8425e-05
2.8425e-05
2.8425e-05
2.8455e-05
2.847e-05
2.848e-05
2.8485e-05
2.849e-05
2.849e-05
2.8465e-05
2.8465e-05
2.8465e-05
2.8465e-05
2.8465e-05
2.849e-05
2.8615e-05
2.855e-05
2.851e-05
2.8525e-05
2.852e-05
2.852e-05
2.8525e-05
2.853e-05
2.853e-05
2.853e-05
2.853e-05
2.853e-05
2.8535e-05
2.858e-05
2.8565e-05
2.86e-05
2.858e-05
2.8615e-05
2.861e-05
2.861e-05
2.8585e-05
2.861e-05
2.8605e-05
2.862e-05
2.8665e-05
2.8675e-05
2.868e-05
2.868e-05
2.868e-05
2.868e-05
2.868e-05
2.868e-05
2.868e-05
2.868e-05
2.868e-05
2.8685e-05
2.8695e-05
2.8695e-05
2.8685e-05
2.8685e-05
2.8685e-05
2.8685e-05
2.868e-05
2.8665e-05
2.863e-05
2.8635e-05
2.8635e-05
2.8525e-05
2.862e-05
2.862e-05
2.862e-05
2.862e-05
2.8585e-05
2.8585e-05
2.8585e-05
2.8585e-05
2.8685e-05
2.8685e-05
2.868e-05
2.868e-05
2.86e-05
2.8705e-05
2.8705e-05
2.8605e-05
2.86e-05
2.86e-05
2.8705e-05
2.8705e-05
2.8705e-05
2.8705e-05
2.8705e-05
2.8705e-05
2.8705e-05
2.8705e-05
2.8705e-05
2.86e-05
2.86e-05
2.8615e-05
2.861e-05
2.8725e-05
2.8725e-05
2.8725e-05
2.8725e-05
2.8725e-05
2.8725e-05
2.8645e-05
2.8705e-05
2.8705e-05
2.8705e-05
2.8705e-05
2.8705e-05
2.8705e-05
2.8705e-05
2.8705e-05
2.8705e-05
2.8705e-05
2.8705e-05
2.8705e-05
2.8705e-05
2.8705e-05
2.8705e-05
2.8705e-05
2.8705e-05
2.8705e-05
2.8705e-05
2.8705e-05
2.8705e-05
2.8705e-05
2.8705e-05
2.8705e-05
2.8705e-05
2.8705e-05
2.8705e-05
2.8705e-05
2.8705e-05
2.8675e-05
2.8675e-05
2.8675e-05
2.8675e-05
2.8675e-05
2.8675e-05
2.8675e-05
2.8675e-05
2.8665e-05
2.8625e-05
2.8625e-05
2.8665e-05
2.8665e-05
2.8665e-05
2.8665e-05
2.8665e-05
2.8665e-05
2.8665e-05
2.865e-05
2.8655e-05
2.8655e-05
2.8655e-05
2.8655e-05
2.8655e-05
2.8655e-05
2.8655e-05
2.8655e-05
2.8655e-05
2.8655e-05
2.8655e-05
2.8655e-05
2.8655e-05
2.8655e-05
2.8655e-05
2.8655e-05
2.8655e-05
2.8655e-05
2.8655e-05
2.866e-05
2.8725e-05
2.8725e-05
2.8725e-05
2.8725e-05
2.8725e-05
2.8725e-05
2.8725e-05
2.8725e-05
2.8725e-05
2.8725e-05
2.8725e-05
2.8725e-05
2.8725e-05
2.8725e-05
2.8725e-05
2.8735e-05
2.8725e-05
2.8725e-05
2.8725e-05
2.8725e-05
2.8725e-05
2.8725e-05
2.8725e-05
2.8725e-05
2.8725e-05
2.8665e-05
2.8675e-05
2.8745e-05
2.8765e-05
2.877e-05
2.8745e-05
2.8785e-05
2.8825e-05
2.8825e-05
2.8785e-05
2.8855e-05
2.877e-05
2.885e-05
2.8855e-05
2.8855e-05
2.8875e-05
2.8875e-05
2.8885e-05
2.8875e-05
2.8875e-05
2.8855e-05
2.8865e-05
2.889e-05
2.8815e-05
2.883e-05
2.883e-05
2.881e-05
2.8805e-05
2.8805e-05
2.8805e-05
2.8805e-05
2.8805e-05
2.8805e-05
2.8805e-05
2.881e-05
2.8675e-05
2.867e-05
2.8775e-05
2.878e-05
2.8765e-05
2.877e-05
2.877e-05
2.8715e-05
2.873e-05
2.8745e-05
2.878e-05
2.872e-05
2.878e-05
2.8785e-05
2.8785e-05
2.8735e-05
2.871e-05
2.872e-05
2.87e-05
2.8705e-05
2.8665e-05
2.869e-05
2.869e-05
2.8745e-05
2.875e-05
2.876e-05
2.885e-05
2.885e-05
2.8745e-05
2.8755e-05
2.8885e-05
2.8795e-05
2.8795e-05
2.8805e-05
2.8755e-05
2.8755e-05
2.876e-05
2.876e-05
2.876e-05
2.8755e-05
2.876e-05
2.876e-05
2.876e-05
2.876e-05
2.876e-05
2.8755e-05
2.885e-05
2.885e-05
2.885e-05
2.879e-05
2.879e-05
2.879e-05
2.879e-05
2.8795e-05
2.8795e-05
2.8795e-05
2.8725e-05
2.8735e-05
2.875e-05
2.876e-05
2.876e-05
2.8865e-05
2.877e-05
2.8795e-05
2.8795e-05
2.8785e-05
2.8785e-05
2.8785e-05
2.8785e-05
2.888e-05
2.8785e-05
2.8785e-05
2.8785e-05
2.8785e-05
2.8785e-05
2.8785e-05
2.8785e-05
2.8785e-05
2.8785e-05
2.8785e-05
2.8785e-05
2.8785e-05
2.8785e-05
2.8785e-05
2.8785e-05
2.8785e-05
2.888e-05
2.888e-05
2.888e-05
2.888e-05
2.888e-05
2.888e-05
2.888e-05
2.888e-05
2.888e-05
2.8895e-05
2.8895e-05
2.8905e-05
2.8905e-05
2.8905e-05
2.8905e-05
2.8905e-05
2.8905e-05
2.8785e-05
2.8705e-05
2.8705e-05
2.8705e-05
2.8705e-05
2.8705e-05
2.88e-05
2.88e-05
2.88e-05
2.8805e-05
2.8805e-05
2.88e-05
2.88e-05
2.8805e-05
2.88e-05
2.88e-05
2.88e-05
2.88e-05
2.88e-05
2.88e-05
2.8805e-05
2.88e-05
2.8695e-05
2.8695e-05
2.8695e-05
2.8695e-05
2.8695e-05
2.8695e-05
2.865e-05
2.8645e-05
2.8645e-05
2.8645e-05
2.8645e-05
2.8645e-05
2.8645e-05
2.8645e-05
2.8645e-05
2.8645e-05
2.865e-05
2.8645e-05
2.8645e-05
2.8645e-05
2.864e-05
2.864e-05
2.8645e-05
2.865e-05
2.8575e-05
2.8635e-05
2.863e-05
2.863e-05
2.863e-05
2.863e-05
2.863e-05
2.863e-05
2.863e-05
2.865e-05
2.8655e-05
2.8655e-05
2.8655e-05
2.8655e-05
2.865e-05
2.865e-05
2.8655e-05
2.866e-05
2.865e-05
2.865e-05
2.865e-05
2.865e-05
2.865e-05
2.865e-05
2.865e-05
2.866e-05
2.866e-05
2.8675e-05
2.8675e-05
2.8605e-05
2.8605e-05
2.8605e-05
2.8605e-05
2.865e-05
2.865e-05
2.8625e-05
2.8655e-05
2.8605e-05
2.8605e-05
2.8615e-05
2.863e-05
2.8635e-05
2.8635e-05
2.8635e-05
2.8635e-05
2.8635e-05
2.86e-05
2.86e-05
2.856e-05
2.8555e-05
2.8555e-05
2.8555e-05
2.8625e-05
2.8625e-05
2.8625e-05
2.854e-05
2.854e-05
2.839e-05
2.854e-05
2.854e-05
2.839e-05
2.839e-05
2.855e-05
2.855e-05
2.8545e-05
2.8545e-05
2.8545e-05
2.8555e-05
2.8555e-05
2.8555e-05
2.8555e-05
2.8555e-05
2.855e-05
2.855e-05
2.855e-05
2.8535e-05
2.8565e-05
2.8575e-05
2.854e-05
2.8555e-05
2.8545e-05
2.8545e-05
2.854e-05
2.8545e-05
2.8545e-05
2.8395e-05
2.8365e-05
2.8515e-05
2.853e-05
2.854e-05
2.853e-05
2.8535e-05
2.8545e-05
2.8545e-05
2.8525e-05
2.854e-05
2.854e-05
2.854e-05
2.854e-05
2.854e-05
2.854e-05
2.8545e-05
2.854e-05
2.857e-05
2.857e-05
2.8585e-05
2.8595e-05
2.8595e-05
2.8545e-05
2.8545e-05
2.8505e-05
2.8505e-05
2.8495e-05
2.8505e-05
2.851e-05
2.851e-05
2.851e-05
2.851e-05
2.872e-05
2.868e-05
2.8615e-05
2.8515e-05
2.8585e-05
2.8545e-05
2.8555e-05
2.852e-05
2.853e-05
2.853e-05
2.8605e-05
2.8705e-05
2.8675e-05
2.8675e-05
2.8665e-05
2.8555e-05
2.8595e-05
2.86e-05
2.8605e-05
2.8595e-05
2.8625e-05
2.8625e-05
2.8595e-05
2.8525e-05
2.8525e-05
2.853e-05
2.8535e-05
2.853e-05
2.854e-05
2.854e-05
2.854e-05
2.8525e-05
2.853e-05
2.857e-05
2.856e-05
2.8545e-05
2.8535e-05
2.8535e-05
2.848e-05
2.853e-05
2.853e-05
2.844e-05
2.851e-05
2.8515e-05
2.852e-05
2.8525e-05
2.853e-05
2.8455e-05
2.8455e-05
2.8455e-05
2.855e-05
2.856e-05
2.8575e-05
2.8585e-05
2.8595e-05
2.861e-05
2.8615e-05
2.8615e-05
2.8615e-05
2.862e-05
2.862e-05
2.862e-05
2.8615e-05
2.862e-05
2.862e-05
2.862e-05
2.862e-05
2.862e-05
2.8615e-05
2.8615e-05
2.8605e-05
2.8605e-05
2.8605e-05
2.8605e-05
2.8605e-05
2.8605e-05
2.861e-05
2.861e-05
2.8605e-05
2.8605e-05
2.8575e-05
2.858e-05
2.853e-05
2.858e-05
2.853e-05
2.854e-05
2.854e-05
2.8535e-05
2.854e-05
2.854e-05
2.8545e-05
2.8545e-05
2.855e-05
2.8545e-05
2.8545e-05
2.855e-05
2.857e-05
2.858e-05
2.857e-05
2.8575e-05
2.857e-05
2.852e-05
2.8535e-05
2.8545e-05
2.8565e-05
2.858e-05
2.8545e-05
2.8575e-05
2.8575e-05
2.8665e-05
2.8665e-05
2.869e-05
2.866e-05
2.863e-05
2.863e-05
2.864e-05
2.871e-05
2.866e-05
2.866e-05
2.8665e-05
2.8665e-05
2.8665e-05
2.8655e-05
2.8555e-05
2.8565e-05
2.8555e-05
2.853e-05
2.8495e-05
2.85e-05
2.8505e-05
2.8505e-05
2.8505e-05
2.85e-05
2.8455e-05
2.855e-05
2.858e-05
2.859e-05
2.861e-05
2.8615e-05
2.861e-05
2.862e-05
2.8555e-05
2.8555e-05
2.8555e-05
2.8555e-05
2.8595e-05
2.8525e-05
2.8525e-05
2.8525e-05
2.8525e-05
2.8525e-05
2.8525e-05
2.8525e-05
2.862e-05
2.8625e-05
2.8625e-05
2.863e-05
2.862e-05
2.862e-05
2.862e-05
2.862e-05
2.8645e-05
2.862e-05
2.8525e-05
2.859e-05
2.859e-05
2.8585e-05
2.8585e-05
2.8585e-05
2.853e-05
2.854e-05
2.851e-05
2.8515e-05
2.8525e-05
2.8525e-05
2.853e-05
2.8525e-05
2.8525e-05
2.8525e-05
2.8525e-05
2.853e-05
2.853e-05
2.853e-05
2.853e-05
2.853e-05
2.853e-05
2.853e-05
2.853e-05
2.853e-05
2.853e-05
2.853e-05
2.8525e-05
2.852e-05
2.852e-05
2.8455e-05
2.8455e-05
2.845e-05
2.847e-05
2.847e-05
2.8375e-05
2.8365e-05
2.8355e-05
2.833e-05
2.833e-05
2.833e-05
2.8335e-05
2.836e-05
2.8375e-05
2.838e-05
2.838e-05
2.838e-05
2.838e-05
2.838e-05
2.838e-05
2.838e-05
2.838e-05
2.8445e-05
2.8445e-05
2.8445e-05
2.843e-05
2.8435e-05
2.8435e-05
2.8435e-05
2.8435e-05
2.8435e-05
2.8435e-05
2.8435e-05
2.8435e-05
2.8435e-05
2.8435e-05
2.8435e-05
2.8435e-05
2.8435e-05
2.8365e-05
2.8365e-05
2.8355e-05
2.8355e-05
2.836e-05
2.836e-05
2.836e-05
2.836e-05
2.8355e-05
2.8355e-05
2.836e-05
2.836e-05
2.836e-05
2.836e-05
2.836e-05
2.836e-05
2.836e-05
2.836e-05
2.836e-05
2.836e-05
2.836e-05
2.836e-05
2.837e-05
2.838e-05
2.838e-05
2.838e-05
2.838e-05
2.8385e-05
2.8385e-05
2.8385e-05
2.8385e-05
2.838e-05
2.838e-05
2.8395e-05
2.8395e-05
2.8395e-05
2.8395e-05
2.838e-05
2.8375e-05
2.8275e-05
2.8275e-05
2.828e-05
2.828e-05
2.8275e-05
2.8285e-05
2.8285e-05
2.8275e-05
2.8285e-05
2.8285e-05
2.831e-05
2.831e-05
2.843e-05
2.847e-05
2.8525e-05
2.844e-05
2.844e-05
2.838e-05
2.8285e-05
2.829e-05
2.829e-05
2.8295e-05
2.8415e-05
2.835e-05
2.8295e-05
2.8295e-05
2.8295e-05
2.83e-05
2.83e-05
2.83e-05
2.8305e-05
2.8305e-05
2.8315e-05
2.8325e-05
2.8305e-05
2.83e-05
2.83e-05
2.8245e-05
2.8245e-05
2.8245e-05
2.8245e-05
2.8305e-05
2.8305e-05
2.8305e-05
2.831e-05
2.831e-05
2.831e-05
2.831e-05
2.831e-05
2.831e-05
2.842e-05
2.842e-05
2.831e-05
2.831e-05
2.831e-05
2.8325e-05
2.8325e-05
2.8325e-05
2.8325e-05
2.8325e-05
2.8325e-05
2.8325e-05
2.8325e-05
2.839e-05
2.8385e-05
2.8475e-05
2.839e-05
2.838e-05
2.838e-05
2.838e-05
2.838e-05
2.8385e-05
2.8325e-05
2.833e-05
2.833e-05
2.8385e-05
2.8395e-05
2.84e-05
2.8405e-05
2.8405e-05
2.8405e-05
2.841e-05
2.841e-05
2.841e-05
2.841e-05
2.841e-05
2.841e-05
2.841e-05
2.841e-05
2.84e-05
2.8405e-05
2.8405e-05
2.8405e-05
2.8405e-05
2.839e-05
2.839e-05
2.8395e-05
2.84e-05
2.84e-05
2.8415e-05
2.8435e-05
2.842e-05
2.842e-05
2.842e-05
2.8395e-05
2.84e-05
2.8405e-05
2.8305e-05
2.846e-05
2.8475e-05
2.8475e-05
2.8495e-05
2.8495e-05
2.8495e-05
2.8495e-05
2.8495e-05
2.8615e-05
2.862e-05
2.8525e-05
2.836e-05
2.837e-05
2.835e-05
2.835e-05
2.8345e-05
2.8345e-05
2.835e-05
2.8345e-05
2.8345e-05
2.84e-05
2.8405e-05
2.8405e-05
2.8405e-05
2.8415e-05
2.8415e-05
2.843e-05
2.8425e-05
2.8425e-05
2.842e-05
2.842e-05
2.841e-05
2.8405e-05
2.8405e-05
2.8405e-05
2.8405e-05
2.8405e-05
2.8405e-05
2.8405e-05
2.8405e-05
2.8405e-05
2.8405e-05
2.8405e-05
2.8405e-05
2.839e-05
2.839e-05
2.8405e-05
2.8365e-05
2.837e-05
2.838e-05
2.838e-05
2.838e-05
2.838e-05
2.838e-05
2.838e-05
2.838e-05
2.8385e-05
2.8385e-05
2.839e-05
2.839e-05
2.8395e-05
2.839e-05
2.8395e-05
2.8395e-05
2.8395e-05
2.8395e-05
2.8395e-05
2.8395e-05
2.8395e-05
2.8395e-05
2.8395e-05
2.841e-05
2.8415e-05
2.8425e-05
2.84e-05
2.84e-05
2.839e-05
2.839e-05
2.839e-05
2.838e-05
2.8375e-05
2.8375e-05
2.836e-05
2.836e-05
2.837e-05
2.835e-05
2.833e-05
2.833e-05
2.833e-05
2.8355e-05
2.836e-05
2.836e-05
2.836e-05
2.8355e-05
2.8355e-05
2.8355e-05
2.8355e-05
2.8355e-05
2.835e-05
2.8345e-05
2.8345e-05
2.8345e-05
2.8345e-05
2.8345e-05
2.8355e-05
2.8355e-05
2.835e-05
2.835e-05
2.8355e-05
2.8355e-05
2.8355e-05
2.836e-05
2.836e-05
2.836e-05
2.836e-05
2.836e-05
2.837e-05
2.837e-05
2.8375e-05
2.8375e-05
2.8375e-05
2.8375e-05
2.8375e-05
2.838e-05
2.838e-05
2.8345e-05
2.8345e-05
2.8375e-05
2.8375e-05
2.8375e-05
2.838e-05
2.8395e-05
2.8395e-05
2.8395e-05
2.8385e-05
2.8385e-05
2.8385e-05
2.8385e-05
2.8385e-05
2.8385e-05
2.8385e-05
2.8385e-05
2.839e-05
2.839e-05
2.839e-05
2.839e-05
2.8395e-05
2.84e-05
2.84e-05
2.84e-05
2.8485e-05
2.849e-05
2.849e-05
2.8405e-05
2.8415e-05
2.8405e-05
2.8405e-05
2.8405e-05
2.8405e-05
2.8305e-05
2.8395e-05
2.84e-05
2.84e-05
2.84e-05
2.84e-05
2.84e-05
2.84e-05
2.84e-05
2.841e-05
2.8425e-05
2.8425e-05
2.8435e-05
2.8445e-05
2.841e-05
2.842e-05
2.842e-05
2.8405e-05
2.8405e-05
2.8405e-05
2.8405e-05
2.84e-05
2.851e-05
2.842e-05
2.842e-05
2.8415e-05
2.8415e-05
2.842e-05
2.842e-05
2.8425e-05
2.842e-05
2.842e-05
2.844e-05
2.8445e-05
2.8445e-05
2.8445e-05
2.851e-05
2.8445e-05
2.8445e-05
2.8445e-05
2.8445e-05
2.845e-05
2.8375e-05
2.836e-05
2.8365e-05
2.8365e-05
2.8365e-05
2.8365e-05
2.846e-05
2.846e-05
2.846e-05
2.846e-05
2.846e-05
2.846e-05
2.846e-05
2.846e-05
2.846e-05
2.846e-05
2.846e-05
2.8485e-05
2.8485e-05
2.8485e-05
2.8485e-05
2.843e-05
2.8465e-05
2.8465e-05
2.8465e-05
2.847e-05
2.8465e-05
2.8465e-05
2.8465e-05
2.848e-05
2.847e-05
2.847e-05
2.847e-05
2.8475e-05
2.8475e-05
2.847e-05
2.847e-05
2.847e-05
2.8455e-05
2.8375e-05
2.8385e-05
2.8385e-05
2.8375e-05
2.8355e-05
2.8375e-05
2.832e-05
2.8325e-05
2.8325e-05
2.833e-05
2.833e-05
2.833e-05
2.8325e-05
2.8325e-05
2.833e-05
2.8335e-05
2.8335e-05
2.8385e-05
2.837e-05
2.8375e-05
2.8375e-05
2.837e-05
2.837e-05
2.8255e-05
2.838e-05
2.8255e-05
2.8375e-05
2.8395e-05
2.837e-05
2.837e-05
2.8365e-05
2.837e-05
2.8375e-05
2.8375e-05
2.8375e-05
2.8375e-05
2.8375e-05
2.8375e-05
2.836e-05
2.836e-05
2.837e-05
2.8365e-05
2.8375e-05
2.8425e-05
2.835e-05
2.835e-05
2.835e-05
2.835e-05
2.836e-05
2.8355e-05
2.8355e-05
2.8235e-05
2.8325e-05
2.833e-05
2.8335e-05
2.834e-05
2.822e-05
2.8345e-05
2.8275e-05
2.8275e-05
2.8205e-05
2.8205e-05
2.8205e-05
2.823e-05
2.8225e-05
2.8225e-05
2.822e-05
2.82e-05
2.8225e-05
2.8225e-05
2.818e-05
2.8225e-05
2.823e-05
2.823e-05
2.825e-05
2.8245e-05
2.8235e-05
2.824e-05
2.8245e-05
2.823e-05
2.834e-05
2.8255e-05
2.8255e-05
2.8275e-05
2.8275e-05
2.8275e-05
2.8275e-05
2.8275e-05
2.828e-05
2.828e-05
2.828e-05
2.828e-05
2.828e-05
2.828e-05
2.828e-05
2.8285e-05
2.8345e-05
2.835e-05
2.831e-05
2.838e-05
2.8415e-05
2.8385e-05
2.84e-05
2.843e-05
2.842e-05
2.84e-05
2.84e-05
2.8375e-05
2.84e-05
2.84e-05
2.8325e-05
2.8445e-05
2.8445e-05
2.8335e-05
2.8335e-05
2.833e-05
2.834e-05
2.8345e-05
2.834e-05
2.8345e-05
2.8345e-05
2.8355e-05
2.837e-05
2.839e-05
2.8385e-05
2.8395e-05
2.84e-05
2.8395e-05
2.8395e-05
2.84e-05
2.8405e-05
2.8425e-05
2.8455e-05
2.8455e-05
2.8455e-05
2.8425e-05
2.848e-05
2.848e-05
2.848e-05
2.848e-05
2.848e-05
2.848e-05
2.848e-05
2.848e-05
2.848e-05
2.848e-05
2.848e-05
2.8475e-05
2.8475e-05
2.8475e-05
2.8475e-05
2.84e-05
2.8415e-05
2.8365e-05
2.8365e-05
2.839e-05
2.839e-05
2.8495e-05
2.8365e-05
2.837e-05
2.8365e-05
2.837e-05
2.837e-05
2.8375e-05
2.837e-05
2.837e-05
2.837e-05
2.8305e-05
2.8305e-05
2.8305e-05
2.8365e-05
2.837e-05
2.8365e-05
2.8265e-05
2.8265e-05
2.835e-05
2.832e-05
2.8305e-05
2.8285e-05
2.8245e-05
2.823e-05
2.823e-05
2.823e-05
2.823e-05
2.823e-05
2.823e-05
2.8235e-05
2.8235e-05
2.8235e-05
2.822e-05
2.8275e-05
2.8275e-05
2.828e-05
2.8275e-05
2.827e-05
2.827e-05
2.827e-05
2.827e-05
2.8275e-05
2.8275e-05
2.8275e-05
2.834e-05
2.8285e-05
2.8285e-05
2.8285e-05
2.8285e-05
2.8285e-05
2.8285e-05
2.8285e-05
2.8285e-05
2.829e-05
2.829e-05
2.829e-05
2.829e-05
2.8295e-05
2.829e-05
2.829e-05
2.829e-05
2.829e-05
2.839e-05
2.839e-05
2.8335e-05
2.8335e-05
2.8335e-05
2.8265e-05
2.8265e-05
2.8295e-05
2.8265e-05
2.8265e-05
2.8265e-05
2.8295e-05
2.8295e-05
2.8295e-05
2.8295e-05
2.8295e-05
2.8295e-05
2.8305e-05
2.83e-05
2.83e-05
2.83e-05
2.83e-05
2.829e-05
2.8305e-05
2.829e-05
2.829e-05
2.828e-05
2.8275e-05
2.8275e-05
2.8275e-05
2.8275e-05
2.8275e-05
2.8275e-05
2.8275e-05
2.8275e-05
2.8275e-05
2.8275e-05
2.8275e-05
2.828e-05
2.8275e-05
2.827e-05
2.8195e-05
2.8195e-05
2.8195e-05
2.8195e-05
2.8195e-05
2.8195e-05
2.8195e-05
2.819e-05
2.818e-05
2.817e-05
2.817e-05
2.817e-05
2.816e-05
2.816e-05
2.8145e-05
2.8145e-05
2.8125e-05
2.8125e-05
2.8105e-05
2.8105e-05
2.809e-05
2.8085e-05
2.811e-05
2.813e-05
2.8135e-05
2.8175e-05
2.83e-05
2.8445e-05
2.8275e-05
2.826e-05
2.8315e-05
2.8265e-05
2.828e-05
2.822e-05
2.821e-05
2.824e-05
2.8155e-05
2.816e-05
2.8185e-05
2.8185e-05
2.818e-05
2.8265e-05
2.8195e-05
2.8185e-05
2.8165e-05
2.818e-05
2.817e-05
2.817e-05
2.817e-05
2.817e-05
2.817e-05
2.817e-05
2.817e-05
2.817e-05
2.817e-05
2.81e-05
2.81e-05
2.81e-05
2.809e-05
2.81e-05
2.8075e-05
2.81e-05
2.8095e-05
2.8095e-05
2.8095e-05
2.8095e-05
2.8095e-05
2.8095e-05
2.8095e-05
2.8095e-05
2.803e-05
2.803e-05
2.803e-05
2.803e-05
2.803e-05
2.803e-05
2.803e-05
2.803e-05
2.803e-05
2.803e-05
2.803e-05
2.803e-05
2.803e-05
2.8065e-05
2.803e-05
2.8035e-05
2.8035e-05
2.8035e-05
2.8035e-05
2.8035e-05
2.8035e-05
2.8055e-05
2.8055e-05
2.805e-05
2.799e-05
2.7975e-05
2.798e-05
2.798e-05
2.7975e-05
2.7995e-05
2.7995e-05
2.7995e-05
2.7995e-05
2.7995e-05
2.7995e-05
2.7995e-05
2.7995e-05
2.7995e-05
2.8115e-05
2.8115e-05
2.8115e-05
2.8115e-05
2.806e-05
2.806e-05
2.806e-05
2.8055e-05
2.8055e-05
2.806e-05
2.806e-05
2.806e-05
2.806e-05
2.806e-05
2.806e-05
2.8065e-05
2.806e-05
2.806e-05
2.8065e-05
2.8065e-05
2.8065e-05
2.807e-05
2.807e-05
2.807e-05
2.807e-05
2.807e-05
2.807e-05
2.807e-05
2.807e-05
2.807e-05
2.8075e-05
2.8075e-05
2.8075e-05
2.8075e-05
2.804e-05
2.804e-05
2.804e-05
2.802e-05
2.802e-05
2.802e-05
2.802e-05
2.802e-05
2.802e-05
2.802e-05
2.802e-05
2.802e-05
2.802e-05
2.802e-05
2.802e-05
2.802e-05
2.802e-05
2.802e-05
2.802e-05
2.802e-05
2.802e-05
2.802e-05
2.802e-05
2.8075e-05
2.8075e-05
2.8075e-05
2.8075e-05
2.8075e-05
2.8075e-05
2.8075e-05
2.8075e-05
2.8075e-05
2.8075e-05
2.8075e-05
2.8075e-05
2.8075e-05
2.809e-05
2.8005e-05
2.8065e-05
2.8065e-05
2.8065e-05
2.8065e-05
2.804e-05
2.8045e-05
2.8065e-05
2.8055e-05
2.8055e-05
2.8055e-05
2.807e-05
2.807e-05
2.813e-05
2.814e-05
2.81e-05
2.809e-05
2.809e-05
2.809e-05
2.809e-05
2.809e-05
2.825e-05
2.828e-05
2.8255e-05
2.825e-05
2.825e-05
2.8185e-05
2.826e-05
2.8275e-05
2.8275e-05
2.827e-05
2.8265e-05
2.8155e-05
2.815e-05
2.816e-05
2.814e-05
2.82e-05
2.8185e-05
2.8145e-05
2.8225e-05
2.8225e-05
2.8175e-05
2.8175e-05
2.8185e-05
2.818e-05
2.8215e-05
2.823e-05
2.819e-05
2.8225e-05
2.8215e-05
2.821e-05
2.8205e-05
2.8205e-05
2.8175e-05
2.8175e-05
2.8175e-05
2.8215e-05
2.8215e-05
2.822e-05
2.822e-05
2.8215e-05
2.8215e-05
2.8205e-05
2.8205e-05
2.82e-05
2.818e-05
2.818e-05
2.8275e-05
2.8195e-05
2.8055e-05
2.8055e-05
2.801e-05
2.8005e-05
2.8015e-05
2.8015e-05
2.8135e-05
2.814e-05
2.8055e-05
2.811e-05
2.8065e-05
2.8055e-05
2.819e-05
2.806e-05
2.806e-05
2.809e-05
2.8065e-05
2.803e-05
2.805e-05
2.808e-05
2.814e-05
2.804e-05
2.7965e-05
2.7965e-05
2.8085e-05
2.809e-05
2.8155e-05
2.821e-05
2.824e-05
2.825e-05
2.8175e-05
2.815e-05
2.8085e-05
2.813e-05
2.8125e-05
2.812e-05
2.812e-05
2.8045e-05
2.804e-05
2.7975e-05
2.8105e-05
2.8105e-05
2.8095e-05
2.81e-05
2.809e-05
2.808e-05
2.8075e-05
2.8075e-05
2.8075e-05
2.8075e-05
2.8075e-05
2.807e-05
2.807e-05
2.799e-05
2.801e-05
2.7995e-05
2.801e-05
2.7995e-05
2.7995e-05
2.8085e-05
2.801e-05
2.7975e-05
2.8e-05
2.803e-05
2.803e-05
2.7925e-05
2.7925e-05
2.7925e-05
2.7985e-05
2.799e-05
2.799e-05
2.7995e-05
2.7995e-05
2.7995e-05
2.7995e-05
2.7995e-05
2.7995e-05
2.7995e-05
2.7995e-05
2.799e-05
2.795e-05
2.795e-05
2.7995e-05
2.8e-05
2.8e-05
2.801e-05
2.802e-05
2.803e-05
2.8015e-05
2.801e-05
2.8065e-05
2.805e-05
2.807e-05
2.8075e-05
2.808e-05
2.8085e-05
2.809e-05
2.8085e-05
2.801e-05
2.8065e-05
2.8065e-05
2.8065e-05
2.807e-05
2.807e-05
2.807e-05
2.8065e-05
2.8065e-05
2.8015e-05
2.801e-05
2.807e-05
2.8065e-05
2.806e-05
2.8055e-05
2.805e-05
2.817e-05
2.817e-05
2.817e-05
2.817e-05
2.811e-05
2.8095e-05
2.808e-05
2.808e-05
2.815e-05
2.815e-05
2.815e-05
2.8145e-05
2.8145e-05
2.814e-05
2.809e-05
2.809e-05
2.8095e-05
2.8095e-05
2.8095e-05
2.8095e-05
2.8095e-05
2.8085e-05
2.809e-05
2.8085e-05
2.8115e-05
2.812e-05
2.812e-05
2.812e-05
2.812e-05
2.812e-05
2.812e-05
2.812e-05
2.812e-05
2.812e-05
2.812e-05
2.812e-05
2.812e-05
2.812e-05
2.812e-05
2.812e-05
2.812e-05
2.8115e-05
2.812e-05
2.809e-05
2.808e-05
2.808e-05
2.808e-05
2.808e-05
2.8085e-05
2.8085e-05
2.8085e-05
2.8105e-05
2.8105e-05
2.8095e-05
2.81e-05
2.8085e-05
2.8085e-05
2.808e-05
2.808e-05
2.808e-05
2.8075e-05
2.8075e-05
2.8075e-05
2.8075e-05
2.8065e-05
2.8065e-05
2.8065e-05
2.8065e-05
2.8065e-05
2.8065e-05
2.8055e-05
2.8075e-05
2.8075e-05
2.8075e-05
2.8075e-05
2.807e-05
2.807e-05
2.807e-05
2.808e-05
2.808e-05
2.8135e-05
2.8135e-05
2.8135e-05
2.8135e-05
2.8135e-05
2.8135e-05
2.816e-05
2.8135e-05
2.8135e-05
2.8135e-05
2.8135e-05
2.8135e-05
2.8135e-05
2.8135e-05
2.8135e-05
2.8135e-05
2.8135e-05
2.8135e-05
2.8135e-05
2.8175e-05
2.814e-05
2.8145e-05
2.814e-05
2.804e-05
2.8075e-05
2.8075e-05
2.8065e-05
2.8045e-05
2.805e-05
2.805e-05
2.805e-05
2.805e-05
2.8055e-05
2.8055e-05
2.8055e-05
2.809e-05
2.8055e-05
2.8055e-05
2.8145e-05
2.8145e-05
2.8145e-05
2.8155e-05
2.8155e-05
2.816e-05
2.816e-05
2.816e-05
2.8155e-05
2.8155e-05
2.8155e-05
2.8155e-05
2.8155e-05
2.8155e-05
2.8155e-05
2.8155e-05
2.8155e-05
2.8155e-05
2.8155e-05
2.8155e-05
2.8155e-05
2.8165e-05
2.8165e-05
2.8165e-05
2.8165e-05
2.8165e-05
2.8165e-05
2.8165e-05
2.8165e-05
2.8165e-05
2.8165e-05
2.8165e-05
2.8165e-05
2.816e-05
2.809e-05
2.809e-05
2.806e-05
2.806e-05
2.806e-05
2.8055e-05
2.8055e-05
2.806e-05
2.806e-05
2.809e-05
2.809e-05
2.809e-05
2.809e-05
2.809e-05
2.8095e-05
2.8095e-05
2.8095e-05
2.81e-05
2.8095e-05
2.8095e-05
2.8095e-05
2.8095e-05
2.8065e-05
2.8065e-05
2.8095e-05
2.8095e-05
2.8095e-05
2.8095e-05
2.8095e-05
2.81e-05
2.8095e-05
2.8095e-05
2.8095e-05
2.8095e-05
2.8095e-05
2.8095e-05
2.8095e-05
2.81e-05
2.81e-05
2.81e-05
2.81e-05
2.8105e-05
2.8105e-05
2.811e-05
2.811e-05
2.8105e-05
2.81e-05
2.81e-05
2.811e-05
2.8105e-05
2.81e-05
2.8095e-05
2.8085e-05
2.8085e-05
2.8085e-05
2.8085e-05
2.8085e-05
2.8005e-05
2.8085e-05
2.8005e-05
2.8005e-05
2.8005e-05
2.8005e-05
2.8005e-05
2.808e-05
2.808e-05
2.808e-05
2.808e-05
2.8075e-05
2.8065e-05
2.8065e-05
2.807e-05
2.807e-05
2.807e-05
2.807e-05
2.807e-05
2.807e-05
2.807e-05
2.807e-05
2.807e-05
2.808e-05
2.8075e-05
2.8075e-05
2.7995e-05
2.7995e-05
2.8075e-05
2.8075e-05
2.8075e-05
2.8075e-05
2.8075e-05
2.8075e-05
2.8075e-05
2.807e-05
2.8065e-05
2.807e-05
2.807e-05
2.807e-05
2.8065e-05
2.806e-05
2.794e-05
2.794e-05
2.806e-05
2.8065e-05
2.8025e-05
2.8145e-05
2.8025e-05
2.8025e-05
2.8025e-05
2.8015e-05
2.8015e-05
2.802e-05
2.8025e-05
2.8025e-05
2.802e-05
2.802e-05
2.802e-05
2.802e-05
2.802e-05
2.802e-05
2.802e-05
2.8e-05
2.7995e-05
2.7995e-05
2.8015e-05
2.802e-05
2.7975e-05
2.797e-05
2.8085e-05
2.8085e-05
2.801e-05
2.801e-05
2.801e-05
2.801e-05
2.801e-05
2.801e-05
2.8005e-05
2.8005e-05
2.8005e-05
2.801e-05
2.801e-05
2.801e-05
2.801e-05
2.801e-05
2.801e-05
2.801e-05
2.801e-05
2.8015e-05
2.8015e-05
2.802e-05
2.8025e-05
2.803e-05
2.803e-05
2.804e-05
2.8055e-05
2.805e-05
2.805e-05
2.8055e-05
2.8055e-05
2.801e-05
2.8015e-05
2.8105e-05
2.8105e-05
2.8105e-05
2.8105e-05
2.8105e-05
2.8055e-05
2.806e-05
2.7965e-05
2.796e-05
2.8015e-05
2.8005e-05
2.8005e-05
2.801e-05
2.801e-05
2.8005e-05
2.8e-05
2.801e-05
2.801e-05
2.8015e-05
2.805e-05
2.805e-05
2.805e-05
2.7965e-05
2.8e-05
2.8005e-05
2.8005e-05
2.801e-05
2.791e-05
2.791e-05
2.791e-05
2.7905e-05
2.7905e-05
2.791e-05
2.791e-05
2.791e-05
2.791e-05
2.791e-05
2.791e-05
2.798e-05
2.7965e-05
2.7985e-05
2.7995e-05
2.7985e-05
2.799e-05
2.7985e-05
2.8005e-05
2.8005e-05
2.8015e-05
2.7975e-05
2.7975e-05
2.7945e-05
2.795e-05
2.7975e-05
2.7975e-05
2.7975e-05
2.794e-05
2.794e-05
2.795e-05
2.795e-05
2.795e-05
2.795e-05
2.795e-05
2.795e-05
2.795e-05
2.795e-05
2.795e-05
2.795e-05
2.795e-05
2.795e-05
2.8005e-05
2.802e-05
2.8045e-05
2.8045e-05
2.8035e-05
2.803e-05
2.803e-05
2.803e-05
2.8035e-05
2.797e-05
2.802e-05
2.7975e-05
2.801e-05
2.8015e-05
2.802e-05
2.7995e-05
2.8005e-05
2.8e-05
2.8e-05
2.8005e-05
2.8005e-05
2.8015e-05
2.802e-05
2.8015e-05
2.8015e-05
2.8015e-05
2.813e-05
2.8015e-05
2.8015e-05
2.801e-05
2.801e-05
2.798e-05
2.798e-05
2.796e-05
2.796e-05
2.796e-05
2.796e-05
2.796e-05
2.796e-05
2.796e-05
2.799e-05
2.7995e-05
2.8e-05
2.8e-05
2.8e-05
2.7985e-05
2.7975e-05
2.798e-05
2.7975e-05
2.798e-05
2.799e-05
2.8e-05
2.8e-05
2.8e-05
2.8005e-05
2.8005e-05
2.8095e-05
2.8095e-05
2.81e-05
2.81e-05
2.81e-05
2.8015e-05
2.8005e-05
2.7955e-05
2.7955e-05
2.8e-05
2.7995e-05
2.8e-05
2.8e-05
2.8e-05
2.8e-05
2.8e-05
2.8e-05
2.8005e-05
2.7985e-05
2.7985e-05
2.791e-05
2.799e-05
2.7985e-05
2.799e-05
2.799e-05
2.799e-05
2.799e-05
2.799e-05
2.7995e-05
2.799e-05
2.7995e-05
2.799e-05
2.7985e-05
2.8035e-05
2.8045e-05
2.8045e-05
2.804e-05
2.804e-05
2.8035e-05
2.7995e-05
2.8e-05
2.8e-05
2.8e-05
2.8e-05
2.8e-05
2.8e-05
2.8e-05
2.8e-05
2.8e-05
2.8e-05
2.7975e-05
2.7975e-05
2.7975e-05
2.7925e-05
2.799e-05
2.7995e-05
2.7975e-05
2.8e-05
2.8015e-05
2.7995e-05
2.7995e-05
2.7995e-05
2.7995e-05
2.799e-05
2.795e-05
2.795e-05
2.794e-05
2.796e-05
2.791e-05
2.791e-05
2.793e-05
2.7965e-05
2.796e-05
2.7965e-05
2.798e-05
2.799e-05
2.799e-05
2.7995e-05
2.7995e-05
2.7995e-05
2.799e-05
2.7965e-05
2.7965e-05
2.797e-05
2.797e-05
2.7975e-05
2.7975e-05
2.7975e-05
2.7975e-05
2.7975e-05
2.7975e-05
2.7975e-05
2.7975e-05
2.7975e-05
2.7975e-05
2.7975e-05
2.797e-05
2.7975e-05
2.7975e-05
2.7975e-05
2.7975e-05
2.7935e-05
2.7975e-05
2.7975e-05
2.7975e-05
2.798e-05
2.799e-05
2.8005e-05
2.8005e-05
2.7975e-05
2.7975e-05
2.7975e-05
2.798e-05
2.799e-05
2.799e-05
2.7975e-05
2.798e-05
2.798e-05
2.798e-05
2.801e-05
2.8015e-05
2.8015e-05
2.8025e-05
2.8075e-05
2.8075e-05
2.8075e-05
2.8075e-05
2.808e-05
2.8135e-05
2.8175e-05
2.821e-05
2.8295e-05
2.832e-05
2.832e-05
2.8365e-05
2.8365e-05
2.837e-05
2.839e-05
2.841e-05
2.843e-05
2.8485e-05
2.8665e-05
2.8755e-05
2.879e-05
2.8885e-05
2.8885e-05
2.8775e-05
2.863e-05
2.8755e-05
2.8785e-05
2.877e-05
2.8585e-05
2.872e-05
2.8675e-05
2.856e-05
2.8675e-05
2.867e-05
2.8665e-05
2.8675e-05
2.8685e-05
2.867e-05
2.867e-05
2.863e-05
2.862e-05
2.871e-05
2.871e-05
2.8755e-05
2.8785e-05
2.8835e-05
2.8815e-05
2.8815e-05
2.873e-05
2.873e-05
2.873e-05
2.8735e-05
2.873e-05
2.8725e-05
2.8725e-05
2.8745e-05
2.8745e-05
2.874e-05
2.866e-05
2.867e-05
2.8635e-05
2.8635e-05
2.8645e-05
2.8645e-05
2.8615e-05
2.8605e-05
2.8605e-05
2.8605e-05
2.8605e-05
2.859e-05
2.859e-05
2.859e-05
2.862e-05
2.8635e-05
2.856e-05
2.8555e-05
2.8595e-05
2.86e-05
2.8625e-05
2.864e-05
2.863e-05
2.863e-05
2.8695e-05
2.8655e-05
2.866e-05
2.8675e-05
2.8685e-05
2.8685e-05
2.868e-05
2.866e-05
2.8625e-05
2.8635e-05
2.865e-05
2.8575e-05
2.8775e-05
2.865e-05
2.8595e-05
2.8505e-05
2.8515e-05
2.849e-05
2.8445e-05
2.8385e-05
2.8495e-05
2.8465e-05
2.837e-05
2.8395e-05
2.841e-05
2.839e-05
2.836e-05
2.8365e-05
2.8335e-05
2.833e-05
2.833e-05
2.8315e-05
2.8355e-05
2.835e-05
2.8315e-05
2.8175e-05
2.829e-05
2.8295e-05
2.83e-05
2.83e-05
2.8375e-05
2.8485e-05
2.8475e-05
2.8435e-05
2.844e-05
2.8465e-05
2.8465e-05
2.8485e-05
2.8485e-05
2.8495e-05
2.8495e-05
2.8475e-05
2.849e-05
2.8465e-05
2.8465e-05
2.8425e-05
2.843e-05
2.8475e-05
2.8445e-05
2.8375e-05
2.843e-05
2.844e-05
2.846e-05
2.854e-05
2.854e-05
2.855e-05
2.854e-05
2.854e-05
2.854e-05
2.854e-05
2.8545e-05
2.86e-05
2.86e-05
2.86e-05
2.8595e-05
2.8435e-05
2.843e-05
2.843e-05
2.854e-05
2.8475e-05
2.8495e-05
2.85e-05
2.846e-05
2.847e-05
2.835e-05
2.832e-05
2.833e-05
2.8345e-05
2.83e-05
2.8305e-05
2.831e-05
2.8435e-05
2.8355e-05
2.8365e-05
2.8465e-05
2.8225e-05
2.8445e-05
2.84e-05
2.8475e-05
2.8435e-05
2.8495e-05
2.8355e-05
2.843e-05
2.8345e-05
2.8445e-05
2.8445e-05
2.8445e-05
2.853e-05
2.847e-05
2.847e-05
2.855e-05
2.855e-05
2.855e-05
2.853e-05
2.855e-05
2.851e-05
2.851e-05
2.851e-05
2.851e-05
2.851e-05
2.8515e-05
2.8515e-05
2.8485e-05
2.847e-05
2.848e-05
2.8505e-05
2.852e-05
2.85e-05
2.85e-05
2.8425e-05
2.8475e-05
2.8475e-05
2.8475e-05
2.8465e-05
2.8525e-05
2.8505e-05
2.85e-05
2.8485e-05
2.847e-05
2.847e-05
2.847e-05
2.8445e-05
2.8445e-05
2.8435e-05
2.844e-05
2.844e-05
2.844e-05
2.837e-05
2.8375e-05
2.8385e-05
2.839e-05
2.8395e-05
2.841e-05
2.8395e-05
2.8395e-05
2.8395e-05
2.841e-05
2.841e-05
2.8445e-05
2.8415e-05
2.8415e-05
2.845e-05
2.845e-05
2.845e-05
2.8485e-05
2.8475e-05
2.851e-05
2.8405e-05
2.8405e-05
2.841e-05
2.845e-05
2.845e-05
2.8465e-05
2.846e-05
2.8445e-05
2.8475e-05
2.844e-05
2.8435e-05
2.8435e-05
2.8545e-05
2.8475e-05
2.8475e-05
2.8475e-05
2.8525e-05
2.8525e-05
2.852e-05
2.852e-05
2.8455e-05
2.8455e-05
2.8455e-05
2.8475e-05
2.8475e-05
2.8485e-05
2.8485e-05
2.8485e-05
2.8485e-05
2.8485e-05
2.8485e-05
2.8485e-05
2.8485e-05
2.8485e-05
2.8485e-05
2.8465e-05
2.8465e-05
2.8465e-05
2.8465e-05
2.852e-05
2.852e-05
2.8495e-05
2.8495e-05
2.85e-05
2.8505e-05
2.8605e-05
2.8655e-05
2.8675e-05
2.8695e-05
2.8695e-05
2.872e-05
2.872e-05
2.872e-05
2.8705e-05
2.8705e-05
2.8695e-05
2.8725e-05
2.8725e-05
2.8725e-05
2.8495e-05
2.8585e-05
2.862e-05
2.861e-05
2.8465e-05
2.857e-05
2.8645e-05
2.8635e-05
2.86e-05
2.8625e-05
2.8625e-05
2.864e-05
2.864e-05
2.8655e-05
2.8675e-05
2.869e-05
2.869e-05
2.869e-05
2.869e-05
2.869e-05
2.869e-05
2.8675e-05
2.8675e-05
2.8625e-05
2.8575e-05
2.8565e-05
2.8535e-05
2.8565e-05
2.855e-05
2.855e-05
2.855e-05
2.855e-05
2.8535e-05
2.854e-05
2.856e-05
2.8575e-05
2.853e-05
2.8555e-05
2.8555e-05
2.8555e-05
2.8535e-05
2.8535e-05
2.8535e-05
2.8555e-05
2.8535e-05
2.856e-05
2.857e-05
2.856e-05
2.8635e-05
2.8705e-05
2.8655e-05
2.8615e-05
2.8625e-05
2.8625e-05
2.861e-05
2.8615e-05
2.8595e-05
2.8605e-05
2.862e-05
2.8615e-05
2.859e-05
2.8545e-05
2.8545e-05
2.855e-05
2.8545e-05
2.8545e-05
2.8545e-05
2.854e-05
2.8455e-05
2.8455e-05
2.8455e-05
2.8455e-05
2.8455e-05
2.8455e-05
2.8455e-05
2.8455e-05
2.845e-05
2.844e-05
2.844e-05
2.8435e-05
2.8465e-05
2.8585e-05
2.8415e-05
2.841e-05
2.8415e-05
2.841e-05
2.839e-05
2.828e-05
2.828e-05
2.8265e-05
2.8215e-05
2.818e-05
2.8185e-05
2.8175e-05
2.8065e-05
2.804e-05
2.8135e-05
2.814e-05
2.817e-05
2.816e-05
2.816e-05
2.818e-05
2.819e-05
2.817e-05
2.824e-05
2.8245e-05
2.821e-05
2.82e-05
2.819e-05
2.819e-05
2.8205e-05
2.819e-05
2.8235e-05
2.828e-05
2.8245e-05
2.823e-05
2.825e-05
2.8245e-05
2.8225e-05
2.827e-05
2.827e-05
2.827e-05
2.827e-05
2.827e-05
2.828e-05
2.827e-05
2.825e-05
2.822e-05
2.822e-05
2.825e-05
2.825e-05
2.823e-05
2.8275e-05
2.825e-05
2.8275e-05
2.828e-05
2.8275e-05
2.817e-05
2.7995e-05
2.822e-05
2.814e-05
2.82e-05
2.822e-05
2.822e-05
2.8145e-05
2.8155e-05
2.818e-05
2.8145e-05
2.817e-05
2.816e-05
2.8185e-05
2.8165e-05
2.816e-05
2.8145e-05
2.8195e-05
2.815e-05
2.8155e-05
2.8195e-05
2.8155e-05
2.816e-05
2.8155e-05
2.8155e-05
2.8185e-05
2.8305e-05
2.817e-05
2.8165e-05
2.8165e-05
2.811e-05
2.809e-05
2.808e-05
2.808e-05
2.807e-05
2.8085e-05
2.8075e-05
2.8075e-05
2.8075e-05
2.808e-05
2.808e-05
2.8085e-05
2.8085e-05
2.8095e-05
2.8095e-05
2.8085e-05
2.809e-05
2.8075e-05
2.809e-05
2.809e-05
2.809e-05
2.8095e-05
2.8085e-05
2.8085e-05
2.8095e-05
2.8095e-05
2.8095e-05
2.8095e-05
2.8095e-05
2.81e-05
2.8105e-05
2.8105e-05
2.8065e-05
2.8065e-05
2.8065e-05
2.81e-05
2.811e-05
2.811e-05
2.8095e-05
2.809e-05
2.809e-05
2.809e-05
2.809e-05
2.809e-05
2.809e-05
2.809e-05
2.809e-05
2.8095e-05
2.8095e-05
2.8095e-05
2.809e-05
2.8095e-05
2.809e-05
2.809e-05
2.809e-05
2.8095e-05
2.8095e-05
2.8105e-05
2.811e-05
2.8115e-05
2.812e-05
2.8125e-05
2.8135e-05
2.814e-05
2.8145e-05
2.8145e-05
2.8135e-05
2.814e-05
2.811e-05
2.8115e-05
2.8115e-05
2.811e-05
2.8115e-05
2.8115e-05
2.8115e-05
2.813e-05
2.8125e-05
2.8125e-05
2.8135e-05
2.8065e-05
2.8065e-05
2.8065e-05
2.8065e-05
2.8065e-05
2.8065e-05
2.8065e-05
2.809e-05
2.809e-05
2.809e-05
2.809e-05
2.809e-05
2.8065e-05
2.8065e-05
2.8065e-05
2.8055e-05
2.8055e-05
2.8055e-05
2.8055e-05
2.8055e-05
2.806e-05
2.8055e-05
2.8055e-05
2.8055e-05
2.8055e-05
2.8055e-05
2.8055e-05
2.8055e-05
2.808e-05
2.808e-05
2.808e-05
2.808e-05
2.808e-05
2.808e-05
2.808e-05
2.808e-05
2.808e-05
2.8055e-05
2.8055e-05
2.805e-05
2.805e-05
2.805e-05
2.805e-05
2.805e-05
2.812e-05
2.8065e-05
2.807e-05
2.807e-05
2.807e-05
2.8075e-05
2.807e-05
2.8075e-05
2.8075e-05
2.8075e-05
2.8065e-05
2.808e-05
2.8015e-05
2.8065e-05
2.8065e-05
2.8065e-05
2.8065e-05
2.804e-05
2.806e-05
2.805e-05
2.803e-05
2.803e-05
2.804e-05
2.8045e-05
2.8045e-05
2.8045e-05
2.7985e-05
2.7985e-05
2.7965e-05
2.793e-05
2.794e-05
2.7945e-05
2.7945e-05
2.795e-05
2.7945e-05
2.7945e-05
2.8045e-05
2.805e-05
2.8055e-05
2.8055e-05
2.8055e-05
2.8055e-05
2.8055e-05
2.8055e-05
2.8055e-05
2.8055e-05
2.8065e-05
2.8055e-05
2.8055e-05
2.806e-05
2.806e-05
2.806e-05
2.806e-05
2.806e-05
2.806e-05
2.806e-05
2.806e-05
2.806e-05
2.8095e-05
2.81e-05
2.8095e-05
2.8095e-05
2.81e-05
2.8095e-05
2.8095e-05
2.8095e-05
2.8095e-05
2.8095e-05
2.8095e-05
2.8095e-05
2.8095e-05
2.8115e-05
2.8115e-05
2.8115e-05
2.817e-05
2.827e-05
2.8285e-05
2.8285e-05
2.8285e-05
2.8275e-05
2.829e-05
2.829e-05
2.828e-05
2.829e-05
2.8385e-05
2.8295e-05
2.819e-05
2.819e-05
2.814e-05
2.814e-05
2.814e-05
2.814e-05
2.815e-05
2.815e-05
2.816e-05
2.8145e-05
2.814e-05
2.814e-05
2.814e-05
2.814e-05
2.814e-05
2.814e-05
2.814e-05
2.814e-05
2.818e-05
2.818e-05
2.818e-05
2.818e-05
2.818e-05
2.8235e-05
2.825e-05
2.825e-05
2.813e-05
2.8125e-05
2.8125e-05
2.8125e-05
2.8125e-05
2.8125e-05
2.8125e-05
2.8125e-05
2.8085e-05
2.8085e-05
2.803e-05
2.803e-05
2.803e-05
2.803e-05
2.803e-05
2.803e-05
2.803e-05
2.803e-05
2.809e-05
2.8135e-05
2.819e-05
2.8305e-05
2.832e-05
2.8315e-05
2.8315e-05
2.8315e-05
2.8275e-05
2.832e-05
2.8315e-05
2.8305e-05
2.8305e-05
2.8305e-05
2.8295e-05
2.8295e-05
2.8275e-05
2.837e-05
2.837e-05
2.831e-05
2.8295e-05
2.8295e-05
2.8295e-05
2.8295e-05
2.8285e-05
2.828e-05
2.8275e-05
2.827e-05
2.815e-05
2.8155e-05
2.817e-05
2.8165e-05
2.8155e-05
2.8275e-05
2.815e-05
2.8155e-05
2.815e-05
2.815e-05
2.8155e-05
2.8185e-05
2.8275e-05
2.8275e-05
2.828e-05
2.8335e-05
2.8335e-05
2.8315e-05
2.8315e-05
2.8275e-05
2.827e-05
2.8255e-05
2.8115e-05
2.8115e-05
2.8195e-05
2.821e-05
2.813e-05
2.812e-05
2.812e-05
2.813e-05
2.813e-05
2.8115e-05
2.8145e-05
2.813e-05
2.812e-05
2.812e-05
2.8245e-05
2.8245e-05
2.8255e-05
2.8275e-05
2.827e-05
2.827e-05
2.827e-05
2.827e-05
2.827e-05
2.833e-05
2.833e-05
2.8325e-05
2.8205e-05
2.8205e-05
2.82e-05
2.819e-05
2.8195e-05
2.8185e-05
2.8175e-05
2.816e-05
2.8155e-05
2.818e-05
2.8165e-05
2.8145e-05
2.8155e-05
2.8125e-05
2.8125e-05
2.812e-05
2.8115e-05
2.811e-05
2.8095e-05
2.81e-05
2.811e-05
2.812e-05
2.811e-05
2.82e-05
2.82e-05
2.8235e-05
2.826e-05
2.827e-05
2.8235e-05
2.824e-05
2.8225e-05
2.822e-05
2.825e-05
2.826e-05
2.825e-05
2.826e-05
2.832e-05
2.8355e-05
2.8355e-05
2.8365e-05
2.827e-05
2.8195e-05
2.818e-05
2.818e-05
2.8175e-05
2.8295e-05
2.8305e-05
2.83e-05
2.831e-05
2.828e-05
2.828e-05
2.827e-05
2.8275e-05
2.8275e-05
2.8265e-05
2.8265e-05
2.8265e-05
2.8215e-05
2.8265e-05
2.823e-05
2.823e-05
2.823e-05
2.823e-05
2.82e-05
2.82e-05
2.82e-05
2.823e-05
2.8245e-05
2.825e-05
2.8255e-05
2.8245e-05
2.825e-05
2.8255e-05
2.825e-05
2.8235e-05
2.8235e-05
2.8215e-05
2.8215e-05
2.82e-05
2.82e-05
2.821e-05
2.821e-05
2.814e-05
2.814e-05
2.814e-05
2.814e-05
2.814e-05
2.814e-05
2.814e-05
2.8095e-05
2.8095e-05
2.815e-05
2.8095e-05
2.8095e-05
2.8095e-05
2.8095e-05
2.8095e-05
2.8115e-05
2.8115e-05
2.8115e-05
2.8115e-05
2.8125e-05
2.8125e-05
2.8125e-05
2.8125e-05
2.8125e-05
2.8125e-05
2.8125e-05
2.8125e-05
2.8125e-05
2.8125e-05
2.8125e-05
2.8125e-05
2.8125e-05
2.8125e-05
2.8125e-05
2.8125e-05
2.8125e-05
2.8125e-05
2.8125e-05
2.8125e-05
2.812e-05
2.812e-05
2.8125e-05
2.8125e-05
2.8125e-05
2.8125e-05
2.8125e-05
2.812e-05
2.812e-05
2.8115e-05
2.8125e-05
2.8125e-05
2.8125e-05
2.8185e-05
2.821e-05
2.821e-05
2.8205e-05
2.82e-05
2.82e-05
2.8195e-05
2.8195e-05
2.8205e-05
2.821e-05
2.8205e-05
2.8215e-05
2.8245e-05
2.8245e-05
2.8245e-05
2.8245e-05
2.8245e-05
2.8245e-05
2.8245e-05
2.8245e-05
2.8245e-05
2.8245e-05
2.822e-05
2.822e-05
2.822e-05
2.822e-05
2.8225e-05
2.819e-05
2.819e-05
2.819e-05
2.8215e-05
2.8175e-05
2.826e-05
2.826e-05
2.823e-05
2.823e-05
2.823e-05
2.823e-05
2.823e-05
2.823e-05
2.823e-05
2.823e-05
2.8225e-05
2.822e-05
2.823e-05
2.815e-05
2.815e-05
2.8175e-05
2.8175e-05
2.8175e-05
2.8175e-05
2.8175e-05
2.8125e-05
2.8125e-05
2.8125e-05
2.8125e-05
2.8125e-05
2.8125e-05
2.8125e-05
2.8125e-05
2.808e-05
2.808e-05
2.808e-05
2.808e-05
2.8075e-05
2.8105e-05
2.8105e-05
2.8105e-05
2.8105e-05
2.8105e-05
2.8105e-05
2.8105e-05
2.8105e-05
2.8105e-05
2.8105e-05
2.811e-05
2.8105e-05
2.8115e-05
2.811e-05
2.811e-05
2.811e-05
2.811e-05
2.811e-05
2.811e-05
2.811e-05
2.811e-05
2.811e-05
2.8115e-05
2.8115e-05
2.8115e-05
2.8115e-05
2.8115e-05
2.8165e-05
2.8165e-05
2.8165e-05
2.8165e-05
2.817e-05
2.816e-05
2.8145e-05
2.8145e-05
2.8165e-05
2.8165e-05
2.8145e-05
2.8145e-05
2.8155e-05
2.815e-05
2.8145e-05
2.8145e-05
2.814e-05
2.8175e-05
2.8175e-05
2.8175e-05
2.812e-05
2.812e-05
2.812e-05
2.812e-05
2.812e-05
2.812e-05
2.8125e-05
2.8125e-05
2.8125e-05
2.812e-05
2.817e-05
2.8155e-05
2.8145e-05
2.815e-05
2.8135e-05
2.813e-05
2.81e-05
2.8115e-05
2.8035e-05
2.8035e-05
2.8035e-05
2.8035e-05
2.806e-05
2.806e-05
2.8085e-05
2.807e-05
2.8085e-05
2.807e-05
2.8065e-05
2.8065e-05
2.805e-05
2.805e-05
2.8015e-05
2.805e-05
2.806e-05
2.797e-05
2.797e-05
2.797e-05
2.796e-05
2.7965e-05
2.796e-05
2.796e-05
2.796e-05
2.7885e-05
2.793e-05
2.793e-05
2.793e-05
2.793e-05
2.793e-05
2.793e-05
2.793e-05
2.793e-05
2.793e-05
2.793e-05
2.793e-05
2.793e-05
2.793e-05
2.793e-05
2.794e-05
2.793e-05
2.7885e-05
2.7825e-05
2.7825e-05
2.7805e-05
2.7885e-05
2.789e-05
2.7885e-05
2.7885e-05
2.7885e-05
2.7885e-05
2.7985e-05
2.7985e-05
2.7985e-05
2.7985e-05
2.7985e-05
2.7985e-05
2.7985e-05
2.7985e-05
2.7985e-05
2.7985e-05
2.7985e-05
2.804e-05
2.804e-05
2.804e-05
2.804e-05
2.804e-05
2.8025e-05
2.8025e-05
2.8035e-05
2.803e-05
2.8025e-05
2.8035e-05
2.8045e-05
2.8045e-05
2.8045e-05
2.8045e-05
2.8045e-05
2.8105e-05
2.7875e-05
2.7985e-05
2.7975e-05
2.7845e-05
2.785e-05
2.7865e-05
2.7975e-05
2.7975e-05
2.7965e-05
2.795e-05
2.7975e-05
2.7975e-05
2.7985e-05
2.7985e-05
2.799e-05
2.8015e-05
2.8025e-05
2.804e-05
2.7965e-05
2.8015e-05
2.8e-05
2.8e-05
2.8005e-05
2.8005e-05
2.8005e-05
2.8105e-05
2.8105e-05
2.813e-05
2.8125e-05
2.8125e-05
2.8125e-05
2.8125e-05
2.8015e-05
2.8015e-05
2.812e-05
2.812e-05
2.812e-05
2.812e-05
2.812e-05
2.812e-05
2.812e-05
2.8115e-05
2.8115e-05
2.8115e-05
2.812e-05
2.812e-05
2.812e-05
2.812e-05
2.812e-05
2.812e-05
2.812e-05
2.812e-05
2.812e-05
2.812e-05
2.7965e-05
2.7965e-05
2.7965e-05
2.797e-05
2.7975e-05
2.7965e-05
2.7955e-05
2.807e-05
2.7955e-05
2.7965e-05
2.797e-05
2.7975e-05
2.798e-05
2.807e-05
2.807e-05
2.796e-05
2.807e-05
2.7955e-05
2.7955e-05
2.7905e-05
2.7955e-05
