0.039804815
0.039804595
0.039804335
0.039804335
0.039804225
0.03980412
0.039803815
0.03980326
0.03980324
0.03980268
0.039802415
0.0396116
0.039611605
0.039611605
0.039611605
0.039611605
0.039789985
0.03978997
0.03978994
0.039789935
0.03980462
0.03980486
0.039805145
0.039805425
0.03980576
0.03980603
0.03980631
0.0398064
0.039615875
0.03977254
0.039772535
0.03977244
0.039772535
0.039772535
0.039772545
0.039772545
0.039772545
0.039772645
0.03977278
0.039773005
0.039773305
0.03977361
0.039773885
0.039774145
0.03977444
0.03977472
0.039797905
0.03981667
0.039816685
0.03984841
0.03984841
0.039848405
0.039848405
0.03984841
0.03984841
0.039848535
0.03984884
0.03984892
0.03989679
0.039896785
0.03989679
0.039896805
0.039896805
0.03989681
0.03989681
0.03989681
0.03989681
0.03994681
0.039946815
0.039946815
0.03994683
0.039946815
0.039946815
0.04000394
0.040043435
0.040000005
0.040000005
0.0400434
0.040043385
0.04008675
0.040086775
0.040118395
0.04000554
0.04000554
0.040005005
0.040075005
0.040074995
0.040075005
0.040075
0.040074995
0.040075005
0.040075005
0.04007501
0.040075
0.04007501
0.040075005
0.040075005
0.04007499
0.040074895
0.04007479
0.040074685
0.04007455
0.040074425
0.04007432
0.040074185
0.040065005
0.04006498
0.04006491
0.040064845
0.040050005
0.040049985
0.0400747
0.040074655
0.040074715
0.04007472
0.04007465
0.040074715
0.04007472
0.040074615
0.040025005
0.040025005
0.040025
0.040000015
0.04001847
0.04007471
0.0400746
0.040074455
0.0400743
0.04007415
0.040074025
0.040073005
0.04007301
0.040073005
0.04007301
0.040000035
0.040000035
0.040000035
0.04007301
0.040072945
0.040073
0.040072995
0.04007299
0.040073015
0.03997329
0.03996553
0.03996553
0.03996553
0.03996553
0.03996553
0.039965535
0.03996557
0.039965755
0.0399658
0.039965845
0.03996585
0.03996589
0.039966005
0.03996699
0.039969995
0.039969995
0.039970025
0.039905145
0.03980343
0.039898525
0.039898425
0.03989844
0.03989847
0.03990007
0.039900755
0.039901255
0.039902505
0.039902635
0.039898515
0.039800955
0.039900095
0.0399026
0.03990285
0.039902855
0.039902855
0.039902875
0.0399029
0.039902905
0.03990291
0.03990291
0.03990291
0.039902915
0.03990292
0.039902925
0.03990293
0.039905085
0.039905085
0.03990509
0.039810005
0.039810005
0.039807855
0.039807535
0.039805065
0.039905085
0.03990509
0.03990509
0.03990509
0.039905095
0.039905095
0.039905095
0.040000075
0.04000008
0.04000008
0.040000075
0.040000075
0.040000075
0.040000075
0.039905085
0.03990509
0.039904995
0.03990477
0.039905095
0.039905095
0.03990477
0.039810025
0.039810025
0.03981002
0.03981002
0.03981002
0.03981002
0.03981002
0.03981002
0.039905085
0.039810035
0.03990508
0.039905095
0.0399051
0.0399051
0.0399051
0.039810045
0.03981003
0.0399051
0.03981003
0.03981003
0.03981003
0.03981003
0.03981003
0.039810035
0.039810035
0.039905
0.039905
0.039902525
0.039902525
0.039902535
0.039902535
0.03990254
0.03990254
0.03990254
0.03990254
0.03990254
0.039902595
0.0399026
0.039902815
0.03990303
0.03990322
0.03990323
0.03990324
0.039902535
0.03990324
0.03995
0.039949995
0.039949995
0.03994998
0.039949975
0.03994997
0.03995003
0.03995
0.03995
0.03995
0.03995
0.03995
0.039802535
0.039871745
0.039872045
0.039872325
0.039872625
0.039802
0.03980217
0.03980458
0.039804675
0.039804865
0.039804935
0.039805015
0.03980505
0.039880925
0.03988111
0.039881405
0.03988165
0.0399401
0.039940105
0.039940105
0.039940105
0.039940105
0.03994011
0.03994011
0.03994011
0.03994011
0.039940115
0.03994011
0.03994011
0.039940115
0.039940115
0.039940015
0.039940015
0.03994002
0.03994002
0.03994002
0.039940025
0.03994002
0.039940055
0.0399945
0.040046295
0.04004629
0.04004629
0.040046295
0.040046295
0.040046295
0.040046445
0.03999214
0.040005625
0.040196385
0.040194765
0.040194765
0.040194765
0.04019639
0.04019639
0.0402031
0.040203085
0.040203095
0.040203105
0.04027334
0.040273405
0.040274335
0.04027438
0.04027444
0.040350365
0.040350675
0.04049999
0.04060281
0.040602915
0.040702785
0.040702785
0.04070278
0.040702765
0.040702785
0.040702775
0.04070277
0.040702765
0.04065276
0.040602765
0.04060277
0.040500165
0.04050017
0.04060293
0.040602935
0.04060294
0.040602945
0.04060295
0.040602955
0.04060296
0.040602865
0.04060276
0.040602605
0.040512875
0.04051277
0.04051268
0.04051307
0.0405132
0.040513355
0.04051355
0.04051372
0.040513825
0.04051394
0.040514055
0.04051411
0.040514215
0.040514535
0.04059953
0.040549385
0.0405494
0.040549395
0.0405494
0.0407052
0.040549625
0.040549635
0.04061797
0.040617935
0.040618025
0.04061803
0.040618035
0.040563605
0.040563615
0.04056362
0.040563625
0.040476315
0.04042593
0.04061798
0.04061794
0.04046402
0.04043407
0.040521375
0.04052145
0.04052155
0.040521595
0.04052104
0.040521125
0.040521205
0.04052125
0.040521265
0.04052134
0.04052134
0.04052141
0.04052158
0.040521645
0.04052168
0.040521805
0.040521835
0.040521855
0.040521885
0.040521905
0.0405219
0.040521915
0.040520635
0.04042071
0.04042072
0.04042071
0.040410485
0.040410485
0.04041048
0.04041049
0.04041049
0.040410475
0.04041048
0.040450005
0.04045001
0.04045001
0.04040001
0.04040001
0.040449995
0.040450005
0.040400005
0.040400005
0.040400005
0.040400005
0.040360475
0.040360475
0.040360475
0.04031185
0.04054901
0.04054873
0.04054842
0.040524965
0.04045001
0.040449915
0.040297395
0.040297395
0.0402974
0.0402474
0.0402474
0.04024758
0.04029758
0.04029759
0.040297595
0.0402976
0.040297605
0.040297745
0.040300055
0.04030013
0.040300225
0.040300235
0.040300255
0.040300255
0.04030026
0.04030026
0.04030026
0.040300265
0.040250835
0.040300725
0.04030103
0.04030125
0.040301535
0.040305005
0.04031001
0.04031503
0.040315135
0.040315385
0.040315715
0.040315845
0.04032001
0.040320015
0.04032018
0.04032018
0.04032047
0.040320475
0.04054857
0.040551265
0.04055127
0.04055127
0.040551265
0.040551265
0.040450005
0.040450005
0.040450015
0.04045001
0.040400025
0.040400025
0.040450025
0.040455015
0.040475
0.040475
0.040475
0.040475
0.040475
0.040475005
0.040574995
0.040525
0.040525005
0.040525005
0.040525005
0.040525
0.040525
0.040525
0.040525
0.040525005
0.04055
0.040550005
0.040550005
0.04055
0.040550025
0.040575
0.040575005
0.040575005
0.040575005
0.040702775
0.040702775
0.040628015
0.040625205
0.040625205
0.040550505
0.040525255
0.040525255
0.04047527
0.040525255
0.04062522
0.040599925
0.040599825
0.04045002
0.04045002
0.040550025
0.04055014
0.040599955
0.040600005
0.040599935
0.0406
0.0406
0.0406
0.040599945
0.040500025
0.040600015
0.040599955
0.040625
0.04062496
0.04062486
0.040624795
0.040625
0.04062525
0.04062518
0.04062522
0.040645165
0.0406451
0.040645005
0.040645025
0.040541215
0.04054121
0.04045003
0.04049121
0.040491205
0.0404912
0.040491195
0.04049119
0.040491185
0.040489505
0.040489505
0.040580685
0.04048952
0.040489515
0.04048952
0.040400035
0.040400035
0.04048952
0.04048952
0.04048952
0.040489525
0.040489525
0.040489545
0.04040007
0.040489555
0.04057899
0.04048952
0.040485025
0.040489525
0.040489525
0.040489525
0.040486525
0.040489525
0.04040004
0.040400045
0.04040004
0.040489525
0.040489535
0.040489535
0.040489535
0.040489535
0.04048954
0.040489545
0.04048953
0.04048953
0.040489535
0.040489535
0.04048954
0.040489535
0.04041609
0.040416155
0.040416135
0.04041613
0.04041644
0.040578895
0.04041662
0.04041671
0.040439525
0.040430025
0.040439505
0.040413205
0.04027388
0.04027151
0.04027151
0.040265
0.040265
0.040265
0.040265
0.040265
0.040325005
0.04032501
0.040289995
0.04029
0.04029
0.04029
0.04029
0.040289985
0.040289985
0.040289505
0.0403145
0.0402895
0.040230015
0.04028951
0.04028951
0.04027
0.040294
0.0402945
0.040289505
0.040289505
0.040289515
0.040289515
0.040289505
0.04028901
0.040289015
0.04028953
0.04028953
0.04028953
0.040289535
0.040230065
0.040290005
0.04029001
0.04029001
0.04029001
0.04029002
0.04029002
0.04029002
0.04029001
0.040290015
0.04029002
0.040315
0.04031501
0.040315
0.040315
0.040315
0.040315
0.04031495
0.04034995
0.040314955
0.040315005
0.04031001
0.04031001
0.040310015
0.04028001
0.04031
0.04031
0.040310005
0.04031
0.040283585
0.040267385
0.04026736
0.040267385
0.04026739
0.040267385
0.040267385
0.040219925
0.040199975
0.040147685
0.04014738
0.04014738
0.040169535
0.040000005
0.04014993
0.040075
0.040085005
0.03995001
0.039940015
0.03995001
0.03994993
0.039950035
0.039950045
0.03995004
0.03995004
0.03999997
0.039900015
0.039900015
0.039880015
0.03984016
0.03984016
0.03985016
0.039825155
0.039825155
0.039825155
0.03982515
0.039925145
0.03990015
0.03990015
0.03990016
0.03975005
0.039750315
0.0397511
0.039771725
0.039785105
0.0396751
0.03979543
0.039795665
0.039795795
0.039795935
0.039835
0.039835085
0.03983521
0.03983531
0.03994494
0.03994496
0.03994495
0.03994495
0.03975705
0.039757115
0.039757215
0.03975729
0.039758025
0.0397595
0.03975961
0.03976123
0.0397245
0.03971327
0.03971828
0.039718235
0.03970458
0.03970446
0.039709295
0.03970871
0.0397036
0.039703445
0.03970333
0.03967417
0.039673895
0.03967359
0.03967334
0.039673045
0.03967273
0.039672445
0.03967217
0.03967184
0.03959753
0.039647195
0.039412975
0.03942798
0.039646605
0.039646325
0.039646025
0.039645725
0.0396454
0.0396455
0.0396452
0.03962639
0.039626185
0.03962599
0.039453055
0.03940759
0.03931383
0.03935267
0.039357665
0.03962217
0.03944439
0.039444385
0.03944441
0.039444475
0.039588775
0.03964404
0.03964378
0.039643625
0.03964358
0.039648635
0.039648585
0.03964514
0.03966498
0.03966497
0.039715
0.039714965
0.039650025
0.039715025
0.03971503
0.03967503
0.0396755
0.03974
0.0397251
0.0397251
0.039740105
0.03974015
0.039740155
0.039765
0.039765
0.03972511
0.039725105
0.03968005
0.039680045
0.039705
0.03972501
0.039704965
0.03970496
0.03972501
0.03972501
0.03970492
0.03972501
0.039700005
0.03972506
0.039725
0.039725
0.039725
0.039725
0.039725005
0.039725005
0.039725005
0.039750005
0.039765005
0.0397836
0.0397836
0.039768605
0.0397686
0.039725
0.039725
0.039725
0.039725
0.039725
0.039725005
0.039725005
0.039725005
0.039725
0.039725
0.039725005
0.03967505
0.039675055
0.039675055
0.03967505
0.03967505
0.03967505
0.03967505
0.03970005
0.039594805
0.039594805
0.03959981
0.039599845
0.0397686
0.0397686
0.0398031
0.0397686
0.0397686
0.0397845
0.03959988
0.039600045
0.039600355
0.03960065
0.039674985
0.039798115
0.0398095
0.0398095
0.039709505
0.039709505
0.039709505
0.03970952
0.03970955
0.039709565
0.039723865
0.039744515
0.039744585
0.039744665
0.03981944
0.039819445
0.03991644
0.039916435
0.03982501
0.040087015
0.04048946
0.040646205
0.04071208
0.0408335
0.040833475
0.040832835
0.040699075
0.04067408
0.040674045
0.04063858
0.040523695
0.04052506
0.04052509
0.040525865
0.040525885
0.04052597
0.04047651
0.040549815
0.040500315
0.040504845
0.040554905
0.040554975
0.04055507
0.04050532
0.040555165
0.040604795
0.040604795
0.040604775
0.04084999
0.04094023
0.040881215
0.040900025
0.0410025
0.041022255
0.041099995
0.041124465
0.04112439
0.04112437
0.041124355
0.041124395
0.041174335
0.0410943
0.04089999
0.04078937
0.04069475
0.040589795
0.04063435
0.041556015
0.04143974
0.04148507
0.04144571
0.04144606
0.041449515
0.04147437
0.041479255
0.04148914
0.041489015
0.041499015
0.041215
0.041215
0.041124995
0.041190145
0.041240415
0.04145
0.041449825
0.0412457
0.04129586
0.041295475
0.04129552
0.0412954
0.041290395
0.041279975
0.041230045
0.041229355
0.041141715
0.04106356
0.04113827
0.041138205
0.041125
0.041175
0.041175
0.041175
0.041175
0.04117
0.04112527
0.04112527
0.041125225
0.04108851
0.041088505
0.04106027
0.041088295
0.04112486
0.04096355
0.040963555
0.040963555
0.041087535
0.040850825
0.040927105
0.040850825
0.04075236
0.0407525
0.040753525
0.04073451
0.040745005
0.04076
0.04086355
0.040863555
0.040863605
0.040800055
0.040800055
0.040800055
0.04086355
0.040945
0.040945
0.040945005
0.040945005
0.040945005
0.040945005
0.040945005
0.040945005
0.040945
0.040945005
0.04094501
0.041054015
0.04095065
0.04095072
0.04095078
0.040959895
0.04096001
0.040965115
0.04100549
0.041005495
0.041052535
0.041157045
0.04095555
0.041167965
0.041167815
0.041155
0.04101001
0.04117297
0.041170005
0.041110005
0.04111001
0.04109501
0.041095
0.041095
0.041095
0.04117
0.041184895
0.04109
0.041120855
0.040911855
0.04091184
0.040933825
0.040933825
0.040933825
0.041116525
0.041116355
0.04111618
0.04111614
0.041116215
0.04100744
0.041012275
0.04110126
0.041119315
0.04111932
0.04103061
0.04106932
0.04106932
0.04106932
0.041069335
0.04106934
0.04106932
0.041069325
0.041069325
0.041138625
0.04106931
0.041069315
0.041069315
0.041069315
0.041000005
0.041000005
0.04106932
0.041069325
0.041093395
0.04109322
0.04109374
0.04111118
0.04111113
0.04111105
0.041111015
0.041111025
0.041111025
0.041110965
0.041110855
0.041111005
0.04111052
0.04111102
0.04111089
0.041110495
0.04110995
0.04111004
0.04111003
0.04111002
0.04111004
0.04108381
0.04108374
0.041048835
0.04104884
0.04104883
0.041048835
0.040929335
0.040923835
0.041025
0.041025
0.04102501
0.04102501
0.04104
0.041039995
0.04104
0.04101505
0.041015
0.041040005
0.040965005
0.040965005
0.040965
0.040965005
0.040965005
0.040965005
0.040965005
0.040965
0.040965005
0.040930005
0.040930005
0.040930005
0.040930005
0.040965005
0.04096501
0.04096501
0.04104
0.0409596
0.04085098
0.040855845
0.040855765
0.040855705
0.040855625
0.04063171
0.040631715
0.040766065
0.040766685
0.04076661
0.04076654
0.040732735
0.040717265
0.04071727
0.040717265
0.040717265
0.040717265
0.04071727
0.040722265
0.04071726
0.04071718
0.040717155
0.04071727
0.04071728
0.040717285
0.040717035
0.040717035
0.040717035
0.040717035
0.040717035
0.040717135
0.04091906
0.04075769
0.04075779
0.04076287
0.040757975
0.040733055
0.040733115
0.040733175
0.040733365
0.040733425
0.040733435
0.04073349
0.0407336
0.04073372
0.040783725
0.04078373
0.04078374
0.04080883
0.0408247
0.04092004
0.0410767
0.041185945
0.041171885
0.04121582
0.041120635
0.041120635
0.04112987
0.041129875
0.04112986
0.041120615
0.041120615
0.04110161
0.04110164
0.04110164
0.041101645
0.04110165
0.041853505
0.04172021
0.041670855
0.041791815
0.0418789
0.041878935
0.04187922
0.041758465
0.041758335
0.04179171
0.04179154
0.04179126
0.04178598
0.0417838
0.041739985
0.04173987
0.041739735
0.04173958
0.041739435
0.041690005
0.041779525
0.041790175
0.04179034
0.0417905
0.04206685
0.041880355
0.04186555
0.04186667
0.041839745
0.04183966
0.041580055
0.041580055
0.041580065
0.04183915
0.041740225
0.041740255
0.041740205
0.041740205
0.04174022
0.04159025
0.04174999
0.04175
0.04175
0.041750005
0.04174503
0.04174503
0.041745005
0.04174501
0.04174501
0.04179497
0.041869945
0.041869785
0.04186963
0.0418694
0.04167505
0.04179414
0.0417841
0.04178413
0.041783895
0.041783775
0.04174004
0.04173995
0.04158001
0.04154275
0.041542755
0.041630025
0.04163002
0.041730025
0.041730015
0.04173001
0.041542755
0.041542755
0.0415928
0.04154277
0.04154277
0.041542775
0.04148777
0.041487775
0.041487775
0.04148778
0.04148778
0.04148778
0.041405515
0.041405515
0.04148774
0.04148774
0.04148774
0.04148774
0.041487745
0.041487745
0.041487745
0.041487745
0.04148774
0.04148774
0.04148773
0.04148763
0.041332615
0.041332615
0.041332615
0.0410872
0.0410872
0.0410872
0.0410872
0.0410872
0.041209955
0.04134179
0.04134179
0.04134179
0.041351565
0.0414875
0.041487495
0.04142429
0.04142429
0.041424295
0.04136664
0.04142435
0.04142435
0.041434995
0.04144074
0.04144074
0.041311515
0.041395
0.0413455
0.0413455
0.041344945
0.04134488
0.04134477
0.0413446
0.041344425
0.04133995
0.041340405
0.041339905
0.041339705
0.041181055
0.041181055
0.041181055
0.041181055
0.04118103
0.04118103
0.0410977
0.041090505
0.04109051
0.041090505
0.041090505
0.04123638
0.041236215
0.041236115
0.041236
0.041235855
0.04120052
0.04120054
0.041200595
0.04120054
0.04120054
0.04120054
0.04120054
0.04120054
0.041050155
0.041050155
0.041042405
0.04104241
0.04109225
0.041092255
0.041092255
0.041092255
0.041092255
0.041092255
0.04115
0.04114225
0.041142255
0.041142255
0.04114225
0.04111117
0.0411
0.041100005
0.04110001
0.0411
0.04119968
0.04119983
0.04119966
0.04119951
0.041199355
0.041199
0.041198845
0.04119868
0.041194425
0.041194245
0.041000045
0.041193945
0.04119387
0.04119369
0.04119351
0.04119332
0.04119304
0.0411882
0.04118804
0.041187855
0.041187675
0.04118749
0.041187365
0.041187005
0.04108736
0.04108748
0.041087625
0.04108774
0.04112554
0.04112565
0.04112576
0.04113061
0.04113788
0.04113804
0.04113819
0.0412024
0.041202535
0.041202665
0.041202885
0.041203025
0.041103175
0.04110328
0.04110339
0.0411035
0.04138695
0.041387015
0.041412915
0.041278355
0.041278455
0.041278575
0.04127861
0.041196295
0.041196295
0.0411963
0.04120041
0.041200415
0.041200425
0.041200425
0.04120069
0.041200695
0.0412007
0.04127187
0.04127191
0.041272365
0.041401355
0.0414013
0.041401155
0.04140099
0.041401345
0.041401205
0.041401195
0.041330015
0.04118518
0.04118518
0.04118518
0.04118519
0.04110909
0.04110909
0.0411091
0.04110909
0.04110909
0.0411091
0.041109105
0.041109105
0.041093635
0.04109364
0.041093635
0.04109352
0.04109335
0.04109318
0.04104366
0.04104366
0.041043665
0.041043595
0.041043595
0.041043595
0.0410436
0.041043445
0.041039465
0.04093954
0.04090036
0.04090036
0.04090036
0.04090036
0.040900365
0.040900365
0.04087539
0.04087542
0.040875435
0.040875435
0.040965
0.040965
0.040950005
0.040950005
0.04087544
0.04087544
0.040875505
0.04087551
0.04087551
0.04087551
0.040875525
0.04087558
0.040875515
0.040875515
0.040875515
0.04087552
0.04087552
0.040875525
0.04107251
0.041197435
0.040998025
0.04099806
0.040998515
0.04099864
0.04099954
0.04099969
0.04099986
0.041000015
0.041002615
0.04100281
0.04105737
0.04105754
0.0410577
0.04100333
0.04110344
0.041103585
0.04110369
0.04110382
0.041103925
0.04110405
0.04110423
0.04110438
0.041105875
0.041105995
0.04111588
0.04111601
0.041130965
0.041130975
0.04113109
0.04110625
0.0411063
0.0411065
0.041275
0.041299995
0.041275005
0.041275015
0.041290025
0.04129252
0.041292525
0.04129253
0.041132755
0.041215
0.041265
0.041361405
0.041361405
0.04136141
0.041361415
0.041361425
0.04128689
0.041287
0.041287015
0.041287005
0.04129817
0.041298065
0.04129791
0.04129775
0.041200645
0.041200645
0.041200645
0.041297155
0.04129706
0.04129696
0.04129692
0.041296795
0.041296835
0.041296675
0.04129654
0.04129637
0.041296185
0.04129602
0.04127521
0.04127512
0.04127496
0.041266315
0.041266255
0.041265745
0.04126228
0.0412562
0.04125604
0.041191945
0.041191795
0.0410463
0.041046305
0.04125521
0.04119889
0.04119515
0.04119508
0.04119487
0.0411947
0.04113256
0.041132475
0.04113237
0.041132315
0.041132245
0.0409839
0.040984485
0.04098448
0.04101997
0.04116743
0.041167255
0.04113123
0.041131155
0.041131165
0.041131015
0.04113127
0.041130545
0.041130285
0.041130215
0.04112922
0.041129115
0.04112904
0.041126115
0.041116115
0.040935855
0.040935895
0.04093594
0.040935985
0.04093602
0.040936085
0.041138715
0.041138565
0.04113839
0.04113824
0.041138075
0.041137985
0.041137815
0.041000015
0.041000015
0.04100002
0.04100002
0.04100002
0.04100002
0.041000025
0.041136505
0.041136325
0.04113612
0.04113593
0.04113574
0.041135575
0.04113541
0.04113522
0.041000015
0.041000015
0.04100002
0.04100002
0.041000015
0.041000025
0.04105
0.04110982
0.041109745
0.04110963
0.041109515
0.04110939
0.041109345
0.041109325
0.041109305
0.04110928
0.04110927
0.04110898
0.04110896
0.04110895
0.041108935
0.041108895
0.041108775
0.041108615
0.04110854
0.04110799
0.04109999
0.041099475
0.04109946
0.041099445
0.04091908
0.04091908
0.040919085
0.040919095
0.040919095
0.040919105
0.040919105
0.041018605
0.041018605
0.041018595
0.041019105
0.04097321
0.04097322
0.04097498
0.04097498
0.041099925
0.041099925
0.041099925
0.041099925
0.041099925
0.040969095
0.040969085
0.040969095
0.040969095
0.04096911
0.0409691
0.04096916
0.04083824
0.04096907
0.04096908
0.04096908
0.04096911
0.040969125
0.040969065
0.040969085
0.040969105
0.04096909
0.04096832
0.04096811
0.040968055
0.04096801
0.04096709
0.04091906
0.04091906
0.04091906
0.040919065
0.040919065
0.04086911
0.04086911
0.04086911
0.04086911
0.04086911
0.040869115
0.040869115
0.040838245
0.04109993
0.041019125
0.041019125
0.041019125
0.041019125
0.041019125
0.04101914
0.041039145
0.041039155
0.041039155
0.04103915
0.04103915
0.041039165
0.041039165
0.04103916
0.04103916
0.041039165
0.041039165
0.04103911
0.04093919
0.04093919
0.04093919
0.04093919
0.040939195
0.04092839
0.04092839
0.04092839
0.040928395
0.040928395
0.040928395
0.040878405
0.040928395
0.040928395
0.0409284
0.040908305
0.040908305
0.040908305
0.040908315
0.040908315
0.040903315
0.040859125
0.040859125
0.040859125
0.040859125
0.04085913
0.040859135
0.040859135
0.040859135
0.040859135
0.040856635
0.040857885
0.04085814
0.04085839
0.040924195
0.040924205
0.04092421
0.040924215
0.04092422
0.040924235
0.04092424
0.040984195
0.0410994
0.04109941
0.0412077
0.04109189
0.04109189
0.0410919
0.0409842
0.040984205
0.0411
0.04098419
0.04108419
0.041100005
0.04110001
0.041207695
0.0412077
0.041207695
0.04108411
0.041083945
0.041083865
0.041074195
0.041074055
0.041071695
0.041071525
0.04098421
0.040984215
0.04096919
0.04090802
0.040844125
0.04084413
0.040847145
0.04091913
0.0409679
0.04096776
0.040967585
0.04096743
0.04096726
0.040967235
0.040964085
0.040948125
0.04100764
0.04100748
0.041007275
0.04100711
0.041006965
0.04100687
0.04100668
0.04100648
0.0410063
0.041006095
0.041005865
0.041005675
0.041005475
0.04080016
0.04080016
0.040800165
0.040800165
0.040800015
0.040950005
0.040950005
0.040950005
0.040900005
0.04084001
0.041002605
0.041002425
0.041002235
0.04100214
0.04100199
0.04100181
0.041001625
0.041001405
0.04099983
0.040994885
0.040994575
0.040768885
0.040768885
0.04076889
0.04076889
0.04076889
0.040737765
0.04076889
0.04067702
0.040749075
0.040749075
0.040732025
0.040732025
0.04074907
0.04073202
0.04068202
0.040682005
0.040682035
0.04068201
0.04068201
0.04068201
0.04068201
0.04068201
0.04068201
0.04068201
0.04068201
0.04068201
0.04073201
0.04073201
0.04073201
0.04073201
0.040732005
0.040732005
0.040732005
0.040732005
0.040732005
0.04073201
0.04073201
0.040732005
0.040732005
0.040726945
0.040677115
0.040676775
0.0406765
0.0406722
0.04067183
0.040671515
0.040461205
0.040370195
0.04057309
0.04032245
0.04052506
0.040525005
0.040525095
0.040525065
0.04052503
0.040524995
0.04052495
0.040524915
0.04043896
0.04043906
0.040439125
0.04043921
0.040685155
0.040684845
0.04068451
0.040439825
0.040439885
0.04057372
0.040523495
0.04052331
0.04052328
0.040523225
0.040523165
0.04052314
0.040523225
0.04052327
0.040523275
0.04052415
0.040531625
0.040531555
0.04053112
0.040535785
0.04053499
0.040539765
0.040530165
0.040544675
0.040555025
0.040555115
0.0405797
0.040450035
0.04045004
0.040450035
0.04045004
0.04057872
0.04054856
0.04054847
0.040548315
0.040548215
0.040548145
0.040548065
0.04054792
0.04054782
0.040547715
0.040547635
0.040576575
0.040576385
0.040576195
0.04057599
0.0405471
0.040546135
0.04054595
0.04054579
0.040545475
0.040545165
0.040544905
0.040544685
0.040544475
0.04054438
0.040554245
0.04057836
0.0405775
0.040505
0.0405428
0.040546955
0.04054679
0.04055156
0.04055642
0.04055622
0.040556015
0.040555795
0.04055561
0.040555445
0.04055526
0.04055505
0.04055484
0.040554655
0.040554465
0.040564205
0.040564005
0.040563825
0.04056362
0.040563435
0.04056326
0.040563065
0.040562875
0.04056272
0.040567535
0.040567345
0.040567135
0.040566945
0.04056668
0.040566545
0.040568065
0.040617995
0.040618065
0.04074985
0.04075465
0.040754655
0.04075491
0.040754915
0.04075655
0.040775195
0.040775195
0.040775195
0.040889825
0.04103833
0.04107065
0.041138945
0.041138945
0.0411048
0.04101744
0.04101744
0.04101744
0.04101741
0.041017255
0.041016935
0.041016985
0.041016825
0.04101288
0.041012725
0.040896005
0.040896005
0.040896005
0.04083487
0.04083487
0.04083487
0.040834875
0.040834875
0.040951475
0.040951715
0.04095155
0.04095153
0.040886885
0.0408869
0.040886865
0.040886865
0.04088687
0.040886875
0.04106
0.04088697
0.040886975
0.040773955
0.040773835
0.04088686
0.040886905
0.040811885
0.040886865
0.040886365
0.040773725
0.040896855
0.04089946
0.04089945
0.040899455
0.0408995
0.04089951
0.04089951
0.04089951
0.040899515
0.04089951
0.040899515
0.040899515
0.040899565
0.040899565
0.040899565
0.04080007
0.04080007
0.04089951
0.04089951
0.040899515
0.040800025
0.040899515
0.04089952
0.04089952
0.040899655
0.040899975
0.04090026
0.040950005
0.04095001
0.040975
0.040980005
0.04098001
0.04098
0.04104464
0.04104465
0.041044645
0.041047125
0.04104713
0.04104713
0.041047105
0.0410471
0.04112922
0.04104713
0.041047135
0.041047135
0.041047135
0.041084445
0.041119445
0.041134075
0.04113408
0.041134085
0.04113409
0.041129295
0.04112928
0.04111965
0.04112
0.041124475
0.04112448
0.04114576
0.041145755
0.041124445
0.041145005
0.041145015
0.041145135
0.041145135
0.04112458
0.04112458
0.04112458
0.04112458
0.04112458
0.041145145
0.041145145
0.04114514
0.041145145
0.041145145
0.041145145
0.04118076
0.041180755
0.041180755
0.041180755
0.041180755
0.04118076
0.04118075
0.041180745
0.04118074
0.04118074
0.04118074
0.041145895
0.041145895
0.04114589
0.041145895
0.041145895
0.0411459
0.041145895
0.04114589
0.04114589
0.04114589
0.04114589
0.04099075
0.04099075
0.04099075
0.0409907
0.040990595
0.040990555
0.040990005
0.04099001
0.04098983
0.040989625
0.04098949
0.04098936
0.04098948
0.040989375
0.04098918
0.040988985
0.040988795
0.04098869
0.040988435
0.04098498
0.040984795
0.040984635
0.040984455
0.04094995
0.0409499
0.04104977
0.04105
0.04105
0.04105
0.04105
0.041050005
0.04090004
0.04090004
0.040905005
0.04090501
0.040905015
0.04090502
0.040905025
0.04090503
0.04090504
0.040900035
0.040900055
0.040900055
0.040900055
0.04090006
0.04090006
0.04090006
0.040900065
0.040900065
0.040900065
0.040900065
0.040900065
0.04090004
0.040900045
0.040900035
0.040900035
0.040800095
0.040800095
0.04090006
0.04090006
0.04090006
0.04082506
0.040800095
0.040800095
0.04089735
0.040894035
0.040894035
0.040894035
0.040894035
0.04089403
0.04089395
0.0408938
0.040893895
0.04089389
0.040893895
0.04089377
0.040863815
0.04086368
0.040863495
0.040809305
0.04080944
0.04080973
0.04084071
0.04085
0.04085028
0.04095
0.04095
0.04095
0.04095
0.04095
0.04095
0.04095
0.04095
0.04095
0.04095
0.040840375
0.040840385
0.0408404
0.040840515
0.0408408
0.040954085
0.04100409
0.04103012
0.041030105
0.041030105
0.041030105
0.0409541
0.04107601
0.04107601
0.04107601
0.04107601
0.04107601
0.04107601
0.04107601
0.040964195
0.04096423
0.041030105
0.04103007
0.04103007
0.04103007
0.041030075
0.04103008
0.041030085
0.04103007
0.04103007
0.04103007
0.04103007
0.04103007
0.04103006
0.041030065
0.04102991
0.041029785
0.041024755
0.041024725
0.041024645
0.040908185
0.040908185
0.040908185
0.040908185
0.040908185
0.040808185
0.040845
0.040845
0.040845
0.040845
0.040845
0.040845005
0.040795005
0.040795005
0.040754105
0.040754105
0.040708215
0.040708215
0.040708215
0.040708215
0.0407082
0.040708205
0.0407082
0.0407082
0.0407082
0.0407082
0.0407082
0.0407082
0.0407082
0.0407082
0.040708195
0.04070819
0.0407082
0.0407082
0.040568425
0.04051934
0.040519345
0.04051936
0.04051988
0.040515
0.04052455
0.040524555
0.040524565
0.040524575
0.040524565
0.040524545
0.04061148
0.040611475
0.04061148
0.040611255
0.040611255
0.04060626
0.040601265
0.040601265
0.04052486
0.040524935
0.040524975
0.04052504
0.040525045
0.040525045
0.040525095
0.040525155
0.040525235
0.04052532
0.04055575
0.04055575
0.04055575
0.04061075
0.04061075
0.04053575
0.04053575
0.04053575
0.04053575
0.04053575
0.04053575
0.04053575
0.04053575
0.040535815
0.040535835
0.04053584
0.040535845
0.040706235
0.040630125
0.040630235
0.040630325
0.04063042
0.04063051
0.040630605
0.0406307
0.04063069
0.040630615
0.040634995
0.04063485
0.040634915
0.040465
0.040618555
0.04061832
0.04061411
0.040613905
0.040613705
0.040613525
0.040433885
0.04060843
0.04060816
0.04060786
0.04051434
0.04044434
0.04051434
0.04050934
0.04050934
0.04050934
0.04042863
0.04042864
0.04042363
0.04042363
0.040639995
0.04058995
0.04058997
0.040400005
0.040400505
0.040400505
0.040400505
0.040401005
0.040401005
0.040401005
0.040401505
0.040401505
0.040401505
0.040402005
0.040402005
0.04058758
0.0405872
0.040586885
0.04053498
0.040534875
0.040450005
0.04045
0.0404505
0.0404505
0.0404505
0.0404505
0.0404505
0.04050025
0.0404505
0.0404505
0.0404505
0.0404505
0.0404505
0.0404505
0.0404505
0.0404505
0.0404505
0.04045025
0.04045025
0.04045025
0.04045025
0.04045025
0.04045025
0.04045025
0.04045025
0.04045025
0.04045025
0.04045025
0.040450245
0.04045024
0.040450235
0.04045023
0.040450225
0.04045022
0.040450215
0.04045021
0.040450205
0.04050047
0.04050047
0.04050047
0.04049522
0.04049522
0.04049597
0.04049597
0.040575215
0.04057522
0.04057522
0.04057521
0.04048544
0.04048544
0.04048544
0.04048772
0.04048772
0.04048
0.04048
0.04048
0.04048
0.04048
0.04048
0.04048
0.04048
0.0404425
0.0404425
0.0404425
0.0404425
0.0404425
0.040443
0.0404496
0.040385095
0.040385095
0.04038512
0.04038511
0.040385115
0.0404475
0.040445
0.040445
0.04041412
0.040414115
0.040414115
0.04041412
0.040414115
0.04041411
0.04041411
0.040425
0.040425005
0.040425005
0.040425005
0.040425005
0.0404805
0.040370005
0.040370005
0.040370005
0.040370005
0.040370005
0.040365005
0.040365005
0.040359115
0.040344685
0.040344685
0.040344685
0.040344685
0.040345185
0.040345185
0.040345185
0.040345185
0.040345685
0.040345715
0.040345215
0.040427505
0.04041711
0.04041307
0.04034518
0.040341155
0.040341155
0.040341655
0.040341655
0.040341145
0.040341145
0.04041307
0.040341645
0.040341645
0.040341645
0.040341645
0.040341645
0.040341645
0.040341645
0.040341645
0.040413075
0.04041307
0.04041307
0.04041307
0.0404125
0.0404125
0.040412515
0.040412525
0.04041255
0.040450025
0.040404165
0.04040433
0.040404595
0.040374915
0.040451205
0.040451525
0.040451835
0.04065199
0.04065199
0.04052308
0.04052318
0.04053103
0.04057601
0.040679995
0.04068
0.04068
0.04068
0.04068
0.04071747
0.04071747
0.040717395
0.040717265
0.040717475
0.040655
0.040655
0.040655
0.040655
0.04064501
0.040645005
0.040645005
0.040503535
0.0405037
0.040503915
0.04050399
0.040505015
0.04050508
0.04050515
0.040505255
0.04040536
0.040380425
0.0404255
0.0404301
0.040430175
0.040430755
0.040430835
0.040431455
0.040431535
0.040432505
0.0404325
0.040530025
0.040530015
0.04053004
0.04053004
0.040530075
0.040530075
0.040505005
0.04050501
0.04053
0.0405305
0.04053
0.040530515
0.040530505
0.040530605
0.040530635
0.040530735
0.04053085
0.04053094
0.04053124
0.040535135
0.04053622
0.04052503
0.040575815
0.04064986
0.040650165
0.040650515
0.04065084
0.040651145
0.040651505
0.04067384
0.04067418
0.0406745
0.04067481
0.04067509
0.04067541
0.04067573
0.040676055
0.040705125
0.04070955
0.04070988
0.04071018
0.04071054
0.04071083
0.040711125
0.04071147
0.040711765
0.040712065
0.040712325
0.040712615
0.04071291
0.040713255
0.040713565
0.040713855
0.040714185
0.040714485
0.040714785
0.04071512
0.04071544
0.040715735
0.040716055
0.04071639
0.04071672
0.04071705
0.040717365
0.040747715
0.040748045
0.04074835
0.04098257
0.04080269
0.040802945
0.04080326
0.04080354
0.04080379
0.04080411
0.04080441
0.0408047
0.040805005
0.04081853
0.040818855
0.04081912
0.040819385
0.0408197
0.04071658
0.04085
0.040850005
0.040860025
0.040860025
0.04086003
0.040880025
0.040935
0.040935
0.040935
0.040935
0.040935
0.04094
0.04094
0.04094
0.04094
0.040905005
0.040900005
0.04094915
0.04094915
0.04094915
0.04094915
0.04094915
0.04094915
0.04094915
0.04094915
0.04094915
0.04094915
0.040949865
0.040949865
0.040949865
0.040949865
0.04094987
0.04094987
0.04094987
0.040949865
0.0408445
0.040723135
0.04072345
0.04072376
0.040724085
0.040724385
0.04072461
0.04072493
0.040725235
0.04072559
0.04067638
0.04067668
0.04065199
0.04065226
0.04065255
0.04065285
0.040674255
0.040674255
0.040674265
0.040674375
0.040784985
0.04078499
0.04076998
0.040689525
0.04068953
0.04069977
0.040700075
0.040700375
0.04076453
0.040764695
0.040765
0.04076527
0.04076554
0.04076583
0.040766145
0.040766455
0.04085951
0.040859515
0.040859515
0.04085952
0.040859515
0.04085951
0.0408595
0.0408595
0.0408595
0.040949365
0.040949365
0.040909865
0.040999865
0.040999865
0.040924095
0.041031305
0.04089628
0.04089625
0.04089625
0.040896235
0.04089622
0.04089622
0.040896215
0.040896215
0.040896215
0.040708145
0.040896025
0.040896035
0.040896015
0.04089602
0.040896055
0.04089605
0.040896065
0.040896065
0.040896065
0.040896065
0.040894105
0.040894105
0.04089413
0.040894505
0.0408945
0.040853505
0.040853505
0.04085351
0.04085351
0.04085351
0.04085351
0.040853515
0.040853515
0.04085356
0.04085356
0.04085356
0.04085356
0.04085356
0.04085356
0.04085356
0.040853565
0.040853565
0.040853565
0.04085357
0.040853575
0.040853575
0.040804575
0.040804575
0.040804575
0.040804575
0.040804075
0.04080407
0.04075407
0.04075457
0.04075457
0.04075457
0.04075457
0.040689075
0.04068906
0.040689055
0.04068905
0.04068906
0.040689055
0.040689055
0.040689055
0.040689065
0.040689245
0.04068925
0.04068925
0.040689245
0.040689055
0.040689055
0.040689055
0.04068905
0.040578115
0.040578115
0.040578115
0.040578115
0.040578115
0.040578115
0.040578115
0.04057406
0.040546
0.040521895
0.040521895
0.040531895
0.040531895
0.040559955
0.04060812
0.04060812
0.04060812
0.040699055
0.04066068
0.04052108
0.04052108
0.04052108
0.04053108
0.04053108
0.04067068
0.04066039
0.04060624
0.04046664
0.04046668
0.04046664
0.04046663
0.04046663
0.04046663
0.04046664
0.04046664
0.040466645
0.040466645
0.040466325
0.040466325
0.04046633
0.040466365
0.04046668
0.04046702
0.040467215
0.040520395
0.040520395
0.040467615
0.040477505
0.040477505
0.040477505
0.040477505
0.040477505
0.040477505
0.040477505
0.040477505
0.04042438
0.04042438
0.040467665
0.040467665
0.040467665
0.040467665
0.04060725
0.040607255
0.04060726
0.040607265
0.040607285
0.04060729
0.04060729
0.04060729
0.040607285
0.040607275
0.040607385
0.040607275
0.040607285
0.040607265
0.04060731
0.04060732
0.04060732
0.04060733
0.04060733
0.040607335
0.04060729
0.04060729
0.04060729
0.040607265
0.04060726
0.040607255
0.04060726
0.040607265
0.04060727
0.040607265
0.040607275
0.04060726
0.04060726
0.04060727
0.04060728
0.04060729
0.04060729
0.04060728
0.04060727
0.04060726
0.040607265
0.040607265
0.040557395
0.040507405
0.040507405
0.04051658
0.040516585
0.040516585
0.040516585
0.04061836
0.04060731
0.040607275
0.04060727
0.040607315
0.0404979
0.040502015
0.04061184
0.04061244
0.040799635
0.040799635
0.040799635
0.040613175
0.04061338
0.04061376
0.04060921
0.040609295
0.040608885
0.040608965
0.04060905
0.04060922
0.04061464
0.040614735
0.040506485
0.040434245
0.04043429
0.040434445
0.040434655
0.040615495
0.040620055
0.04062036
0.04062064
0.040620925
0.040621085
0.040621325
0.04062162
0.040621935
0.04062225
0.04062256
0.040622855
0.04062318
0.04062349
0.04062376
0.040624985
0.04062527
0.040799625
0.040799625
0.040799625
0.040799625
0.040799625
0.04063003
0.040630125
0.04063023
0.04063032
0.040480575
0.040480575
0.040480685
0.040615775
0.040565895
0.04061477
0.04061477
0.04061477
0.04056986
0.040574825
0.040574825
0.04057483
0.04057483
0.040564835
0.040574835
0.040574835
0.04052984
0.04057483
0.040574865
0.040574865
0.040574865
0.040574865
0.040574825
0.040574825
0.04057483
0.04057483
0.040574835
0.04057484
0.04057484
0.040574825
0.040574825
0.04057483
0.040574835
0.040624855
0.040624845
0.040624885
0.040625005
0.040625065
0.040625065
0.04057543
0.04057532
0.04057502
0.040574725
0.04057474
0.040574745
0.04057474
0.04057475
0.04057475
0.04057476
0.04052505
0.04052505
0.04052505
0.040524955
0.04057477
0.04057477
0.040574815
0.040574815
0.040584715
0.04058472
0.04058472
0.04058972
0.040589725
0.040589725
0.040699435
0.04059972
0.04059972
0.04059972
0.04059972
0.04059972
0.04059972
0.04057474
0.04069972
0.040575
0.040575005
0.04057501
0.040575
0.040475025
0.040575
0.0406
0.040575
0.040575
0.040575005
0.04057501
0.040575
0.040575
0.040575
0.040575
0.040575015
0.040575015
0.040624085
0.040623965
0.040623865
0.040450025
0.040450025
0.04045001
0.04045001
0.04045001
0.04045001
0.04045001
0.04045001
0.04045001
0.040622765
0.040647495
0.04062224
0.040622095
0.04062415
0.04062209
0.04062209
0.04062209
0.04062209
0.040450025
0.04062212
0.040612215
0.04062434
0.04077427
0.040624405
0.040624415
0.040624415
0.040624405
0.04062492
0.04062503
0.04052597
0.04052597
0.04052597
0.04052597
0.04052597
0.04052597
0.04052606
0.040526065
0.040526075
0.040526085
0.040526085
0.040526085
0.04052609
0.040526085
0.040526085
0.040526085
0.04052609
0.040526095
0.040526095
0.040526095
0.04052609
0.04068316
0.040683155
0.040584655
0.040584655
0.04058468
0.04058477
0.04058481
0.04058481
0.04058482
0.04058482
0.04058482
0.04058482
0.04058482
0.040584815
0.040584815
0.040584815
0.04057628
0.040584815
0.040584815
0.04058482
0.040584815
0.040584815
0.040584815
0.040584815
0.040584815
0.040584815
0.04058183
0.040581835
0.040717085
0.040717085
0.040717085
0.040584835
0.040584835
0.04058889
0.04058889
0.040585915
0.040585915
0.04058592
0.040585925
0.040585925
0.04058592
0.040585925
0.040585925
0.040585925
0.040585935
0.04058594
0.04058594
0.040585935
0.0405859
0.04058586
0.040585835
0.0404607
0.04045662
0.04045662
0.04045237
0.04045643
0.04045643
0.04045643
0.04045534
0.04045534
0.04045534
0.040455335
0.040455335
0.040455335
0.040455335
0.040455335
0.04045534
0.04045534
0.040460335
0.040455335
0.040455335
0.040455335
0.040455335
0.040455335
0.040455335
0.04045533
0.04045533
0.04045533
0.04045533
0.040455335
0.040455
0.040454995
0.040454995
0.040454995
0.040454995
0.040454995
0.040454995
0.040454995
0.040454995
0.040459995
0.040455015
0.040455075
0.040455125
0.04045518
0.040455255
0.04045526
0.04045526
0.04045526
0.04045052
0.04045052
0.04045526
0.040455265
0.04045526
0.04045526
0.040459995
0.040460335
0.04046034
0.04046034
0.04047068
0.040470835
0.040470835
0.040465335
0.04049067
0.04050067
0.04050067
0.040590325
0.040590325
0.040590325
0.040590325
0.040530335
0.040590325
0.04059033
0.04054031
0.04054031
0.04054031
0.04054031
0.04054031
0.04054031
0.04054031
0.04054031
0.040540315
0.040540305
0.04054031
0.040540305
0.040540305
0.04069999
0.040575345
0.040575345
0.04045069
0.04046069
0.040460695
0.04046069
0.0404607
0.04046071
0.04057537
0.04046072
0.0404607
0.0404604
0.0404604
0.04057505
0.040575045
0.040699995
0.040575065
0.040575065
0.04057505
0.040575055
0.040575065
0.040575065
0.04057507
0.04057507
0.04057507
0.040575075
0.040575075
0.040560075
0.04056007
0.04056007
0.04056008
0.040565045
0.040565045
0.040565045
0.04056505
0.04056506
0.04056509
0.04057508
0.04058498
0.040634975
0.040634975
0.04063497
0.040634975
0.040669985
0.040634995
0.040585005
0.040585005
0.040600015
0.040599515
0.040599515
0.04059952
0.040599525
0.040599525
0.040599525
0.0406245
0.040624495
0.040624495
0.040625
0.040625
0.04062502
0.04062502
0.040625045
0.04062506
0.040649995
0.040550055
0.040550055
0.040550065
0.04062505
0.040699995
0.04070909
0.040710545
0.040710545
0.040710545
0.040710545
0.040710545
0.04071055
0.04077494
0.04077495
0.04077495
0.04077495
0.0407745
0.04077495
0.040774955
0.040774955
0.040803545
0.040828545
0.040803545
0.04080355
0.04080355
0.04080355
0.04080355
0.04081854
0.04081854
0.04081855
0.040818545
0.040818545
0.040818555
0.040862865
0.04088808
0.04088836
0.041042075
0.041057905
0.041042075
0.04104207
0.04093297
0.040933275
0.04093361
0.04093395
0.041041795
0.041041845
0.04104679
0.0410465
0.04104679
0.04104679
0.04104679
0.04104184
0.04104184
0.04104184
0.041041835
0.04104184
0.041099425
0.041115255
0.041115255
0.041115255
0.041115255
0.041115255
0.041115255
0.041115255
0.041099425
0.04109943
0.041099425
0.04109942
0.041099425
0.041099425
0.041099425
0.041099425
0.041083605
0.041041855
0.04104185
0.04104185
0.04104185
0.04104185
0.041000105
0.04100006
0.04100006
0.040965005
0.040965005
0.040965005
0.04096501
0.04096501
0.04096501
0.04096501
0.040975
0.040974995
0.040965
0.040965
0.040965
0.040965
0.040965
0.040970005
0.04097
0.04097
0.040970005
0.040970005
0.040969995
0.040965
0.040965
0.04096499
0.04096499
0.04096499
0.04096499
0.04096499
0.04096499
0.04096499
0.04096498
0.04096495
0.040964945
0.040964945
0.040964945
0.04096
0.04096
0.04096
0.04096
0.040959955
0.04095995
0.040959955
0.04081555
0.04081505
0.040815065
0.040815045
0.040815045
0.04081506
0.040819115
0.040824505
0.04076012
0.04086447
0.04086445
0.040864475
0.040864475
0.04086857
0.04086447
0.040864465
0.04086447
0.04086447
0.040864465
0.040864465
0.040895
0.040895
0.040894995
0.040894995
0.040894995
0.04076101
0.040761015
0.040761015
0.040761455
0.04076145
0.040761455
0.040761455
0.04076146
0.040761475
0.04076148
0.04076148
0.04076147
0.04076148
0.04076148
0.040761505
0.040761505
0.04085584
0.040761635
0.04085591
0.04085596
0.04085603
0.040856125
0.040856135
0.040856165
0.04085622
0.04085622
0.040856225
0.040856225
0.040856215
0.04085625
0.040856305
0.040857055
0.040857075
0.040857175
0.04085724
0.04085724
0.040857245
0.04085729
0.04085731
0.04085731
0.04085732
0.04085735
0.0408574
0.04085744
0.040860005
0.04086
0.04086
0.040860025
0.04086001
0.04086001
0.040860015
0.040860015
0.04086002
0.04084005
0.04084005
0.040840055
0.040820055
0.040855005
0.040855005
0.040855005
0.040855005
0.04075505
0.04076001
0.040844995
0.04084499
0.040845
0.040780005
0.04073645
0.0407364
0.040714645
0.040600875
0.040600875
0.040600545
0.040499875
0.040478545
0.040525
0.040525
0.040475
0.04047501
0.04043118
0.040422975
0.040422975
0.040357345
0.040319035
0.040269025
0.040269025
0.040095
0.04005826
0.04006235
0.040057265
0.040187425
0.040199915
0.040187705
0.040187875
0.04019993
0.040200085
0.040342955
0.040339785
0.04020497
0.04020526
0.04020551
0.040205525
0.04028544
0.040285345
0.040285275
0.0402852
0.04034932
0.040350845
0.04035084
0.040344
0.04027666
0.040276965
0.04028011
0.0402851
0.04028537
0.040290115
0.04029033
0.040290485
0.04029057
0.04032999
0.04032999
0.040339995
0.04034029
0.040340595
0.04034085
0.040440015
0.04055
0.040595
0.040550005
0.040550005
0.04055
0.04055
0.04055
0.040605045
0.04061196
0.040674805
0.040674875
0.040670805
0.040670805
0.0406708
0.040670795
0.040670795
0.04067079
0.040670785
0.04067078
0.040670775
0.040670755
0.04067076
0.04067075
0.040670745
0.04067074
0.04067074
0.04067074
0.04067074
0.04067074
0.04074154
0.04067073
0.04055
0.04054997
0.04054997
0.04054986
0.040367035
0.040367035
0.04025704
0.04029
0.040290075
0.04028557
0.040280705
0.040280815
0.04028096
0.04028116
0.040330005
0.04032501
0.04032501
0.040325015
0.040320005
0.040320005
0.040320005
0.040335005
0.040335015
0.040335005
0.040335155
0.040335005
0.040335005
0.040335005
0.04034001
0.04033503
0.04034
0.04034
0.040335005
0.04044013
0.040440225
0.04044011
0.040440125
0.04044995
0.040350005
0.04035001
0.04035002
0.040400005
0.04034999
0.04034999
0.04034999
0.04034999
0.040399975
0.040399975
0.04034
0.04034
0.04033999
0.04033999
0.04033999
0.04033999
0.04033999
0.040339995
0.040339995
0.040315005
0.04031501
0.040349875
0.040315025
0.04037499
0.040374955
0.040374955
0.040374955
0.040374955
0.040374955
0.040374955
0.040374955
0.040374955
0.040339955
0.040339995
0.04034
0.04034
0.040340005
0.040340005
0.040340005
0.040340025
0.040438575
0.04043877
0.040439015
0.040439325
0.04043944
0.04043955
0.040439645
0.04043969
0.040439705
0.04043972
0.04043967
0.040439575
0.04059674
0.040389075
0.040389205
0.04038932
0.040389405
0.040389435
0.04038942
0.0403861
0.04024123
0.040444855
0.04037499
0.04034999
0.04035
0.040299995
0.04024
0.040179995
0.040179995
0.040134965
0.04013496
0.04011294
0.040150015
0.040240005
0.04024001
0.04024
0.040240005
0.040150125
0.0401502
0.040150215
0.0401503
0.04015008
0.040149835
0.04014949
0.04014497
0.040000015
0.04014986
0.040149995
0.04015017
0.04015039
0.040155305
0.040155475
0.040155555
0.040155625
0.040155665
0.040155685
0.040155715
0.04015573
0.0401558
0.040155845
0.0401495
0.04014951
0.04014953
0.0403495
0.04020007
0.04020001
0.0402
0.040199985
0.040199985
0.040199965
0.04019996
0.04019992
0.040199905
0.04019987
0.040248975
0.04024888
0.040248795
0.0402487
0.040248595
0.04024854
0.040248535
0.04024854
0.040248365
0.04024833
0.04005035
0.04019813
0.04019813
0.04019811
0.04019809
0.04019809
0.04019809
0.04019808
0.040198075
0.04019807
0.04019805
0.04019805
0.040198035
0.040198035
0.040198205
0.040246585
0.04024648
0.04019801
0.04017501
0.040175005
0.040175
0.040175
0.040175
0.040140005
0.040140005
0.04014
0.04014
0.040140005
0.040140005
0.04009
0.04009001
0.040090005
0.040179995
0.040090015
0.040090005
0.04009001
0.040090005
0.040090005
0.040090005
0.040090005
0.040090005
0.040090005
0.040090005
0.040094995
0.040095
0.04013
0.04019
0.040215
0.0402
0.040200005
0.040200005
0.040200005
0.040115025
0.040130035
0.040130025
0.04013003
0.040130005
0.04013003
0.040130005
0.040130005
0.040130005
0.040138
0.040138045
0.040138055
0.04013806
0.040138055
0.040138055
0.04013004
0.040130005
0.040129515
0.04012951
0.040010015
0.040010015
0.040010015
0.040129505
0.04012951
0.04012951
0.040129515
0.040129515
0.04012952
0.04012952
0.04012952
0.04010502
0.040105075
0.04020291
0.040203
0.04003027
0.040020525
0.04002052
0.040170545
0.040203295
0.040203455
0.040203785
0.04020412
0.040204385
0.04029784
0.040297845
0.04022365
0.04022381
0.04022395
0.0402241
0.04022424
0.04022454
0.04022487
0.04022515
0.04023581
0.040240885
0.040298025
0.040396965
0.040396965
0.040396965
0.040397875
0.04039755
0.040395725
0.040395725
0.040395725
0.04040292
0.04037287
0.040372865
0.040372865
0.04037786
0.040377865
0.04038035
0.04039571
0.040395715
0.040395715
0.040395715
0.04037286
0.04037286
0.04037286
0.04042274
0.040422735
0.04042273
0.040422715
0.040422715
0.040422705
0.040495415
0.040495455
0.04042273
0.04042273
0.040495465
0.04042273
0.04042273
0.04042273
0.04042273
0.04042273
0.04042273
0.04042273
0.04042273
0.04042273
0.04042273
0.04042273
0.04042273
0.04042273
0.04042273
0.04042273
0.04042273
0.04042273
0.040422675
0.040422545
0.04042246
0.04042273
0.040420225
0.040420245
0.0399
0.039905
0.039905
0.039905015
0.039905015
0.03990502
0.03991001
0.03990502
0.0399
0.03990004
0.039900065
0.039899915
0.039805005
0.03989736
0.039897155
0.03989699
0.039897535
0.039897455
0.03989744
0.039897435
0.03989744
0.0398684
0.03986841
0.039677745
0.039831285
0.039836365
0.03983642
0.039836595
0.03983675
0.039744195
0.039836675
0.03983699
0.039837325
0.03983767
0.03983801
0.039838385
0.039838745
0.039992415
0.039864275
0.039889205
0.040074765
0.039975375
0.039901005
0.03990126
0.039901275
0.039901365
0.039901365
0.039900055
0.039900065
0.039900035
0.039900035
0.039900035
0.039900015
0.03990002
0.03990002
0.039900035
0.039900055
0.03990008
0.04000001
0.04000001
0.04007476
0.04007476
0.040074765
0.04007476
0.04007476
0.04007476
0.04007476
0.039975355
0.039975735
0.039976055
0.039976155
0.03997626
0.039976285
0.039976285
0.03997628
0.039976635
0.039976765
0.03997687
0.03997697
0.03997716
0.039977465
0.039977775
0.039978355
0.039978675
0.039969235
0.039969575
0.040015615
0.040015615
0.03996972
0.03996983
0.03996996
0.039990055
0.04000507
0.040064995
0.04000604
0.04000604
0.040014985
0.04006499
0.04001496
0.04001496
0.04001495
0.03997493
0.039974915
0.039974845
0.039967405
0.039967355
0.03996738
0.03996736
0.03998966
0.03998966
0.03998966
0.03997499
0.03997499
0.03997501
0.039952695
0.039952695
0.03995274
0.03995274
0.03995274
0.03990499
0.03990495
0.039904975
0.03990502
0.039905035
0.039905
0.03990499
0.039904995
0.039905085
0.03990519
0.040002155
0.04000215
0.040002155
0.04000214
0.040000035
0.04002222
0.03993371
0.03993401
0.040072175
0.03993467
0.039962845
0.039968935
0.039969305
0.039969645
0.03996961
0.040139745
0.040139765
0.04013979
0.040139805
0.040139815
0.04013986
0.04013989
0.040054925
0.040055275
0.04005571
0.040055975
0.040147255
0.04006454
0.03998439
0.04006941
0.040074405
0.040149455
0.04014946
0.040149425
0.040149425
0.040149425
0.040075455
0.04008055
0.04008121
0.040099425
0.04011472
0.04031739
0.04031727
0.04031735
0.040322215
0.04027472
0.04028
0.040324985
0.040327715
0.04034777
0.04035074
0.04035075
0.040400735
0.040400745
0.040203065
0.040203055
0.04025604
0.04040071
0.0404007
0.040402685
0.04040269
0.040516955
0.0405384
0.040538715
0.04053872
0.04044578
0.0405814
0.04036967
0.040369795
0.04036987
0.04036584
0.040365755
0.040365525
0.04036094
0.04036093
0.04036075
0.040360565
0.040360445
0.04036033
0.040360325
0.0403603
0.04036026
0.04036013
0.040359985
0.0403598
0.040359585
0.040359455
0.040309475
0.0403095
0.040309525
0.04030954
0.040309555
0.04025043
0.040245445
0.040212975
0.040150935
0.040150835
0.04015087
0.040245355
0.040245355
0.040245365
0.040339945
0.04015538
0.040150805
0.040314115
0.040309485
0.04015536
0.040155375
0.040150835
0.040150835
0.04015083
0.040155375
0.04015535
0.04015534
0.040155355
0.040155385
0.04015536
0.04015537
0.040275675
0.040275655
0.04029581
0.04029581
0.040200495
0.040295825
0.040295805
0.04029583
0.04029577
0.040295775
0.040275025
0.04029495
0.040294955
0.04029493
0.04029487
0.040294865
0.04029481
0.04029478
0.04029475
0.040294685
0.04029469
0.04029463
0.04029457
0.04029453
0.040294285
0.04012002
0.040110005
0.040000005
0.04011994
0.040119875
0.040118485
0.040116705
0.040116145
0.03997489
0.03994179
0.039937495
0.03993751
0.04005741
0.040057415
0.04005741
0.039964825
0.039964825
0.039964825
0.03994179
0.03994179
0.040057315
0.040057265
0.04005722
0.04005674
0.04005644
0.040056145
0.04003241
0.040032355
0.04003241
0.040032415
0.0399418
0.03994181
0.0399418
0.039941835
0.039842245
0.039842245
0.039842245
0.03987242
0.039872415
0.039872415
0.039837995
0.039817455
0.039817455
0.039817455
0.039817455
0.03981611
0.039807575
0.039807575
0.039813005
0.03979301
0.03979301
0.03978003
0.03978004
0.03978004
0.03978004
0.03978009
0.03979307
0.03979307
0.03979307
0.03979307
0.03979307
0.03979307
0.03979307
0.03979307
0.039742605
0.039742595
0.03977552
0.03977552
0.03977552
0.03977552
0.03977552
0.039775525
0.039775525
0.039775535
0.039775545
0.039775555
0.039775565
0.039775565
0.039772595
0.03977259
0.039775615
0.03977799
0.039789495
0.039789515
0.03978952
0.039858265
0.039894745
0.03989474
0.039894745
0.039894745
0.040014225
0.04001423
0.039894825
0.039894825
0.04003175
0.039987665
0.03998763
0.039987535
0.04007433
0.04007423
0.04007419
0.040074065
0.03995499
0.039954975
0.03995496
0.039954965
0.03995495
0.039913085
0.039913085
0.039913085
0.039913085
0.039913085
0.039999935
0.03999994
0.03999994
0.03999994
0.039913085
0.039999995
0.039913095
0.03991308
0.039913085
0.03991309
0.039826185
0.039913085
0.03991309
0.03991309
0.03991309
0.03991309
0.03991309
0.03991309
0.03991309
0.039913085
0.03991309
0.03991309
0.0399131
0.039913095
0.039913095
0.03995
0.03995
0.03995
0.03995
0.03995
0.03995
0.03994999
0.039863095
0.0399499
0.039949895
0.039949895
0.039949895
