0.010086175
0.010086175
0.01008618
0.01008618
0.010086185
0.010086185
0.010086195
0.010108665
0.01010866
0.010133365
0.010133375
0.01013365
0.01016032
0.010137045
0.010158985
0.010238535
0.01029216
0.01026856
0.01025028
0.010250295
0.01025031
0.010254465
0.01023957
0.010239585
0.01025446
0.010254435
0.010254575
0.01025458
0.010254585
0.0102546
0.01025382
0.010253845
0.01025383
0.01025585
0.010264995
0.010264745
0.010264465
0.01025506
0.010225695
0.010112835
0.01011242
0.01011175
0.01010857
0.010106905
0.010085175
0.010063885
0.010052015
0.010046005
0.010046
0.010045995
0.010045
0.0100445
0.01000008
0.01000008
0.010000075
0.01000008
0.010000085
0.010023575
0.010023575
0.01002358
0.01002358
0.01002412
0.010061255
0.010066215
0.010066825
0.01005906
0.010024135
0.010000155
0.009976005
0.009954575
0.00992299
0.00990143
0.009863285
0.009855525
0.009843485
0.009842465
0.00984358
0.009843635
0.00984364
0.009889995
0.009853745
0.009846375
0.00991534
0.009951795
0.0099513
0.0099508
0.009950375
0.00994988
0.00994751
0.009946605
0.00994633
0.009946165
0.00994638
0.009950055
0.00994981
0.00999465
0.00994472
0.00994458
0.00994433
0.009944055
0.009943635
0.00994315
0.00994258
0.009942085
0.00994165
0.00994147
0.009941385
0.009941385
0.00994139
0.009941395
0.009941395
0.009941395
0.009941395
0.00994135
0.009941335
0.00996689
0.009971075
0.009975615
0.009975455
0.009975095
0.00997464
0.00997423
0.009974045
0.009974045
0.009944065
0.00994397
0.00994386
0.00994386
0.00994381
0.009943755
0.0099437
0.009943645
0.009943855
0.009943555
0.00991018
0.00994366
0.009943535
0.009943535
0.009943535
0.009943535
0.009943495
0.00994349
0.009943505
0.00994351
0.00994351
0.00994351
0.00994351
0.009943505
0.009943505
0.0099401
0.009940075
0.00994
0.00993993
0.00993475
0.00993474
0.00993474
0.00993474
0.009934735
0.00993471
0.009938735
0.009938735
0.0099387
0.00993859
0.009938485
0.00993839
0.009938275
0.009938175
0.009938085
0.009937985
0.009937925
0.009937835
0.00993775
0.00993765
0.009937545
0.00993746
0.00993705
0.009936795
0.00993655
0.009936435
0.00993633
0.00993623
0.009935965
0.009935725
0.00993548
0.00993526
0.00991668
0.009910525
0.009910025
0.00989611
0.009895625
0.00989516
0.00990178
0.00990135
0.00990083
0.00988874
0.009886615
0.009862385
0.00984916
0.009775545
0.009773285
0.00977328
0.00976582
0.009760895
0.00974643
0.00971955
0.009731285
0.009730825
0.00973031
0.009740085
0.009730065
0.009744125
0.00974366
0.00974376
0.009748255
0.00979162
0.00980662
0.00975732
0.00981606
0.009846615
0.00984641
0.00984625
0.009836465
0.009790495
0.009790235
0.009775845
0.00971666
0.009684385
0.009682295
0.0096921
0.0096921
0.00975062
0.009750925
0.009761355
0.00976125
0.009761115
0.009760975
0.00976086
0.009760755
0.009769815
0.009769755
0.009769715
0.009769635
0.0097705
0.009806645
0.00981775
0.00981775
0.009811655
0.0097705
0.0097705
0.009781255
0.00976229
0.009762215
0.00976183
0.009761515
0.009761265
0.009756075
0.009755825
0.00975556
0.009750265
0.00974999
0.009749645
0.00974337
0.00974312
0.00974281
0.009742555
0.00974217
0.00974195
0.009729595
0.00972937
0.00972904
0.009728875
0.009728615
0.009728355
0.00972811
0.009727875
0.00972764
0.009727425
0.0097272
0.009726955
0.00972013
0.009726485
0.009738215
0.009738175
0.009738275
0.00973842
0.00975542
0.009755795
0.00975612
0.0097565
0.00976172
0.009761695
0.0097816
0.009781555
0.009781505
0.00978147
0.00978147
0.009809445
0.009809445
0.009809445
0.0098094
0.0098094
0.009772225
0.009772225
0.009772215
0.00977212
0.009772005
0.009771785
0.009725
0.009706535
0.00970654
0.00970654
0.00970654
0.00970653
0.00970647
0.009706445
0.009669315
0.009669315
0.009669315
0.00966931
0.00966848
0.00966292
0.009614985
0.00958499
0.00953732
0.009522315
0.009515045
0.00949575
0.00948071
0.00945967
0.00944614
0.009446135
0.009454985
0.00955427
0.009587815
0.0095879
0.00958906
0.009587535
0.00958849
0.009570785
0.00958578
0.009566305
0.009585315
0.00958517
0.009585315
0.00958562
0.009585835
0.009586005
0.009591685
0.009591995
0.00959886
0.009569255
0.009569255
0.00956926
0.009569255
0.009569255
0.009569345
0.00960211
0.00960234
0.009602505
0.00960308
0.009604485
0.00961031
0.00960469
0.00960387
0.00960401
0.00960392
0.00960391
0.009603795
0.00960365
0.00960344
0.009598425
0.00958729
0.009587025
0.00951415
0.009554985
0.009554765
0.00955463
0.009560315
0.009561015
0.009569225
0.00957195
0.009572295
0.009572785
0.00957323
0.009573585
0.00957409
0.00962776
0.009593735
0.009593995
0.00959419
0.00959461
0.009594705
0.009595115
0.00959556
0.0095955
0.00959551
0.009595545
0.00960092
0.00964496
0.009606495
0.009606975
0.00960739
0.009631855
0.009632155
0.00963297
0.009633465
0.009633915
0.009634355
0.00966481
0.00966489
0.00965721
0.00965217
0.00965214
0.00965243
0.00965165
0.009650685
0.009651075
0.00965151
0.009651895
0.009670415
0.00968026
0.009689935
0.009704325
0.009709795
0.009722205
0.009713305
0.00970006
0.009701065
0.009715515
0.00972558
0.009730835
0.009733655
0.009733885
0.009734185
0.00974099
0.009742425
0.00974288
0.00973931
0.009739745
0.00976045
0.00976248
0.00976637
0.00977767
0.009778135
0.009778605
0.00977904
0.0097795
0.00977991
0.00983811
0.00983811
0.0098403
0.0098403
0.009840285
0.009789225
0.009789115
0.00978863
0.009771815
0.009767165
0.00976709
0.00975244
0.00975255
0.009752235
0.009752635
0.009753045
0.009751695
0.009753815
0.009753815
0.00975422
0.00975465
0.00975507
0.00975533
0.009755545
0.00975578
0.00975493
0.009755185
0.009755315
0.009755395
0.009755445
0.009755445
0.00975554
0.009749775
0.00974942
0.009748825
0.009748465
0.00974812
0.009748575
0.009750985
0.009749285
0.009749395
0.00974942
0.009749425
0.00974949
0.009749595
0.009749615
0.009749625
0.00975465
0.009755065
0.00975547
0.009755915
0.00980262
0.0097545
0.009754905
0.009755315
0.009755665
0.009754295
0.009754775
0.009755165
0.009755365
0.00975416
0.009754065
0.009753625
0.00975316
0.00975282
0.009752585
0.00975249
0.00975229
0.009742295
0.00974204
0.009741845
0.009741685
0.009741555
0.00974122
0.009740595
0.009736595
0.009721625
0.009721625
0.009721625
0.009721625
0.009721625
0.009721625
0.009721625
0.00972163
0.00972163
0.00972163
0.00972164
0.00972163
0.00972
0.00972
0.009719985
0.00972
0.00972
0.00972
0.00972
0.009720005
0.0097205
0.0097155
0.009725
0.00972
0.009720005
0.00972001
0.00972001
0.009740035
0.00974006
0.00974001
0.009740035
0.009740045
0.009740045
0.009740045
0.00974022
0.009740705
0.009740725
0.009740725
0.009720725
0.009720725
0.00974073
0.009740725
0.009740725
0.009740725
0.00974072
0.00974071
0.00974073
0.009740855
0.009741095
0.00974132
0.009741365
0.009741395
0.009741415
0.00974144
0.009741445
0.00974147
0.009741485
0.00974148
0.009741485
0.00974147
0.009741465
0.009741465
0.009741475
0.009741465
0.00974147
0.009741465
0.00974637
0.00974641
0.009746405
0.009746405
0.009746405
0.009746405
0.009761395
0.009756495
0.00975642
0.00975628
0.009756185
0.00975607
0.00975588
0.009755675
0.009755435
0.009755195
0.009773465
0.00977335
0.009754775
0.009754725
0.009754725
0.00975472
0.009754675
0.009754675
0.00975468
0.00975468
0.00975469
0.009754695
0.0097547
0.009754685
0.00975465
0.0097546
0.009754415
0.00975421
0.009753995
0.00975377
0.00975136
0.00975114
0.0097509
0.00974923
0.009743835
0.009739975
0.009739695
0.009739445
0.00968225
0.00971097
0.009710715
0.00971046
0.00967452
0.00971042
0.009710205
0.00965651
0.0096565
0.009616445
0.00961644
0.00960503
0.009595075
0.009595075
0.009595075
0.00960504
0.00960504
0.009605035
0.009605035
0.009605035
0.009605035
0.00960504
0.00960354
0.00960354
0.009607
0.009607
0.009607005
0.0096135
0.009662985
0.0096595
0.0096642
0.0096756
0.00966418
0.0096757
0.009675695
0.009675655
0.00967559
0.009675485
0.009675415
0.009675175
0.00967492
0.00966989
0.00966979
0.009669685
0.009669485
0.00966924
0.009669005
0.00966877
0.00966852
0.009668285
0.009668045
0.009667855
0.00966825
0.009668025
0.00966776
0.009667495
0.009631175
0.009631175
0.00966942
0.009675365
0.00967534
0.00967653
0.009676545
0.009676735
0.009669555
0.009670385
0.00968513
0.00968552
0.00968572
0.00968572
0.00968572
0.00968575
0.009687105
0.009687125
0.009687135
0.009687155
0.009692005
0.00972261
0.009692145
0.009692195
0.009692215
0.009692235
0.009692245
0.00969227
0.00969228
0.009692295
0.009692305
0.009692305
0.00969231
0.009692315
0.009692315
0.009692315
0.00968586
0.00969474
0.009694745
0.00970088
0.009700905
0.009701005
0.00970118
0.00970623
0.009706415
0.00969124
0.009691245
0.00969126
0.0097063
0.00970631
0.00970634
0.00970132
0.00970132
0.009715
0.009715
0.009735
0.00976324
0.009720005
0.009720015
0.009720015
0.009720015
0.009724865
0.00974765
0.009747635
0.00974758
0.009747555
0.00974756
0.00974756
0.00974755
0.009747555
0.00974754
0.00974733
0.009747105
0.009751755
0.00975169
0.00974683
0.009746835
0.00974684
0.009754085
0.00975408
0.00975408
0.009754075
0.009754075
0.00975405
0.009754025
0.009754025
0.009752585
0.00974491
0.009744905
0.009744895
0.00974489
0.0097449
0.00974491
0.00974492
0.00974492
0.00977344
0.00977343
0.009773335
0.009773135
0.009772885
0.00977285
0.009772695
0.009772485
0.009772265
0.009772125
0.009771975
0.00977181
0.009771555
0.00977132
0.009754035
0.009741465
0.00974143
0.00973625
0.009736015
0.00973576
0.0097357
0.009734995
0.00973498
0.009734985
0.009734915
0.00970002
0.009686495
0.00973464
0.009734525
0.00973431
0.009734245
0.00972418
0.009734145
0.00971417
0.009733925
0.00972034
0.009720245
0.00972015
0.009720045
0.009720035
0.009720065
0.00971999
0.009719865
0.00969148
0.009691475
0.00969147
0.009691465
0.00969148
0.00969148
0.00969148
0.00969148
0.00969148
0.00969148
0.009691485
0.009691495
0.009691485
0.009691485
0.009696325
0.009696325
0.009696325
0.00969633
0.00969633
0.00973137
0.00973127
0.009731165
0.00968607
0.00968607
0.00968607
0.00968609
0.009686125
0.009686075
0.009686075
0.00968607
0.009686095
0.009686115
0.00968612
0.00968613
0.00968614
0.00968614
0.009715765
0.009715745
0.00971573
0.00971588
0.009716095
0.00971626
0.009716285
0.00971628
0.009716295
0.009716305
0.0097153
0.009715345
0.009757085
0.009715335
0.00971567
0.00971607
0.009716405
0.009717865
0.00972482
0.009759865
0.00978847
0.009827615
0.00984328
0.009843275
0.00984505
0.00984507
0.009855445
0.009855465
0.00985546
0.00985546
0.00985546
0.00986291
0.009855435
0.009855435
0.00985547
0.009852
0.00986294
0.00985548
0.00986294
0.00985548
0.00986149
0.00986149
0.00986149
0.00983639
0.00983096
0.009830795
0.009830515
0.00983024
0.00982692
0.00979281
0.00979281
0.009792825
0.009795005
0.009795
0.009795
0.009795
0.00979498
0.00979498
0.009795025
0.0097955
0.0097955
0.0097955
0.0097805
0.0097805
0.009794985
0.009795485
0.00979498
0.009829805
0.0098297
0.00982989
0.00982976
0.00982964
0.00980147
0.009826695
0.00982873
0.009849075
0.00982847
0.009804255
0.0098046
0.00980489
0.009804985
0.009805065
0.00980445
0.009804685
0.009814225
0.009805105
0.009805355
0.009830095
0.009852985
0.009839235
0.009839225
0.00985309
0.009853335
0.00985342
0.009853765
0.009854255
0.009854275
0.009854275
0.009854275
0.009877485
0.00985426
0.00985427
0.00985424
0.00985425
0.00985424
0.00985423
0.00985428
0.00985428
0.009854275
0.00985427
0.00985435
0.009854375
0.00987747
0.00987747
0.00987747
0.0098546
0.00985951
0.009877465
0.009877465
0.009877465
0.009877465
0.009877465
0.009859525
0.009859525
0.009859525
0.009859525
0.009859525
0.00985953
0.009860795
0.009901745
0.00990995
0.00991213
0.00991213
0.00990995
0.00990995
0.00990995
0.00990995
0.00991538
0.00991538
0.00991538
0.00991538
0.00991538
0.00991538
0.00991538
0.00991538
0.00991038
0.0099082
0.00991788
0.00990968
0.00990968
0.00990968
0.00990968
0.00990978
0.00990978
0.00990968
0.00990968
0.00990968
0.00990968
0.00990968
0.00990968
0.009911655
0.009911655
0.009911655
0.009910575
0.009910575
0.00992223
0.00992223
0.00992223
0.00992223
0.00992223
0.00992223
0.009911655
0.00992
0.009921825
0.009941825
0.00994183
0.009950165
0.00995946
0.009976395
0.009982435
0.009982455
0.009994905
0.009955525
0.010000295
0.010000295
0.01000738
0.00999785
0.00999785
0.00999785
0.00999785
0.00999785
0.00999785
0.010010245
0.01001508
0.0100158
0.010016625
0.010028275
0.010022795
0.010022795
0.0100078
0.0100078
0.009978055
0.009978055
0.009978065
0.009978085
0.009978095
0.0100078
0.0100078
0.00997822
0.009980425
0.009980445
0.00999545
0.010039995
0.01004261
0.010042605
0.010046615
0.010046615
0.010046615
0.010046615
0.010046615
0.010049
0.010005675
0.010005695
0.01002499
0.010024995
0.01004
0.010045015
0.010045015
0.010045015
0.010045015
0.010045015
0.010045015
0.010055
0.010060035
0.01005502
0.010055015
0.01005502
0.01005502
0.010059565
0.01002008
0.01003962
0.010039575
0.010039555
0.010039645
0.01003966
0.010040055
0.01004217
0.0100426
0.0100426
0.0100426
0.0100426
0.010042595
0.0100426
0.010042595
0.010042595
0.010042595
0.010042595
0.01005454
0.01005454
0.01005454
0.01005453
0.010049495
0.01004949
0.01004899
0.01004894
0.01003892
0.01004449
0.01004449
0.010044545
0.010044545
0.010044495
0.010044495
0.01004449
0.01004449
0.010044485
0.01004449
0.01004449
0.01003949
0.01004252
0.010040205
0.01004024
0.0100352
0.01003513
0.010034265
0.010034135
0.00998399
0.009984195
0.0099844
0.00997623
0.00997351
0.00997307
0.00997808
0.009935895
0.009977325
0.009981685
0.00998154
0.009985575
0.009985125
0.009984635
0.00998417
0.00998372
0.009983305
0.00998285
0.009982395
0.00998199
0.009981585
0.009981095
0.00998069
0.0099802
0.009979705
0.00997938
0.009978935
0.00997861
0.00997901
0.009979015
0.01000053
0.010000035
0.009999585
0.00999915
0.00998702
0.00998702
0.00998702
0.00998702
0.009987025
0.009987025
0.009987025
0.009987025
0.009987025
0.00997878
0.009978775
0.010001545
0.01000237
0.01000237
0.010002075
0.01000211
0.010001855
0.01000144
0.010001225
0.010003425
0.010003345
0.010003305
0.01000331
0.010003325
0.010003315
0.010003325
0.01003562
0.01003563
0.01003563
0.01003563
0.010035635
0.010035635
0.010046875
0.01003562
0.01003562
0.01003562
0.010046875
0.010047015
0.01005678
0.010066525
0.010066525
0.010072715
0.010072715
0.01007272
0.010072715
0.010072715
0.01007275
0.010072745
0.01005137
0.01005137
0.010045375
0.010045415
0.01004541
0.01004541
0.010045415
0.010045415
0.010045415
0.010045415
0.010045415
0.010045415
0.01004541
0.01004541
0.01004541
0.01004541
0.01004541
0.010045325
0.010001085
0.00998089
0.00998091
0.00995762
0.00995268
0.009952405
0.00994011
0.00993545
0.009934905
0.00993448
0.009934
0.009933495
0.009881385
0.00991754
0.00991714
0.009916685
0.00991622
0.009915755
0.009915325
0.00991482
0.00991435
0.00991386
0.009922655
0.009872705
0.009872705
0.00993531
0.00992107
0.009920695
0.00992872
0.00992803
0.00992763
0.00992754
0.009981775
0.00993558
0.00993559
0.00993547
0.009935345
0.009936105
0.009936545
0.00993698
0.00993739
0.00993781
0.009938255
0.009938505
0.00993839
0.009938285
0.009938185
0.009936025
0.00992389
0.00988756
0.009887565
0.009887565
0.009887565
0.00988757
0.009937455
0.00993737
0.00993725
0.00993713
0.009937015
0.009965375
0.00996532
0.00996784
0.00991659
0.00991659
0.009916555
0.00991659
0.009916555
0.00991659
0.00991659
0.009916535
0.009916425
0.00991612
0.00991387
0.00984579
0.0098458
0.009845795
0.009845795
0.009845795
0.009845795
0.009845795
0.00984579
0.009845795
0.00987214
0.009872065
0.009871975
0.00987191
0.00987182
0.00986754
0.00987166
0.0098716
0.009845795
0.009865845
0.009865745
0.00986569
0.00986982
0.009869765
0.009867215
0.009866465
0.0098665
0.0098665
0.00986651
0.009866505
0.0098665
0.0098739
0.009873865
0.009873845
0.009873825
0.009873815
0.009873785
0.009873785
0.00987379
0.00989487
0.009894775
0.00989464
0.009894475
0.00989431
0.009894145
0.009893965
0.0098938
0.00989367
0.00989359
0.009871265
0.00987101
0.009870885
0.00987072
0.00987051
0.00987044
0.009869935
0.009869905
0.009869945
0.00986995
0.009877585
0.00988825
0.009887995
0.00988781
0.009887795
0.009887815
0.00988786
0.009887795
0.009887935
0.00989091
0.009890905
0.00989092
0.00989099
0.00989101
0.00989136
0.00989188
0.00989204
0.009896595
0.00990201
0.00991059
0.00991103
0.00991143
0.009915525
0.009974655
0.00992911
0.00992924
0.009984255
0.009984255
0.00993284
0.009932845
0.009932845
0.009932865
0.00993289
0.009933095
0.009933185
0.00993573
0.009951145
0.009955065
0.00997021
0.009970655
0.009976155
0.00997663
0.00997714
0.009977575
0.009978305
0.00997892
0.00997953
0.010015
0.00998415
0.00999415
0.00998914
0.00998914
0.01003498
0.009978335
0.0099785
0.009978505
0.009978555
0.00998357
0.009978565
0.00997354
0.009973465
0.00996839
0.009961185
0.009922395
0.00995412
0.009911985
0.00995577
0.00995574
0.0099557
0.009955715
0.00995573
0.00995567
0.00995567
0.00995567
0.00995565
0.00995557
0.009955515
0.009955455
0.0099554
0.00995535
0.00995528
0.00995523
0.00995517
0.00995512
0.00995508
0.009955035
0.009955015
0.00995495
0.00995488
0.009954815
0.00995476
0.00995465
0.009954555
0.009954485
0.009954365
0.009954245
0.0099308
0.00993073
0.009930685
0.00993064
0.009930585
0.00993054
0.0099305
0.009930475
0.00993046
0.009930425
0.00993039
0.00993034
0.009930325
0.009930055
0.009919885
0.009919865
0.009895475
0.009919575
0.009830675
0.00983113
0.00983117
0.00983129
0.00983148
0.00983152
0.009831555
0.009831555
0.00983152
0.009831565
0.00983149
0.009861415
0.009861415
0.009861415
0.00988402
0.009874745
0.009831485
0.009831485
0.009831505
0.00983152
0.009831535
0.009875035
0.009875035
0.009875085
0.00987509
0.009875085
0.00987508
0.009874765
0.00987418
0.009873595
0.009873145
0.00987261
0.00987211
0.00987162
0.009871125
0.009870585
0.009870225
0.009806395
0.00984437
0.009843925
0.00984846
0.00984796
0.009847425
0.009846925
0.009847495
0.00984738
0.00984727
0.009847175
0.00984708
0.009830025
0.00983
0.00982989
0.00982976
0.009829635
0.00983001
0.009829515
0.00982949
0.009829405
0.009829355
0.009834225
0.009834135
0.00983395
0.009833995
0.009815025
0.00981503
0.009784365
0.009756895
0.00973636
0.00973636
0.00975684
0.00977057
0.009722035
0.00969229
0.009682515
0.009692525
0.00969243
0.0096923
0.009692175
0.009692075
0.00969205
0.00969432
0.009695505
0.009694655
0.009694585
0.009694515
0.0096865
0.00970209
0.009710035
0.00971499
0.009729985
0.009700075
0.00971503
0.00971496
0.009714895
0.0097153
0.00971553
0.009715545
0.009729945
0.009715745
0.00971525
0.009715005
0.009714965
0.00971494
0.009715005
0.009715
0.009715
0.009714995
0.00970751
0.009707475
0.00970751
0.00970771
0.009735
0.00971495
0.009725825
0.009727455
0.009727455
0.00972748
0.00972749
0.009745
0.009755005
0.009765
0.009764985
0.00976499
0.009764995
0.009764935
0.009764915
0.0097649
0.00978489
0.0097849
0.0097849
0.009784905
0.009784915
0.009765005
0.009765025
0.009765045
0.009789995
0.009765115
0.009765135
0.009768555
0.00976859
0.00976865
0.009793405
0.00979346
0.00979344
0.009793405
0.00979338
0.00979336
0.00979335
0.00976505
0.0097525
0.009752495
0.00975249
0.009752485
0.009752475
0.00979006
0.009752525
0.009752535
0.009752555
0.009752575
0.009752595
0.009752595
0.00975261
0.00975261
0.009752625
0.00975501
0.009755035
0.009755
0.00975495
0.00975491
0.009754865
0.00975484
0.009754815
0.009754845
0.009754845
0.00975482
0.00974473
0.00972465
0.00972477
0.00972047
0.00962253
0.00967611
0.00967611
0.009676025
0.009676025
0.009676025
0.009712765
0.00969361
0.009693545
0.009698505
0.009698475
0.009698455
0.00969841
0.009709005
0.00970856
0.00970828
0.00970818
0.009708455
0.00971106
0.00971093
0.009710865
0.00971087
0.009711045
0.009716065
0.009721335
0.009726085
0.009726085
0.009726085
0.009726115
0.00972633
0.009726575
0.009726825
0.0097271
0.00972718
0.00972718
0.009727185
0.00972718
0.009727185
0.009727185
0.009727165
0.009727155
0.009727155
0.009727185
0.009735705
0.00973571
0.00976319
0.00976319
0.00976318
0.009732605
0.009732595
0.0097326
0.0097326
0.0097326
0.00975
0.00975
0.00975
0.009749995
0.00975
0.00975
0.00975
0.00975
0.00975
0.00975
0.00975
0.00975
0.009749995
0.009732625
0.009732615
0.00973261
0.009732585
0.009747945
0.00975278
0.00975287
0.009752855
0.009747865
0.009747855
0.00974785
0.009755955
0.00975593
0.00975591
0.00975589
0.00975588
0.009742975
0.00975594
0.009755895
0.009747935
0.00975993
0.00975993
0.00975993
0.00975993
0.009747995
0.009759995
0.009750505
0.0097505
0.009748005
0.00974801
0.00974801
0.00974803
0.00975129
0.00975126
0.00975054
0.00974332
0.009743325
0.00974333
0.009736065
0.009736065
0.00974327
0.00974327
0.00974327
0.00974327
0.00974327
0.00974327
0.00974327
0.009743
0.0097206
0.0097126
0.0097126
0.009715
0.009723
0.009723
0.009723
0.009723
0.009758525
0.00975007
0.009770015
0.009785055
0.00979346
0.009780055
0.009780055
0.009780055
0.009783405
0.00979346
0.009797345
0.00980999
0.009809995
0.009804585
0.009812345
0.009812345
0.009812365
0.0098162
0.00982911
0.009878305
0.009878455
0.00987868
0.009878815
0.009878915
0.009879085
0.009879125
0.009879195
0.009879325
0.009879605
0.009879795
0.00987995
0.009879615
0.00988026
0.00988021
0.00988112
0.009881835
0.00988229
0.009882695
0.009883155
0.00988352
0.0098877
0.009887755
0.009887685
0.009865035
0.00988766
0.009855
0.00985502
0.009840075
0.009777555
0.009808675
0.0098187
0.009797415
0.009779145
0.00980047
0.00980064
0.009800895
0.00980107
0.00980139
0.009801535
0.00980202
0.00980242
0.009802855
0.00980307
0.009803505
0.00980347
0.009803475
0.00980348
0.009803485
0.00980349
0.00980349
0.009803495
0.0098035
0.00980347
0.009803465
0.00980344
0.009803455
0.009803435
0.00980337
0.00980336
0.00980338
0.009803395
0.00978524
0.009803435
0.009806875
0.0098065
0.009806505
0.009806505
0.00980688
0.009806885
0.00980688
0.00980688
0.00980688
0.009806865
0.009806885
0.009811705
0.00981177
0.00981177
0.00981177
0.00981176
0.00981177
0.00981177
0.009811775
0.009811775
0.009811775
0.009811765
0.009811765
0.009783795
0.00981177
0.0098069
0.00981179
0.009811795
0.0098118
0.009811805
0.00981181
0.00981181
0.00981181
0.00981181
0.00981181
0.00981181
0.009811825
0.009811825
0.009811835
0.00981184
0.009811855
0.00980687
0.00980689
0.009806925
0.009811825
0.00981184
0.00981184
0.00981193
0.00981198
0.00981205
0.00981288
0.00981338
0.00981343
0.009839725
0.00981348
0.009819875
0.009824775
0.009824775
0.009824775
0.009824775
0.0098244
0.0098234
0.0098244
0.0098244
0.009824395
0.009824395
0.0098239
0.0098239
0.009823905
0.0098239
0.00979993
0.009799905
0.0098048
0.0098048
0.0098048
0.0098048
0.0098048
0.0098048
0.0098048
0.0098048
0.009799905
0.009804805
0.009804805
0.009804805
0.009804805
0.009804805
0.009804805
0.009804805
0.009804805
0.00979991
0.00979991
0.009804805
0.009804805
0.009804805
0.009804805
0.009804805
0.009804805
0.009804805
0.009804805
0.00979991
0.00979991
0.009804805
0.009804805
0.009804805
0.009804805
0.009804805
0.009804805
0.0098097
0.0098097
0.0098097
0.0098097
0.0098097
0.009809705
0.009823805
0.009853445
0.009853445
0.009853445
0.009853985
0.009853445
0.009853985
0.009853985
0.009858905
0.009858905
0.009858905
0.00985891
0.0098589
0.0098589
0.0098589
0.0098589
0.009853985
0.009853985
0.009858905
0.009858905
0.00983954
0.00984004
0.00983954
0.00982464
0.00983641
0.009853985
0.009853985
0.00985502
0.00985502
0.00985502
0.00985502
0.00985502
0.00985502
0.00985502
0.00984504
0.00985502
0.009857775
0.00985778
0.009857775
0.009867735
0.009867735
0.00984999
0.00984999
0.00984999
0.00984504
0.00984504
0.00984504
0.009845015
0.009844945
0.00984487
0.009844785
0.00984502
0.00984495
0.009841025
0.00984095
0.009840915
0.00984085
0.009840785
0.00984072
0.00984066
0.00984059
0.00984491
0.009844855
0.00983019
0.00983013
0.009849885
0.009830385
0.00984978
0.00987784
0.00987783
0.0098778
0.00987779
0.009877785
0.009877765
0.009877755
0.00987773
0.009877645
0.009877635
0.009877645
0.009877615
0.00985822
0.009853075
0.00985302
0.009810875
0.00981087
0.009810795
0.009830375
0.009830375
0.009830375
0.009830375
0.009830375
0.009830375
0.009830375
0.009830375
0.00983031
0.00983042
0.009830425
0.009815425
0.00981543
0.00981543
0.009815495
0.00983501
0.009835015
0.00984051
0.009843515
0.00984952
0.00987434
0.009871355
0.009871375
0.009871385
0.009871405
0.0098714
0.009871405
0.00989536
0.00989536
0.00989536
0.009874285
0.009874285
0.0098954
0.009874275
0.00987428
0.00987428
0.009879285
0.009879285
0.009858185
0.009858165
0.009874285
0.00987428
0.00987428
0.009874285
0.009879335
0.00987933
0.00987933
0.009879335
0.009879335
0.00987428
0.00987428
0.009853155
0.009853155
0.009853155
0.009853155
0.009853155
0.009853155
0.009853155
0.009853155
0.009874285
0.0098954
0.0098954
0.0098954
0.00990136
0.00989376
0.009893675
0.009893645
0.00989865
0.00991702
0.00992102
0.009921005
0.009920985
0.00989161
0.00989161
0.00989161
0.009891615
0.00987658
0.009876585
0.009876585
0.009876585
0.009876585
0.00987659
0.00987659
0.00987661
0.00987664
0.00987664
0.00987763
0.009877625
0.00987763
0.00987763
0.00987763
0.009877635
0.009877655
0.009877655
0.009877655
0.009877695
0.009878
0.009880005
0.009880005
0.009880005
0.009895445
0.00989549
0.009902285
0.009902425
0.00990293
0.009902955
0.009902955
0.009902955
0.009902955
0.009902955
0.009902955
0.009902955
0.00990295
0.00990295
0.00990295
0.00990295
0.00990295
0.00990295
0.00990295
0.00990295
0.00990294
0.00990294
0.009902935
0.00990294
0.00990294
0.0098981
0.0098981
0.0098981
0.0098981
0.00987017
0.00987017
0.00987017
0.009870145
0.009870145
0.009870145
0.009870145
0.009870145
0.009865165
0.00986162
0.00986162
0.00986162
0.00986162
0.00986162
0.00986162
0.009861675
0.00989328
0.00989326
0.009886605
0.009886605
0.009886575
0.00988648
0.009886355
0.00989326
0.009893265
0.00989326
0.00989326
0.00989326
0.00989326
0.009893265
0.009853155
0.009853155
0.009893135
0.009893135
0.009893135
0.00989315
0.00989313
0.00989313
0.00989799
0.00989776
0.009897675
0.00989752
0.0098973
0.009885515
0.009885515
0.00988059
0.009885505
0.009890355
0.00986794
0.00986794
0.009863015
0.009863015
0.009871185
0.00987119
0.00987119
0.00987119
0.00987119
0.009871185
0.009871185
0.009871185
0.00987117
0.00987119
0.00987119
0.009849975
0.009849975
0.009849975
0.009849975
0.009849975
0.009836575
0.009836575
0.009836575
0.009836575
0.009819525
0.009819525
0.0098361
0.0098361
0.0098361
0.0098361
0.0098361
0.009843475
0.009843475
0.009843475
0.009843695
0.009898625
0.00989863
0.00986435
0.009919015
0.00987736
0.00987781
0.009878275
0.0098787
0.00987913
0.009879545
0.00987968
0.009864715
0.009879545
0.009879445
0.009879335
0.00987974
0.00988015
0.009880645
0.00988111
0.00988153
0.009881935
0.009882385
0.00988283
0.00988327
0.00988355
0.009883525
0.00986712
0.00986712
0.00986712
0.00986712
0.009867215
0.009867275
0.009870215
0.00987035
0.009870545
0.00987068
0.00987068
0.009916505
0.00987077
0.00987077
0.00987077
0.00987077
0.00987079
0.009870975
0.00987119
0.00987119
0.0098712
0.009871405
0.009871665
0.00987191
0.00991641
0.00991641
0.00991641
0.00991641
0.00991641
0.00991641
0.00992805
0.00992805
0.00992805
0.00991641
0.00991641
0.00991641
0.00991641
0.009911545
0.00991154
0.009922445
0.009922445
0.009922445
0.009922445
0.009928045
0.00991641
0.009916405
0.009916405
0.0099164
0.00991641
0.00991641
0.00991641
0.00991641
0.00991641
0.00991641
0.0099032
0.0099032
0.0099032
0.009903205
0.009903205
0.009903195
0.00988806
0.00988818
0.0098882
0.00988821
0.009888225
0.009888425
0.00988867
0.009888905
0.00988913
0.009889335
0.00988955
0.00988965
0.00989045
0.009890665
0.00989077
0.009890675
0.009890675
0.00989067
0.00989718
0.00989068
0.009890685
0.00989068
0.00989067
0.009890665
0.00989066
0.009890655
0.00989063
0.00989063
0.00989063
0.00989063
0.009890625
0.009890455
0.009890355
0.0098903
0.009890295
0.009890265
0.009890265
0.009890265
0.009890135
0.00988989
0.009889835
0.0098896
0.009889395
0.00988914
0.009888975
0.00988946
0.00988946
0.009889665
0.00988967
0.00988893
0.009888895
0.009888475
0.00988848
0.009871645
0.00987036
0.00987037
0.00987034
0.00987033
0.00987033
0.009870325
0.009866835
0.009866645
0.009866385
0.009866355
0.009866255
0.00985746
0.00985746
0.00985746
0.009857445
0.009858355
0.009858505
0.009904995
0.009863605
0.00985867
0.009858865
0.009859265
0.00985974
0.009860165
0.009865185
0.009865215
0.00985835
0.00985835
0.009858465
0.009858485
0.009858495
0.00985863
0.00985914
0.00986423
0.009909995
0.009909995
0.009909995
0.00986438
0.00986438
0.00986438
0.009863365
0.009868515
0.00986877
0.009874035
0.009874315
0.009874325
0.009874345
0.00987468
0.00987468
0.00987472
0.009874955
0.009875255
0.00987555
0.00987927
0.00987957
0.00987972
0.00988923
0.009889225
0.009889225
0.009889225
0.009889225
0.00988922
0.00988922
0.00988922
0.00988922
0.00988922
0.009889135
0.0098794
0.009879145
0.009878815
0.00987855
0.00987827
0.009878015
0.009877735
0.009877515
0.009875565
0.009875565
0.009875545
0.009875505
0.0098754
0.00988012
0.00988034
0.0098768
0.009877675
0.00987774
0.00987792
0.009877975
0.00987797
0.009877965
0.00987796
0.009877975
0.009878065
0.009878115
0.009878125
0.009878125
0.00987826
0.00987826
0.00987826
0.009878265
0.009878265
0.009878265
0.00987826
0.00987826
0.00987826
0.00987826
0.009878255
0.00987827
0.00987827
0.00987827
0.00987827
0.00987828
0.009878265
0.00987825
0.009878175
0.00987812
0.0098774
0.0098773
0.009877205
0.00987712
0.009878485
0.009878505
0.009878525
0.009878475
0.0098785
0.00987864
0.009878695
0.00987866
0.009878855
0.009878745
0.009879015
0.00987909
0.00987911
0.00987913
0.00987915
0.00987951
0.009879475
0.00987951
0.009879535
0.009879575
0.009879595
0.0098797
0.009879335
0.00987937
0.00987937
0.009885505
0.0099215
0.0099215
0.0099215
0.0099215
0.0099215
0.0099215
0.0099215
0.009886325
0.009885845
0.009910505
0.0099105
0.0099105
0.0099215
0.0099215
0.0099215
0.0099215
0.0099215
0.00987856
0.00987856
0.00987856
0.00987856
0.00987856
0.00987856
0.00987856
0.00987862
0.00988872
0.00988875
0.00988877
0.00988879
0.00988881
0.009888835
0.00988887
0.00988888
0.0098889
0.009888905
0.009888905
0.00988899
0.009889235
0.009889495
0.00988967
0.0098898
0.009889905
0.00988995
0.009889215
0.009889475
0.00988976
0.009889875
0.009890075
0.00989034
0.009890495
0.0098906
0.00989063
0.00989074
0.009890945
0.0098912
0.00989139
0.0098915
0.009891675
0.009891775
0.00989189
0.00989699
0.00989717
0.009897265
0.009897415
0.00989803
0.009938055
0.009938055
0.009938055
0.00994313
0.00994313
0.00994313
0.00994313
0.00994313
0.00994313
0.00994313
0.00994313
0.00994313
0.00994313
0.009943125
0.009943125
0.00994312
0.009943125
0.00994313
0.00994313
0.00994313
0.00994313
0.009908675
0.009908545
0.00990845
0.009908345
0.009908225
0.00990813
0.009864195
0.009864195
0.009864195
0.009864195
0.009864195
0.009907505
0.00990752
0.00990732
0.00990728
0.0099073
0.00988216
0.00988216
0.00988216
0.00988217
0.00988217
0.00988217
0.00988217
0.00992757
0.00992757
0.00992757
0.00992757
0.00992757
0.00992757
0.00992757
0.00992757
0.00992757
0.00992757
0.00992757
0.00992257
0.00992257
0.00992257
0.00992258
0.0099226
0.0099226
0.009922605
0.009922625
0.009922625
0.009922625
0.00992263
0.00992263
0.00992264
0.00992264
0.00992264
0.00994815
0.00994815
0.00994815
0.00994815
0.00994815
0.00994815
0.00994815
0.00994815
0.00994815
0.00994815
0.00994815
0.00994815
0.00994815
0.00994815
0.00994815
0.00994815
0.00994815
0.00994815
0.00994815
0.00994815
0.00994815
0.009951575
0.009951575
0.009951575
0.009951575
0.009951575
0.00996
0.009964705
0.00996
0.00996
0.00996
0.00996
0.00996
0.00996
0.00996
0.00996
0.00996
0.00996
0.00996
0.00996
0.00996
0.009946575
0.009946575
0.009946575
0.009946575
0.009946575
0.009946575
0.009946575
0.009946585
0.00994658
0.00994659
0.0099466
0.00994658
0.00994659
0.00994659
0.00994659
0.00994659
0.009946595
0.009946595
0.0099466
0.0099516
0.0099516
0.0099516
0.0099516
0.0099516
0.0099516
0.0099516
0.009956605
0.009957165
0.009958865
0.009971605
0.01000474
0.010012105
0.010012105
0.01002539
0.010039645
0.010041505
0.010047055
0.01007197
0.010071975
0.010076385
0.010115555
0.010155
0.010170015
0.010215865
0.010215245
0.01022002
0.01022006
0.01026997
0.010251505
0.010251525
0.010252485
0.010244995
0.010242775
0.01019758
0.010133585
0.010178615
0.010178705
0.010189275
0.0101753
0.010164875
0.010164235
0.01015989
0.010169385
0.010200275
0.01019517
0.01019527
0.010195325
0.010195335
0.0102262
0.01022568
0.010225175
0.010185905
0.010199235
0.010150005
0.010150005
0.01019766
0.010197155
0.010150015
0.010150015
0.010150025
0.010150025
0.0101949
0.01016123
0.010161255
0.010161285
0.0101612
0.01016121
0.010174995
0.010174995
0.010175
0.010175
0.01018
0.01020112
0.010185895
0.01018564
0.01018538
0.010185145
0.010184985
0.0101847
0.01018445
0.01016421
0.01015916
0.010158895
0.010158615
0.01015834
0.010158075
0.01015807
0.010158425
0.010158865
0.01015933
0.01015982
0.010160275
0.0101579
0.010158295
0.010158535
0.010158755
0.010158615
0.01015838
0.010158135
0.01015294
0.010152925
0.010152855
0.010152835
0.010152815
0.01013374
0.010133235
0.010133235
0.010133235
0.01012875
0.010128745
0.01012874
0.010128735
0.01012873
0.010128725
0.010124965
0.01012948
0.01012948
0.01012948
0.0101295
0.0101297
0.0101297
0.0101297
0.0101297
0.0101297
0.0101297
0.010129705
0.010155385
0.010155395
0.01015042
0.01015542
0.010155335
0.01015517
0.010155355
0.010155355
0.010155325
0.01015576
0.010155765
0.01015584
0.01015587
0.010150815
0.010150795
0.010156575
0.010157015
0.01015751
0.01015775
0.01015775
0.01015785
0.01015807
0.010158495
0.010158885
0.0101593
0.010159385
0.010180005
0.010185005
0.010199975
0.01019998
0.010199965
0.010199975
0.01019998
0.010200065
0.010200015
0.010200035
0.010200125
0.01020017
0.010200225
0.010200245
0.010200285
0.010200295
0.01020031
0.010200345
0.01022428
0.01022428
0.010244775
0.010244775
0.010244775
0.010244775
0.01024475
0.01021975
0.01021978
0.01024475
0.010249555
0.010249555
0.01024953
0.01024953
0.01024953
0.01024953
0.01022006
0.01024057
0.01024109
0.010262385
0.010252855
0.010253295
0.010263695
0.010280025
0.010280045
0.010277475
0.01032742
0.010327425
0.01032743
0.010327435
0.01028026
0.01032744
0.010275285
0.01027533
0.01027543
0.010275475
0.010275725
0.010325
0.010325005
0.01032501
0.010330765
0.010335755
0.010335755
0.01033512
0.010340225
0.010340315
0.010340315
0.010340315
0.010340315
0.01034035
0.010340365
0.0103404
0.01034001
0.01034001
0.01034001
0.01034001
0.010340005
0.01033498
0.01033496
0.01030499
0.010305025
0.010289965
0.010289965
0.010289965
0.01028997
0.010289985
0.010275085
0.01027512
0.01027516
0.010267805
0.01026793
0.010300005
0.010300005
0.010300005
0.010305005
0.010335
0.01033845
0.01033846
0.01033846
0.01033846
0.01033846
0.01033848
0.01034754
0.0103504
0.010426545
0.01042659
0.01042659
0.01044102
0.01045093
0.010426665
0.010426665
0.010421215
0.01042453
0.010424535
0.010424635
0.010424665
0.010424705
0.0104236
0.01044653
0.010449895
0.01045023
0.010445325
0.01044547
0.010460795
0.01046122
0.01046152
0.0104617
0.01046203
0.01046251
0.01045781
0.010457855
0.010457865
0.010452765
0.010452525
0.01045232
0.01045225
0.01045412
0.010454165
0.01046517
0.010460275
0.01046997
0.01047012
0.010475215
0.01047542
0.010470455
0.010504995
0.01051
0.010509995
0.01051
0.010514965
0.010511845
0.010504995
0.010504995
0.010504995
0.010504995
0.010480115
0.01048403
0.010514
0.01050899
0.010513995
0.01052299
0.01051496
0.010514955
0.01049012
0.01049012
0.01049012
0.0104901
0.010484905
0.01048479
0.010484525
0.01048427
0.010479085
0.01046988
0.01041699
0.01039887
0.01038492
0.01038491
0.01036215
0.010362145
0.010362145
0.01036215
0.01036215
0.010377235
0.010377235
0.01037735
0.010392825
0.0104115
0.010411505
0.0104115
0.0104115
0.0104115
0.0104115
0.0104115
0.0104115
0.01041135
0.0104115
0.0104115
0.010411225
0.01041123
0.010394445
0.010394565
0.010394765
0.01039502
0.010396515
0.01038425
0.0103859
0.01040562
0.01040563
0.01040563
0.01040563
0.01040561
0.01040561
0.010405605
0.01040552
0.01040551
0.01040551
0.010405505
0.010405505
0.0103779
0.0103779
0.0103779
0.01037589
0.01036812
0.01036302
0.01038681
0.01038659
0.01038659
0.01038659
0.01034936
0.01034936
0.01034405
0.01034405
0.01034405
0.01034916
0.01034915
0.010354455
0.010354455
0.010390905
0.010390905
0.010390905
0.010390905
0.0103909
0.0103909
0.01039078
0.010390735
0.01039072
0.010390585
0.010390425
0.010390425
0.010390425
0.010390425
0.01039025
0.01037118
0.010366285
0.01036624
0.01036481
0.010364615
0.010364465
0.010364445
0.01036427
0.01036425
0.01036424
0.01036423
0.010364235
0.010364335
0.010364355
0.01036434
0.01036433
0.01036431
0.010364285
0.01036436
0.01036439
0.010364385
0.01036436
0.01040571
0.010364465
0.010364565
0.010364745
0.010364975
0.010365205
0.010365445
0.01036555
0.010365575
0.010365665
0.010365795
0.010365925
0.010366035
0.010366145
0.010366265
0.010366495
0.01040571
0.010405955
0.010405955
0.010405955
0.010401685
0.01040718
0.01040755
0.01048509
0.01048509
0.01048699
0.010486985
0.010410515
0.010392535
0.01041142
0.01041184
0.010412215
0.010412675
0.01041291
0.01041514
0.01041622
0.010418035
0.01044258
0.01044232
0.01044209
0.010441865
0.01044174
0.010441705
0.010445215
0.010439995
0.010380005
0.010380005
0.010380005
0.010380005
0.010374055
0.01037402
0.01037402
0.01034906
0.010374015
0.01037401
0.010374015
0.010374015
0.010374015
0.010374015
0.01041391
0.010413445
0.0104129
0.010403975
0.010403435
0.01040294
0.010398905
0.01039841
0.01039792
0.010402955
0.01040293
0.010402885
0.010402865
0.010402845
0.010402815
0.010402805
0.010402785
0.010402765
0.01040273
0.01040221
0.010407955
0.01040793
0.010407875
0.010413065
0.010422845
0.010422825
0.010422825
0.010422825
0.010422825
0.010422825
0.010422815
0.010422815
0.010422775
0.010427955
0.010427955
0.010427955
0.010390195
0.01039436
0.01039436
0.010394355
0.01038916
0.010408515
0.010408515
0.01040851
0.01040849
0.010408325
0.010408265
0.010408765
0.01040902
0.010409015
0.010409015
0.01040902
0.010409025
0.010409025
0.010409045
0.010409045
0.01040908
0.01040908
0.01040912
0.01041017
0.010413525
0.010413755
0.010416035
0.010416055
0.01041607
0.010416525
0.01041655
0.01041657
0.010416575
0.01042352
0.01042352
0.01044779
0.0104478
0.0104478
0.010458375
0.010463595
0.010458375
0.010458375
0.010458375
0.010458375
0.01042791
0.01042814
0.01042833
0.010428585
0.010428825
0.01043751
0.010459705
0.01053066
0.010471695
0.010471985
0.010476775
0.0104824
0.01048294
0.01048328
0.010483635
0.010485245
0.01049001
0.01049004
0.010490095
0.010539995
0.01049058
0.01049084
0.010496165
0.01055652
0.010575055
0.010613355
0.010621135
0.010629995
0.01059971
0.010600065
0.01064429
0.01064429
0.010648745
0.010648895
0.01064015
0.01064015
0.01064015
0.01064015
0.01064015
0.010654325
0.01065433
0.010630215
0.010659805
0.01072504
0.010729995
0.010729995
0.01073004
0.01071999
0.010680145
0.010679135
0.01067934
0.01067702
0.010684345
0.010684445
0.01068454
0.01068454
0.010684435
0.010684175
0.01068361
0.010679215
0.01067895
0.01067872
0.01067849
0.010669585
0.01065544
0.0105695
0.010540235
0.01053997
0.01053975
0.010539365
0.01051149
0.010454585
0.01052358
0.01052397
0.010524455
0.010524905
0.01052536
0.01052548
0.01052558
0.01052568
0.01052618
0.010526415
0.010526775
0.010527055
0.01052693
0.010527095
0.01052698
0.010516935
0.010476005
0.01051238
0.01051187
0.01047485
0.010462395
0.01049853
0.01046831
0.010428555
0.01042861
0.010418705
0.0104237
0.010430045
0.01049774
0.010499065
0.01047459
0.010513785
0.01044687
0.01044687
0.01051352
0.010508135
0.01050779
0.010507535
0.010507885
0.010567235
0.01050926
0.01050128
0.010509195
0.0105095
0.010509965
0.01051005
0.01051442
0.010514185
0.010527375
0.01052599
0.01052579
0.0105308
0.010527685
0.010522215
0.01051941
0.01051918
0.01050071
0.01046611
0.01046613
0.01040338
0.010403385
0.010403385
0.01043798
0.01043416
0.01043201
0.010431535
0.010404235
0.010404245
0.010428035
0.01035433
0.010354655
0.01035352
0.01034839
0.01032663
0.0103167
0.010302935
0.010302935
0.01027825
0.01028648
0.010294385
0.010294345
0.010299395
0.01033125
0.01035452
0.010416625
0.010416625
0.010416625
0.010416625
0.010362085
0.01036234
0.010363025
0.01036341
0.010430125
0.01037105
0.010364655
0.010365085
0.010430125
0.010430125
0.010430125
0.010430985
0.010430975
0.01043097
0.01037424
0.010379055
0.010379385
0.010379825
0.010380155
0.010441555
0.01045906
0.010474195
0.010500915
0.010500915
0.010500915
0.01051972
0.010519715
0.010519705
0.010515855
0.010515825
0.01051585
0.01050086
0.01050086
0.010500865
0.010500885
0.010502165
0.010502175
0.01050217
0.010502135
0.010501855
0.010501575
0.010458
0.010457985
0.01040459
0.01040439
0.01040425
0.010404135
0.0104295
0.010434515
0.010434495
0.0103894
0.01038982
0.0103953
0.010395715
0.01040114
0.010401585
0.010402025
0.010402505
0.01041841
0.010423565
0.01042355
0.010423555
0.01042355
0.01042355
0.010423545
0.01045899
0.010458985
0.010458985
0.010423675
0.01042373
0.010423795
0.01042383
0.01042385
0.0104238
0.010423845
0.01042385
0.010423865
0.01042403
0.01042415
0.010424295
0.010424545
0.010424775
0.01042534
0.0104295
0.01043035
0.010430785
0.01043125
0.010431745
0.010432175
0.01043259
0.010468055
0.01046851
0.010469065
0.010517935
0.01051797
0.01051797
0.01051342
0.010513405
0.010483405
0.01049732
0.01049729
0.010497215
0.01050357
0.010496705
0.010496485
0.010478885
0.0104734
0.010473405
0.010473405
0.010472455
0.010463355
0.01046321
0.01046299
0.010462765
0.01044279
0.010415765
0.01039301
0.010399055
0.01039907
0.010398855
0.010389755
0.010300505
0.010273495
0.01027659
0.01025959
0.010259575
0.010198
0.01019501
0.010159935
0.010162995
0.01015383
0.010153495
0.01012463
0.010092645
0.010106
0.010162965
0.010219225
0.010179815
0.010180005
0.0101802
0.01021708
0.010216835
0.01021759
0.010217355
0.01022035
0.010222365
0.010221935
0.01028285
0.01022341
0.010223805
0.010225715
0.010230905
0.010230265
0.0102301
0.010229905
0.01022972
0.010229545
0.01022925
0.010228095
0.01022507
0.01022481
0.010224695
0.010180515
0.010180515
0.010180515
0.01022428
0.010224285
0.0102242
0.01022411
0.010229045
0.010228825
0.010218475
0.01021824
0.01021798
0.01021777
0.0102175
0.01018525
0.01018525
0.01018025
0.01018025
0.01018525
0.010185255
0.010185255
0.010185505
0.010185505
0.010215175
0.010230555
0.010230555
0.010230565
0.010230565
0.010230565
0.010231065
0.010235555
0.01023106
0.010231115
0.01023112
0.01023112
0.01023112
0.010240695
0.0102405
0.010255865
0.010260885
0.01026082
0.0102402
0.01025011
0.01025006
0.01024993
0.01025081
0.010250665
0.010222695
0.010222485
0.01022223
0.010222035
0.01022183
0.010221725
0.010221585
0.010221415
0.010216185
0.010216055
0.01021281
0.01015895
0.01015895
0.010158955
0.01015895
0.01013254
0.01013294
0.01013338
0.01013382
0.01013426
0.0101347
0.01013886
0.010139045
0.010139095
0.01013921
0.010139255
0.01020303
0.010202495
0.010202
0.01020148
0.010200995
0.010200455
0.01019994
0.010190825
0.010190325
0.01018976
0.01018922
0.010188965
0.010188695
0.010188475
0.010188345
0.01018818
0.010187905
0.01018762
0.01018735
0.01018705
0.01016893
0.01018588
0.01012718
0.01012703
0.01012462
0.01012439
0.01012414
0.010123885
0.01008892
0.010093645
0.0100934
0.01009335
0.010098705
0.010103925
0.01010404
0.01010421
0.01012841
0.01012842
0.01012842
0.01012992
0.010129915
0.010129915
0.01012987
0.010129905
0.01012989
0.0100814
0.0100664
0.0100664
0.01010538
0.010105255
0.010123735
0.01010492
0.01012337
0.01008096
0.01008092
0.010080965
0.01005695
0.010075805
0.010084795
0.01007577
0.010075745
0.010075745
0.010075735
0.01007569
0.010075515
0.0100459
0.009974985
0.00997165
0.00995267
0.009971665
0.009970845
0.00997058
0.00993599
0.009936
0.009951245
0.00995621
0.00995635
0.0099176
0.0099176
0.009917795
0.009917795
0.009912295
0.009912295
0.00990199
0.009945395
0.00994537
0.009945255
0.00994906
0.0099491
0.00994911
0.00994911
0.00995409
0.009955
0.00995499
0.009954985
0.009955
0.009955
0.009955
0.00996
0.009949995
0.009926
0.009955695
0.00994962
0.009944575
0.00994451
0.00994441
0.009944295
0.00994445
0.009944555
0.00994448
0.0099444
0.00994428
0.00994411
0.009944
0.00994388
0.009943565
0.00994347
0.00994331
0.00994309
0.009942965
0.00994285
0.009942715
0.009942585
0.009942435
0.00994227
0.009942255
0.00994218
0.00993996
0.0099301
0.0099301
0.0099301
0.009930125
0.009939745
0.009939755
0.009939775
0.00993983
0.009942305
0.009942275
0.009942265
0.009942255
0.009942235
0.00994222
0.0099422
0.00994219
0.009942165
0.00990017
0.00990021
0.00990026
0.009941755
0.009941985
0.009940525
0.009940485
0.00994046
0.00994044
0.009940405
0.00994036
0.00994031
0.00994027
0.00994029
0.009940325
0.00994046
0.00994553
0.009976815
0.00997728
0.00997776
0.009979405
0.0100259
0.01002591
0.01002591
0.01002591
0.01002591
0.01002591
0.010025905
0.010025905
0.01002591
0.01002591
0.010025925
0.01002596
0.010026025
0.010033585
0.01003854
0.01004892
0.01010309
0.01010311
0.010102985
0.010102895
0.010055345
0.010055365
0.010060315
0.010060185
0.010060065
0.010059935
0.01005969
0.01005951
0.0100594
0.01005928
0.01005915
0.01005895
0.01005885
0.010058695
0.010058465
0.010058215
0.01005028
0.01004995
0.010044655
0.0100394
0.01000915
0.01000412
0.0099892
0.009979985
0.00997499
0.00997499
0.0099749
0.009974895
0.009974815
0.009974705
0.00995
0.009934525
0.009934555
0.00993448
0.009934365
0.009934665
0.00997998
0.00993538
0.00993591
0.009936485
0.009937025
0.009965
0.009975025
0.009989995
0.009990005
0.00999001
0.00994782
0.009948225
0.00994879
0.009948855
0.00994901
0.009949435
0.009949835
0.00995024
0.009950195
0.009950205
0.00995019
0.009951545
0.009951885
0.00995226
0.009952625
0.009980965
0.009980965
0.009980965
0.00999997
0.009999975
0.009980845
0.00998084
0.009980845
0.00995303
0.00995334
0.00995368
0.00995418
0.009954845
0.01002635
0.00998168
0.00998175
0.00998182
0.00998182
0.009981335
0.00998088
0.00991335
0.00991335
0.00991335
0.00991335
0.00990515
0.009946165
0.009942525
0.0098871
0.0098851
0.009879995
0.009874685
0.009832885
0.00982388
0.009876605
0.00987609
0.009875535
0.00982601
0.0098177
0.00987379
0.00987336
0.009818135
0.00981813
0.009813615
0.00979598
0.009749995
0.009749755
0.00974083
0.00971018
0.009710035
0.009714395
0.00974976
0.00977955
0.009779535
0.009779535
0.009779895
0.009782635
0.009782855
0.009784525
0.009830265
0.009829775
0.009829365
0.00982888
0.009823505
0.00982305
0.009822535
0.009821935
0.00982134
0.009824415
0.00982381
0.00981834
0.00981771
0.00981716
0.00981662
0.009816155
0.00981705
0.00981657
0.009816025
0.00981597
0.0098155
0.00981434
0.00981384
0.009816435
0.009817065
0.00983159
0.00983159
0.009863925
0.009864075
0.009864075
0.00983392
0.00983786
0.009837845
0.009837845
0.009837825
0.009837805
0.00983761
0.009824865
0.00982459
0.00976839
0.009759895
0.00974421
0.00973946
0.00969736
0.009609845
0.009570775
0.00957566
0.009384855
0.009267285
0.00927991
0.009383875
0.00938438
0.009385055
0.00941973
0.009429695
0.009345745
0.0093461
0.00934654
0.009346555
0.009346415
0.00943231
0.00943176
0.00935623
0.009430755
0.00943032
0.009340475
0.00934001
0.00934887
0.00940659
0.00941109
0.009433935
0.009482765
0.00953183
0.00953177
0.0095313
0.00952619
0.009526035
0.009525775
0.0095255
0.009469975
0.009469405
0.009463945
0.00946337
0.009450455
0.009361855
0.009353695
0.009285785
0.00926536
0.00926553
0.00926603
0.00926658
0.00936117
0.00936118
0.00945193
0.00945967
0.00945972
0.009459445
0.009459215
0.009459225
0.009459455
0.0094798
0.009474825
0.009474885
0.00947487
0.00952268
0.00952277
0.00952277
0.009522765
0.009477245
0.009477285
0.009470255
0.009469965
0.009469885
0.00946978
0.00945735
0.00945754
0.00945404
0.009453755
0.00945318
0.00945276
0.00945238
0.009451935
0.00945171
0.00945146
0.009459615
0.009501315
0.009590875
0.009502505
0.009552615
0.00955274
0.009557575
0.00955769
0.00960235
0.009637905
0.00960245
0.009534
0.009534105
0.00953065
0.00951384
0.00950112
0.00950068
0.009500625
0.00950062
0.009500605
0.00957804
0.0095506
0.009550715
0.009550835
0.009551075
0.009551465
0.009551675
0.00955174
0.009551785
0.009551815
0.00955181
0.00955165
0.009551645
0.00952593
0.009551915
0.00955166
0.00955456
0.00955445
0.00955436
0.00955013
0.009501305
0.009501305
0.009501305
0.00949579
0.00949579
0.00949579
0.009495795
0.009490015
0.009495805
0.009495795
0.009494305
0.009495795
0.00950015
0.009495795
0.009495795
0.009495795
0.009495795
0.009498675
0.009495795
0.009495795
0.00949576
0.009495625
0.00949549
0.00949539
0.00949528
0.009495155
0.00949511
0.009495045
0.009495805
0.009495805
0.00950077
0.009500775
0.009505575
0.00950558
0.00951289
0.00950559
0.00951849
0.009518495
0.00951291
0.009512915
0.009513115
0.009536765
0.00954447
0.009544975
0.00954514
0.009553015
0.009555035
0.009554955
0.009554795
0.00955457
0.00955449
0.009557065
0.00956516
0.009528235
0.00952814
0.009528035
0.00952791
0.009527805
0.009527715
0.009514815
0.00951405
0.00950499
0.009504985
0.00950498
0.009504975
0.009499995
0.009499995
0.009499995
0.009499995
0.009503325
0.009503325
0.009503325
0.009507415
0.009507415
0.009507415
0.009494995
0.009494995
0.009494995
0.009494995
0.009494995
0.009494995
0.009494995
0.009494995
0.00949499
0.00946346
0.00946325
0.009448645
0.009388305
0.009371255
0.009341205
0.00937101
0.009376385
0.009336205
0.009331135
0.009331125
0.00932255
0.009331185
0.00934947
0.00935707
0.009357145
0.009357665
0.00933011
0.009330425
0.00933574
0.00933545
0.00933531
0.00933471
0.00933416
0.00933083
0.009330505
0.00933094
0.009330365
0.009329765
0.009334205
0.009333625
0.00932244
0.009321855
0.009262495
0.009218635
0.009183335
0.00915077
0.009094345
0.009076095
0.00907701
0.009077035
0.00907825
0.009089165
0.00913624
0.00913559
0.00913297
0.009132735
0.00913273
0.00913405
0.009138725
0.00915289
0.009172805
0.009161305
0.00916598
0.009174985
0.00914984
0.00914963
0.0091749
0.00917472
0.009125505
0.0091255
0.009116645
0.00911645
0.00911381
0.00907624
0.00907624
0.009076
0.0090196
0.009023535
0.00894401
0.008898105
0.0088732
0.008805
0.00869985
0.00868911
0.00875264
0.00879371
0.00890871
0.008951895
0.008952835
0.008952665
0.00895237
0.008946055
0.008921755
0.00892211
0.008921155
0.00892119
0.00892145
0.008921695
0.008922025
0.008922425
0.008941535
0.0089421
0.00895285
0.00904707
0.009048725
0.00904873
0.00904874
0.009048735
0.00904498
0.009058735
0.009144835
0.0091446
0.009100235
0.00910036
0.009094645
0.009105125
0.009105325
0.00910566
0.009106025
0.00910645
0.00910915
0.009109505
0.00910946
0.00911914
0.00911581
0.009115495
0.00911526
0.009110675
0.00912445
0.009125555
0.00913805
0.00913405
0.00913405
0.009134015
0.00913847
0.00913844
0.0091384
0.00914834
0.00914879
0.00914934
0.009182235
0.00917221
0.00916449
0.00916443
0.00916432
0.00916341
0.009147145
0.009147145
0.00914715
0.009132115
0.009125495
0.00913402
0.009131785
0.00912589
0.009125855
0.009125825
0.00912568
0.009130025
0.00912283
0.009116795
0.009100645
0.009100925
0.00910069
0.009046325
0.00900952
0.009009375
0.00900927
0.0090092
0.00900896
0.00900881
0.00900866
0.009008575
0.009008385
0.009008075
0.00900777
