7.4
7.15
7.15
7.15
7.2
7.15
7.15
7.25
7.35
7.5
7.45
7.15
7.25
7.55
7.2
7.15
7.45
7.45
7.15
7.4
7.5
7.7
7.9
7.75
7.85
7.85
7.9
7.95
8.05
7.95
7.9
7.85
7.7
7.8
7.65
7.75
7.75
7.7
7.85
8.0
8.1
8.3
8.1
7.51
7.71
8.11
8.0
7.9
7.55
7.56
7.63
7.44
7.43
7.47
7.5
7.59
7.55
7.61
7.66
7.68
7.76
7.61
7.84
8.06
7.94
8.06
8.15
8.04
8.14
8.29
8.3
8.12
8.34
8.08
8.34
8.44
8.42
8.7
8.65
9.09
9.42
9.45
9.17
9.39
9.49
9.44
9.24
8.69
8.34
7.91
7.62
7.5
7.47
7.35
6.45
5.86
5.51
5.47
5.5
5.43
5.46
5.5
5.53
5.51
5.47
5.46
5.43
5.41
5.35
5.36
5.33
5.42
5.4
5.38
5.39
5.27
5.26
5.38
5.36
5.42
5.46
5.49
5.48
5.51
5.5
5.49
5.5
5.37
5.41
5.43
5.37
5.5
5.5
5.45
5.47
5.5
5.5
5.5
5.5
5.28
5.55
5.54
5.65
5.69
5.67
5.72
5.89
5.87
5.98
6.01
5.98
6.0
5.96
6.02
5.95
5.97
5.92
5.98
6.04
6.03
6.02
5.83
6.04
6.02
6.03
6.07
6.09
6.05
6.1
6.06
6.1
6.09
6.07
6.1
6.09
6.05
6.03
6.01
6.08
6.13
6.1
6.08
6.07
6.06
6.1
6.09
6.05
6.07
6.08
6.14
6.13
6.14
6.17
6.12
6.06
6.04
6.05
6.1
6.01
5.43
5.96
5.93
5.91
5.97
6.09
6.11
6.2
6.13
6.15
5.94
5.92
5.87
5.88
5.61
5.65
5.5
5.5
5.48
5.46
5.28
5.2
5.14
4.87
4.95
5.02
5.13
5.15
5.2
5.2
5.05
5.02
5.18
5.3
5.3
5.16
5.07
5.25
5.08
5.1
5.06
4.82
4.97
5.02
5.14
5.09
5.18
5.33
5.51
5.65
5.84
5.9
5.82
