87.730003
88.459999
87.839996
88.220001
87.480003
87.379997
86.970001
87.300003
87.330002
86.75
86.0
86.400002
86.599998
87.279999
87.879997
87.160004
87.989998
88.959999
87.690002
86.629997
85.739998
85.330002
86.919998
87.300003
87.949997
86.550003
85.760002
85.730003
85.480003
85.199997
84.629997
85.139999
85.110001
81.610001
80.629997
79.279999
77.839996
76.190002
74.169998
73.800003
72.190002
73.800003
74.360001
75.199997
74.919998
74.790001
75.139999
75.779999
76.050003
76.5
76.889999
77.639999
74.410004
73.529999
72.919998
72.620003
72.860001
74.379997
74.150002
75.309998
75.599998
76.290001
76.699997
76.230003
75.449997
76.839996
76.760002
76.0
74.440002
74.769997
74.010002
73.260002
72.949997
72.480003
73.93
73.440002
74.830002
75.75
75.139999
75.959999
75.839996
77.279999
77.879997
77.269997
75.43
75.980003
76.040001
74.459999
75.199997
76.050003
76.029999
74.480003
73.089996
72.139999
72.050003
71.669998
73.370003
73.629997
74.150002
70.790001
88.769997
87.300003
87.389999
87.309998
86.669998
86.220001
88.059998
87.120003
87.57
86.889999
87.519997
86.760002
87.230003
87.07
87.849998
87.599998
86.150002
86.290001
85.349998
85.330002
85.980003
84.75
84.43
83.860001
83.32
84.360001
85.089996
85.139999
84.309998
82.650002
83.160004
84.389999
87.43
87.480003
88.599998
88.580002
87.940002
88.370003
88.589996
88.610001
88.190002
89.360001
90.629997
89.690002
90.029999
89.610001
89.300003
89.769997
88.559998
87.029999
88.440002
88.290001
88.300003
88.349998
86.900002
87.050003
85.800003
85.879997
86.879997
88.050003
87.220001
88.709999
87.559998
87.989998
87.169998
85.360001
86.0
87.129997
87.480003
87.110001
87.0
87.5
87.910004
86.959999
84.720001
85.900002
84.730003
85.470001
86.559998
86.870003
87.199997
86.860001
87.339996
86.5
86.410004
86.910004
86.809998
86.769997
86.150002
86.580002
86.889999
86.940002
87.769997
86.209999
85.209999
84.050003
82.769997
82.120003
82.260002
81.980003
79.43
79.07
78.230003
78.260002
77.330002
77.239998
79.160004
80.550003
79.949997
82.080002
80.75
81.690002
77.910004
83.760002
87.25
86.309998
85.559998
84.57
84.470001
83.019997
83.160004
84.169998
82.870003
83.830002
83.519997
84.57
84.260002
84.75
85.160004
89.120003
88.980003
86.650002
89.550003
90.230003
86.800003
85.900002
89.370003
89.120003
87.239998
84.150002
86.870003
86.68
85.660004
87.489998
88.199997
90.989998
88.360001
89.040001
90.959999
94.550003
91.989998
89.290001
