22.440001
22.290001
22.93
22.780001
25.059999
18.73
19.18
19.620001
20.24
18.82
18.34
18.209999
18.48
18.299999
18.620001
18.219999
18.120001
18.98
18.58
17.940001
17.32
17.99
18.77
18.34
19.200001
18.93
18.24
18.799999
19.32
19.030001
18.75
18.59
18.83
18.25
17.98
18.370001
16.25
18.65
17.65
17.040001
17.73
18.32
18.18
20.030001
20.01
19.959999
19.76
19.5
19.23
19.620001
19.190001
20.34
20.469999
20.690001
20.969999
20.459999
21.059999
21.940001
21.32
21.68
22.879999
22.540001
22.690001
22.709999
22.690001
23.280001
23.26
22.879999
23.200001
23.719999
23.799999
23.48
23.08
23.6
23.030001
22.49
21.610001
21.950001
21.49
22.65
22.549999
21.34
21.030001
20.860001
20.360001
20.59
20.379999
20.16
19.799999
20.41
20.049999
19.219999
19.59
20.120001
23.690001
26.610001
27.690001
27.610001
26.530001
25.370001
26.5
26.75
27.6
27.77
27.26
26.92
26.68
25.959999
25.92
25.93
25.15
24.74
24.200001
23.93
23.610001
22.450001
22.77
22.51
22.5
22.65
23.83
23.82
24.27
23.950001
24.219999
23.66
23.809999
23.6
23.91
23.84
22.5
23.15
24.41
23.84
23.809999
24.120001
24.190001
25.07
25.360001
25.379999
26.09
26.379999
26.84
27.120001
27.02
28.190001
27.0
28.049999
27.16
27.48
27.5
26.290001
26.59
26.959999
26.620001
26.110001
25.719999
25.91
24.59
25.16
23.73
22.440001
23.4
23.780001
23.469999
21.799999
21.889999
22.26
23.34
24.450001
23.76
24.559999
24.68
25.120001
25.530001
25.51
25.059999
24.91
24.190001
24.27
23.98
23.92
24.08
23.67
23.27
23.66
23.299999
24.17
22.48
22.190001
21.290001
20.4
20.200001
19.709999
19.01
20.27
28.620001
29.389999
28.84
28.5
27.43
27.66
28.01
30.51
29.440001
28.200001
28.99
28.950001
30.51
29.709999
30.75
31.639999
30.200001
28.17
27.790001
28.23
28.85
28.0
30.040001
29.700001
29.200001
31.42
31.0
29.84
28.959999
30.07
29.049999
29.09
30.969999
33.52
33.529999
33.779999
33.810001
33.029999
32.330002
33.490002
35.639999
36.509998
36.93
35.490002
35.32
34.900002
37.259998
38.029999
37.470001
40.529999
38.619999
42.419998
43.57
45.709999
48.16
47.93
