21.35
21.41
21.959999
21.889999
21.93
21.73
21.41
20.99
21.120001
20.549999
20.93
21.02
22.24
22.450001
24.690001
24.860001
24.59
24.75
25.290001
24.709999
25.0
24.35
24.83
25.440001
25.68
25.76
25.07
25.24
24.01
23.25
24.01
23.959999
23.0
22.129999
22.059999
22.98
21.52
22.59
21.860001
21.74
21.66
22.110001
22.09
23.139999
23.33
22.68
23.049999
23.440001
24.17
25.24
25.030001
25.5
25.34
25.98
27.290001
27.82
27.34
27.360001
27.379999
27.02
26.799999
26.66
26.67
26.110001
25.129999
25.25
25.0
27.139999
26.92
28.01
28.780001
27.51
26.92
26.91
26.639999
25.459999
25.98
27.440001
27.17
28.030001
27.110001
27.1
26.83
26.6
26.299999
26.68
26.639999
26.9
26.66
26.41
26.610001
26.26
26.559999
26.68
26.370001
25.959999
25.379999
23.879999
24.219999
24.25
24.58
25.129999
25.5
25.290001
23.99
23.16
22.959999
23.32
22.15
21.290001
21.09
20.91
21.74
21.549999
21.280001
22.049999
21.91
21.9
21.9
22.26
22.700001
22.530001
22.709999
22.299999
22.190001
21.690001
22.58
22.040001
22.5
22.82
20.950001
21.969999
22.99
22.629999
22.809999
22.48
22.209999
21.17
21.549999
21.190001
21.25
20.58
21.91
20.84
21.43
20.610001
20.860001
20.83
20.85
20.25
19.719999
19.34
19.07
18.450001
18.58
18.620001
18.780001
18.719999
18.67
18.65
18.09
18.67
18.49
18.200001
17.42
18.190001
17.870001
16.42
16.389999
17.0
17.309999
17.57
17.469999
17.0
16.459999
16.92
16.6
16.889999
16.629999
16.18
15.73
15.78
15.96
16.66
15.4
15.62
14.61
14.28
13.93
13.81
13.77
13.96
13.53
13.32
12.89
12.38
11.99
12.47
12.69
12.82
12.99
13.08
12.41
11.39
11.47
10.66
10.45
10.12
10.71
9.56
9.96
10.3
9.64
9.16
8.97
8.84
8.76
8.97
9.21
8.5
9.01
9.69
9.07
9.68
9.45
9.12
9.47
9.58
9.78
10.25
10.8
10.26
10.78
11.67
10.73
10.05
9.99
9.19
9.63
9.63
8.57
8.48
9.17
9.14
9.32
9.49
9.6
10.33
9.7
9.84
10.68
11.03
