2.867e-05	3976.83996552
2.867e-05	3976.83996552
2.867e-05	3976.83996552
2.867e-05	3976.83996552
2.867e-05	3976.83996552
2.867e-05	3976.83996552
2.867e-05	3976.83996552
2.867e-05	3976.83996552
2.867e-05	3976.83996552
2.867e-05	3976.83996552
2.867e-05	3976.83996552
2.867e-05	3976.83996552
2.867e-05	3976.83996552
2.867e-05	3976.83996552
2.867e-05	3976.83996552
2.867e-05	3976.83996552
2.867e-05	3976.83996552
2.867e-05	3976.83996552
2.867e-05	3976.83996552
2.867e-05	3976.83996552
2.867e-05	3976.83996552
2.868e-05	941.84763258
2.868e-05	941.84763258
2.868e-05	941.84763258
2.87e-05	6699.93221823
2.87e-05	6699.93221823
2.87e-05	6699.93221823
2.872e-05	307.66623063
2.872e-05	307.66623063
2.872e-05	307.66623063
2.872e-05	307.66623063
2.872e-05	307.66623063
2.872e-05	307.66623063
2.875e-05	2528.0
2.875e-05	2528.0
2.875e-05	2528.0
2.875e-05	2528.0
2.875e-05	2528.0
2.875e-05	2528.0
2.875e-05	2528.0
2.875e-05	2528.0
2.875e-05	2528.0
2.884e-05	50.0
2.884e-05	50.0
2.884e-05	50.0
2.893e-05	3941.09926759
2.893e-05	3941.09926759
2.893e-05	3941.09926759
2.893e-05	3941.09926759
2.893e-05	3941.09926759
2.893e-05	3941.09926759
2.898e-05	10999.98
2.898e-05	10999.98
2.898e-05	10999.98
2.898e-05	10999.98
2.898e-05	10999.98
2.898e-05	10999.98
2.898e-05	10999.98
2.898e-05	10999.98
2.898e-05	10999.98
2.897e-05	3935.65763933
2.897e-05	3935.65763933
2.897e-05	3935.65763933
2.89e-05	35000.0
2.89e-05	35000.0
2.89e-05	35000.0
2.89e-05	35000.0
2.89e-05	35000.0
2.89e-05	35000.0
2.887e-05	17.90861581
2.887e-05	17.90861581
2.887e-05	17.90861581
2.882e-05	83413.024
2.882e-05	83413.024
2.882e-05	83413.024
2.897e-05	108045.029
2.897e-05	108045.029
2.897e-05	108045.029
2.88e-05	683.8809059
2.88e-05	683.8809059
2.88e-05	683.8809059
2.889e-05	3946.55596439
2.889e-05	3946.55596439
2.889e-05	3946.55596439
2.88e-05	100.0
2.88e-05	100.0
2.88e-05	100.0
2.872e-05	1000.0
2.872e-05	1000.0
2.872e-05	1000.0
2.875e-05	6641.52310825
2.875e-05	6641.52310825
2.875e-05	6641.52310825
2.879e-05	3960.26404346
2.879e-05	3960.26404346
2.879e-05	3960.26404346
2.878e-05	2675.7491322
2.878e-05	2675.7491322
2.878e-05	2675.7491322
2.877e-05	3963.01709459
2.877e-05	3963.01709459
2.877e-05	3963.01709459
2.877e-05	3963.01709459
2.877e-05	3963.01709459
2.877e-05	3963.01709459
2.863e-05	24646.758
2.863e-05	24646.758
2.863e-05	24646.758
2.88e-05	100.0
2.88e-05	100.0
2.88e-05	100.0
2.88e-05	100.0
2.88e-05	100.0
2.88e-05	100.0
2.88e-05	100.0
2.88e-05	100.0
2.88e-05	100.0
2.88e-05	100.0
2.88e-05	100.0
2.88e-05	100.0
2.88e-05	100.0
2.88e-05	100.0
2.88e-05	100.0
2.88e-05	100.0
2.88e-05	100.0
2.88e-05	100.0
2.88e-05	100.0
2.88e-05	100.0
2.88e-05	100.0
2.88e-05	100.0
2.88e-05	100.0
2.88e-05	100.0
2.88e-05	100.0
2.88e-05	100.0
2.88e-05	100.0
2.88e-05	100.0
2.88e-05	100.0
2.88e-05	100.0
2.88e-05	100.0
2.88e-05	100.0
2.88e-05	100.0
2.873e-05	1000.0
2.873e-05	1000.0
2.873e-05	1000.0
2.88e-05	100.0
2.88e-05	100.0
2.88e-05	100.0
2.88e-05	100.0
2.88e-05	100.0
2.88e-05	100.0
2.88e-05	100.0
2.88e-05	100.0
2.88e-05	100.0
2.88e-05	100.0
2.88e-05	100.0
2.88e-05	100.0
2.88e-05	100.0
2.88e-05	100.0
2.88e-05	100.0
2.872e-05	123723.746
2.872e-05	123723.746
2.872e-05	123723.746
2.872e-05	117041.166
2.872e-05	117041.166
2.872e-05	117041.166
2.879e-05	3960.26404346
2.879e-05	3960.26404346
2.879e-05	3960.26404346
2.868e-05	1770.0
2.868e-05	1770.0
2.868e-05	1770.0
2.87e-05	350.0
2.87e-05	350.0
2.87e-05	350.0
2.87e-05	350.0
2.87e-05	350.0
2.87e-05	350.0
2.87e-05	350.0
2.87e-05	350.0
2.87e-05	350.0
2.879e-05	1000.0
2.879e-05	1000.0
2.879e-05	1000.0
2.869e-05	3974.06768251
2.869e-05	3974.06768251
2.869e-05	3974.06768251
2.869e-05	3974.06768251
2.869e-05	3974.06768251
2.869e-05	3974.06768251
2.865e-05	1200.0
2.865e-05	1200.0
2.865e-05	1200.0
2.862e-05	61833.739
2.862e-05	61833.739
2.862e-05	61833.739
2.865e-05	1200.0
2.865e-05	1200.0
2.865e-05	1200.0
2.861e-05	15154.276
2.861e-05	15154.276
2.861e-05	15154.276
2.861e-05	15154.276
2.861e-05	15154.276
2.861e-05	15154.276
2.865e-05	1200.0
2.865e-05	1200.0
2.865e-05	1200.0
2.865e-05	1200.0
2.865e-05	1200.0
2.865e-05	1200.0
2.869e-05	3974.06768251
2.869e-05	3974.06768251
2.869e-05	3974.06768251
2.865e-05	1200.0
2.865e-05	1200.0
2.865e-05	1200.0
2.865e-05	1200.0
2.865e-05	1200.0
2.865e-05	1200.0
2.865e-05	1200.0
2.865e-05	1200.0
2.865e-05	1200.0
2.869e-05	3974.06768251
2.869e-05	3974.06768251
2.869e-05	3974.06768251
2.87e-05	350.0
2.87e-05	350.0
2.87e-05	350.0
2.865e-05	1200.0
2.865e-05	1200.0
2.865e-05	1200.0
2.864e-05	3981.00564984
2.864e-05	3981.00564984
2.864e-05	3981.00564984
2.865e-05	1200.0
2.865e-05	1200.0
2.865e-05	1200.0
2.868e-05	11419.449
2.868e-05	11419.449
2.868e-05	11419.449
2.865e-05	1200.0
2.865e-05	1200.0
2.865e-05	1200.0
2.864e-05	29615.235
2.864e-05	29615.235
2.864e-05	29615.235
2.864e-05	22849.798
2.864e-05	22849.798
2.864e-05	22849.798
2.865e-05	1200.0
2.865e-05	1200.0
2.865e-05	1200.0
2.864e-05	3981.00564984
2.864e-05	3981.00564984
2.864e-05	3981.00564984
2.864e-05	17843.628
2.864e-05	17843.628
2.864e-05	17843.628
2.864e-05	27931.043
2.864e-05	27931.043
2.864e-05	27931.043
2.864e-05	27931.043
2.864e-05	27931.043
2.864e-05	27931.043
2.859e-05	3987.96788427
2.859e-05	3987.96788427
2.859e-05	3987.96788427
2.86e-05	11257.5267132
2.86e-05	11257.5267132
2.86e-05	11257.5267132
2.86e-05	11257.5267132
2.86e-05	11257.5267132
2.86e-05	11257.5267132
2.858e-05	3989.36325442
2.858e-05	3989.36325442
2.858e-05	3989.36325442
2.858e-05	3989.36325442
2.858e-05	3989.36325442
2.858e-05	3989.36325442
2.858e-05	3989.36325442
2.858e-05	3989.36325442
2.858e-05	3989.36325442
2.858e-05	3989.36325442
2.858e-05	3989.36325442
2.858e-05	3989.36325442
2.85e-05	200.0
2.85e-05	200.0
2.85e-05	200.0
2.85e-05	200.0
2.85e-05	200.0
2.85e-05	200.0
2.858e-05	1798.02835858
2.858e-05	1798.02835858
2.858e-05	1798.02835858
2.857e-05	42357.3336014
2.857e-05	42357.3336014
2.857e-05	42357.3336014
2.855e-05	3993.55522982
2.855e-05	3993.55522982
2.855e-05	3993.55522982
2.858e-05	1798.02835858
2.858e-05	1798.02835858
2.858e-05	1798.02835858
2.858e-05	1798.02835858
2.858e-05	1798.02835858
2.858e-05	1798.02835858
2.858e-05	1798.02835858
2.858e-05	1798.02835858
2.858e-05	1798.02835858
2.858e-05	1798.02835858
2.858e-05	1798.02835858
2.858e-05	1798.02835858
2.858e-05	1798.02835858
2.858e-05	1798.02835858
2.858e-05	1798.02835858
2.859e-05	731.49227561
2.859e-05	731.49227561
2.859e-05	731.49227561
2.854e-05	3994.95451336
2.854e-05	3994.95451336
2.854e-05	3994.95451336
2.849e-05	4001.96566554
2.849e-05	4001.96566554
2.849e-05	4001.96566554
2.85e-05	6300.0
2.85e-05	6300.0
2.85e-05	6300.0
2.85e-05	300.0
2.85e-05	300.0
2.85e-05	300.0
2.85e-05	300.0
2.85e-05	300.0
2.85e-05	300.0
2.857e-05	108099.49
2.857e-05	108099.49
2.857e-05	108099.49
2.85e-05	300.0
2.85e-05	300.0
2.85e-05	300.0
2.847e-05	18485.051
2.847e-05	18485.051
2.847e-05	18485.051
2.85e-05	300.0
2.85e-05	300.0
2.85e-05	300.0
2.849e-05	4001.96566554
2.849e-05	4001.96566554
2.849e-05	4001.96566554
2.847e-05	4004.77702182
2.847e-05	4004.77702182
2.847e-05	4004.77702182
2.844e-05	4009.00147016
2.844e-05	4009.00147016
2.844e-05	4009.00147016
2.844e-05	4009.00147016
2.844e-05	4009.00147016
2.844e-05	4009.00147016
2.839e-05	62681.08
2.839e-05	62681.08
2.839e-05	62681.08
2.845e-05	1082.46565025
2.845e-05	1082.46565025
2.845e-05	1082.46565025
2.845e-05	1082.46565025
2.845e-05	1082.46565025
2.845e-05	1082.46565025
2.844e-05	11318.747
2.844e-05	11318.747
2.844e-05	11318.747
2.835e-05	4021.72845895
2.835e-05	4021.72845895
2.835e-05	4021.72845895
2.835e-05	4021.72845895
2.835e-05	4021.72845895
2.835e-05	4021.72845895
2.844e-05	4009.00147016
2.844e-05	4009.00147016
2.844e-05	4009.00147016
2.842e-05	8933.7290646
2.842e-05	8933.7290646
2.842e-05	8933.7290646
2.842e-05	7933.7290646
2.842e-05	7933.7290646
2.842e-05	7933.7290646
2.842e-05	7933.7290646
2.842e-05	7933.7290646
2.842e-05	7933.7290646
2.841e-05	4013.23484024
2.841e-05	4013.23484024
2.841e-05	4013.23484024
2.841e-05	4013.23484024
2.841e-05	4013.23484024
2.841e-05	4013.23484024
2.841e-05	4013.23484024
2.841e-05	4013.23484024
2.841e-05	4013.23484024
2.841e-05	4013.23484024
2.841e-05	4013.23484024
2.841e-05	4013.23484024
2.841e-05	4013.23484024
2.841e-05	4013.23484024
2.841e-05	4013.23484024
2.842e-05	7933.7290646
2.842e-05	7933.7290646
2.842e-05	7933.7290646
2.841e-05	4013.23484024
2.841e-05	4013.23484024
2.841e-05	4013.23484024
2.842e-05	7933.7290646
2.842e-05	7933.7290646
2.842e-05	7933.7290646
2.842e-05	7933.7290646
2.842e-05	7933.7290646
2.842e-05	7933.7290646
2.839e-05	4016.06205746
2.839e-05	4016.06205746
2.839e-05	4016.06205746
2.841e-05	4013.23484024
2.841e-05	4013.23484024
2.841e-05	4013.23484024
2.834e-05	37518.843
2.834e-05	37518.843
2.834e-05	37518.843
2.834e-05	37518.843
2.834e-05	37518.843
2.834e-05	37518.843
2.83e-05	4048.20338983
2.83e-05	4048.20338983
2.83e-05	4048.20338983
2.841e-05	4013.23484024
2.841e-05	4013.23484024
2.841e-05	4013.23484024
2.829e-05	18258.4351057
2.829e-05	18258.4351057
2.829e-05	18258.4351057
2.83e-05	4048.20338983
2.83e-05	4048.20338983
2.83e-05	4048.20338983
2.83e-05	4048.20338983
2.83e-05	4048.20338983
2.83e-05	4048.20338983
2.83e-05	4048.20338983
2.83e-05	4048.20338983
2.83e-05	4048.20338983
2.83e-05	4048.20338983
2.83e-05	4048.20338983
2.83e-05	4048.20338983
2.83e-05	4048.20338983
2.83e-05	4048.20338983
2.83e-05	4048.20338983
2.833e-05	4024.56766012
2.833e-05	4024.56766012
2.833e-05	4024.56766012
2.831e-05	100503.497
2.831e-05	100503.497
2.831e-05	100503.497
2.831e-05	100503.497
2.831e-05	100503.497
2.831e-05	100503.497
2.825e-05	3301.95007533
2.825e-05	3301.95007533
2.825e-05	3301.95007533
2.825e-05	3301.95007533
2.825e-05	3301.95007533
2.825e-05	3301.95007533
2.83e-05	30498.2033898
2.83e-05	30498.2033898
2.83e-05	30498.2033898
2.83e-05	30498.2033898
2.83e-05	30498.2033898
2.83e-05	30498.2033898
2.83e-05	30498.2033898
2.83e-05	30498.2033898
2.83e-05	30498.2033898
2.83e-05	30498.2033898
2.83e-05	30498.2033898
2.83e-05	30498.2033898
2.83e-05	30498.2033898
2.83e-05	30498.2033898
2.83e-05	30498.2033898
2.83e-05	30498.2033898
2.83e-05	30498.2033898
2.83e-05	30498.2033898
2.83e-05	30498.2033898
2.83e-05	30498.2033898
2.83e-05	30498.2033898
2.825e-05	3301.95007533
2.825e-05	3301.95007533
2.825e-05	3301.95007533
2.825e-05	3301.95007533
2.825e-05	3301.95007533
2.825e-05	3301.95007533
2.825e-05	3301.95007533
2.825e-05	3301.95007533
2.825e-05	3301.95007533
2.825e-05	3301.95007533
2.825e-05	3301.95007533
2.825e-05	3301.95007533
2.824e-05	169265.052364
2.824e-05	169265.052364
2.824e-05	169265.052364
2.824e-05	169265.052364
2.824e-05	169265.052364
2.824e-05	169265.052364
2.824e-05	161331.323299
2.824e-05	161331.323299
2.824e-05	161331.323299
2.824e-05	161331.323299
2.824e-05	161331.323299
2.824e-05	161331.323299
2.824e-05	162331.323299
2.824e-05	162331.323299
2.824e-05	162331.323299
2.824e-05	162331.323299
2.824e-05	162331.323299
2.824e-05	162331.323299
2.824e-05	162331.323299
2.824e-05	162331.323299
2.824e-05	162331.323299
2.824e-05	162331.323299
2.824e-05	162331.323299
2.824e-05	162331.323299
2.824e-05	162331.323299
2.824e-05	162331.323299
2.824e-05	162331.323299
2.824e-05	162331.323299
2.824e-05	162331.323299
2.824e-05	162331.323299
2.824e-05	162331.323299
2.824e-05	162331.323299
2.824e-05	162331.323299
2.824e-05	162331.323299
2.824e-05	162331.323299
2.824e-05	162331.323299
2.824e-05	162331.323299
2.824e-05	162331.323299
2.824e-05	162331.323299
2.822e-05	2159.52314353
2.822e-05	2159.52314353
2.822e-05	2159.52314353
2.824e-05	162331.323299
2.824e-05	162331.323299
2.824e-05	162331.323299
2.824e-05	162331.323299
2.824e-05	162331.323299
2.824e-05	162331.323299
2.822e-05	2159.52314353
2.822e-05	2159.52314353
2.822e-05	2159.52314353
2.824e-05	162331.323299
2.824e-05	162331.323299
2.824e-05	162331.323299
2.823e-05	103614.155
2.823e-05	103614.155
2.823e-05	103614.155
2.822e-05	2159.52314353
2.822e-05	2159.52314353
2.822e-05	2159.52314353
2.822e-05	2159.52314353
2.822e-05	2159.52314353
2.822e-05	2159.52314353
2.822e-05	2159.52314353
2.822e-05	2159.52314353
2.822e-05	2159.52314353
2.822e-05	2159.52314353
2.822e-05	2159.52314353
2.822e-05	2159.52314353
2.821e-05	6209.79890287
2.821e-05	6209.79890287
2.821e-05	6209.79890287
2.821e-05	6209.79890287
2.821e-05	6209.79890287
2.821e-05	6209.79890287
2.821e-05	6209.79890287
2.821e-05	6209.79890287
2.821e-05	6209.79890287
2.821e-05	6209.79890287
2.821e-05	6209.79890287
2.821e-05	6209.79890287
2.821e-05	6209.79890287
2.821e-05	6209.79890287
2.821e-05	6209.79890287
2.821e-05	6209.79890287
2.821e-05	6209.79890287
2.821e-05	6209.79890287
2.821e-05	6209.79890287
2.821e-05	6209.79890287
2.821e-05	6209.79890287
2.821e-05	6209.79890287
2.821e-05	6209.79890287
2.821e-05	6209.79890287
2.821e-05	6209.79890287
2.821e-05	6209.79890287
2.821e-05	6209.79890287
2.821e-05	6209.79890287
2.821e-05	6209.79890287
2.821e-05	6209.79890287
2.821e-05	6209.79890287
2.821e-05	6209.79890287
2.821e-05	6209.79890287
2.821e-05	6209.79890287
2.821e-05	6209.79890287
2.821e-05	6209.79890287
2.821e-05	113281.042903
2.821e-05	113281.042903
2.821e-05	113281.042903
2.816e-05	4048.86370069
2.816e-05	4048.86370069
2.816e-05	4048.86370069
2.817e-05	131838.330506
2.817e-05	131838.330506
2.817e-05	131838.330506
2.8e-05	85111.79
2.8e-05	85111.79
2.8e-05	85111.79
2.804e-05	40968.641
2.804e-05	40968.641
2.804e-05	40968.641
2.817e-05	131838.330506
2.817e-05	131838.330506
2.817e-05	131838.330506
2.802e-05	30052.488
2.802e-05	30052.488
2.802e-05	30052.488
2.793e-05	104613.003545
2.793e-05	104613.003545
2.793e-05	104613.003545
2.799e-05	26450.0
2.799e-05	26450.0
2.799e-05	26450.0
2.804e-05	4066.19122009
2.804e-05	4066.19122009
2.804e-05	4066.19122009
2.804e-05	4066.19122009
2.804e-05	4066.19122009
2.804e-05	4066.19122009
2.801e-05	33535.24
2.801e-05	33535.24
2.801e-05	33535.24
2.805e-05	26300.1231904
2.805e-05	26300.1231904
2.805e-05	26300.1231904
2.804e-05	4066.19122009
2.804e-05	4066.19122009
2.804e-05	4066.19122009
2.815e-05	4050.30201816
2.815e-05	4050.30201816
2.815e-05	4050.30201816
2.819e-05	10441.5492932
2.819e-05	10441.5492932
2.819e-05	10441.5492932
2.819e-05	10441.5492932
2.819e-05	10441.5492932
2.819e-05	10441.5492932
2.819e-05	10441.5492932
2.819e-05	10441.5492932
2.819e-05	10441.5492932
2.821e-05	6209.79890287
2.821e-05	6209.79890287
2.821e-05	6209.79890287
2.819e-05	10441.5492932
2.819e-05	10441.5492932
2.819e-05	10441.5492932
2.82e-05	11315.3564636
2.82e-05	11315.3564636
2.82e-05	11315.3564636
2.82e-05	11315.3564636
2.82e-05	11315.3564636
2.82e-05	11315.3564636
2.819e-05	10441.5492932
2.819e-05	10441.5492932
2.819e-05	10441.5492932
2.82e-05	11315.3564636
2.82e-05	11315.3564636
2.82e-05	11315.3564636
2.82e-05	11315.3564636
2.82e-05	11315.3564636
2.82e-05	11315.3564636
2.82e-05	135480.358258
2.82e-05	135480.358258
2.82e-05	135480.358258
2.818e-05	110178.349
2.818e-05	110178.349
2.818e-05	110178.349
2.819e-05	29691.8012932
2.819e-05	29691.8012932
2.819e-05	29691.8012932
2.818e-05	888.0
2.818e-05	888.0
2.818e-05	888.0
2.818e-05	888.0
2.818e-05	888.0
2.818e-05	888.0
2.818e-05	888.0
2.818e-05	888.0
2.818e-05	888.0
2.818e-05	888.0
2.818e-05	888.0
2.818e-05	888.0
2.818e-05	888.0
2.818e-05	888.0
2.818e-05	888.0
2.819e-05	10441.5492932
2.819e-05	10441.5492932
2.819e-05	10441.5492932
2.818e-05	888.0
2.818e-05	888.0
2.818e-05	888.0
2.819e-05	10441.5492932
2.819e-05	10441.5492932
2.819e-05	10441.5492932
2.817e-05	3562.5
2.817e-05	3562.5
2.817e-05	3562.5
2.817e-05	3562.5
2.817e-05	3562.5
2.817e-05	3562.5
2.819e-05	14486.1041641
2.819e-05	14486.1041641
2.819e-05	14486.1041641
2.819e-05	14486.1041641
2.819e-05	14486.1041641
2.819e-05	14486.1041641
2.819e-05	14486.1041641
2.819e-05	14486.1041641
2.819e-05	14486.1041641
2.82e-05	10568.7624221
2.82e-05	10568.7624221
2.82e-05	10568.7624221
2.824e-05	1000.0
2.824e-05	1000.0
2.824e-05	1000.0
2.825e-05	318.51485149
2.825e-05	318.51485149
2.825e-05	318.51485149
2.83e-05	200.0
2.83e-05	200.0
2.83e-05	200.0
2.83e-05	200.0
2.83e-05	200.0
2.83e-05	200.0
2.83e-05	200.0
2.83e-05	200.0
2.83e-05	200.0
2.83e-05	200.0
2.83e-05	200.0
2.83e-05	200.0
2.83e-05	200.0
2.83e-05	200.0
2.83e-05	200.0
2.83e-05	200.0
2.83e-05	200.0
2.83e-05	200.0
2.83e-05	200.0
2.83e-05	200.0
2.83e-05	200.0
2.833e-05	4024.56766012
2.833e-05	4024.56766012
2.833e-05	4024.56766012
2.833e-05	4024.56766012
2.833e-05	4024.56766012
2.833e-05	4024.56766012
2.834e-05	99.75
2.834e-05	99.75
2.834e-05	99.75
2.834e-05	99.75
2.834e-05	99.75
2.834e-05	99.75
2.839e-05	7125.0
2.839e-05	7125.0
2.839e-05	7125.0
2.838e-05	4017.47716037
2.838e-05	4017.47716037
2.838e-05	4017.47716037
2.846e-05	124137.077
2.846e-05	124137.077
2.846e-05	124137.077
2.846e-05	124137.077
2.846e-05	124137.077
2.846e-05	124137.077
2.845e-05	131714.812
2.845e-05	131714.812
2.845e-05	131714.812
2.845e-05	131714.812
2.845e-05	131714.812
2.845e-05	131714.812
2.845e-05	131714.812
2.845e-05	131714.812
2.845e-05	131714.812
2.847e-05	4004.77702182
2.847e-05	4004.77702182
2.847e-05	4004.77702182
2.841e-05	34602.049
2.841e-05	34602.049
2.841e-05	34602.049
2.85e-05	16112.6361998
2.85e-05	16112.6361998
2.85e-05	16112.6361998
2.848e-05	4003.37085012
2.848e-05	4003.37085012
2.848e-05	4003.37085012
2.848e-05	4003.37085012
2.848e-05	4003.37085012
2.848e-05	4003.37085012
2.848e-05	4003.37085012
2.848e-05	4003.37085012
2.848e-05	4003.37085012
2.848e-05	4003.37085012
2.848e-05	4003.37085012
2.848e-05	4003.37085012
2.848e-05	4003.37085012
2.848e-05	4003.37085012
2.848e-05	4003.37085012
2.848e-05	4003.37085012
2.848e-05	4003.37085012
2.848e-05	4003.37085012
2.839e-05	7125.0
2.839e-05	7125.0
2.839e-05	7125.0
2.849e-05	4004.95801613
2.849e-05	4004.95801613
2.849e-05	4004.95801613
2.849e-05	4004.95801613
2.849e-05	4004.95801613
2.849e-05	4004.95801613
2.839e-05	7125.0
2.839e-05	7125.0
2.839e-05	7125.0
2.85e-05	16112.6361998
2.85e-05	16112.6361998
2.85e-05	16112.6361998
2.859e-05	3987.96788427
2.859e-05	3987.96788427
2.859e-05	3987.96788427
2.854e-05	3994.95451336
2.854e-05	3994.95451336
2.854e-05	3994.95451336
2.854e-05	3994.95451336
2.854e-05	3994.95451336
2.854e-05	3994.95451336
2.849e-05	14643.0667968
2.849e-05	14643.0667968
2.849e-05	14643.0667968
2.849e-05	119352.203039
2.849e-05	119352.203039
2.849e-05	119352.203039
2.849e-05	119352.203039
2.849e-05	119352.203039
2.849e-05	119352.203039
2.854e-05	3994.95451336
2.854e-05	3994.95451336
2.854e-05	3994.95451336
2.86e-05	10851.1858506
2.86e-05	10851.1858506
2.86e-05	10851.1858506
2.865e-05	2200.0
2.865e-05	2200.0
2.865e-05	2200.0
2.865e-05	2200.0
2.865e-05	2200.0
2.865e-05	2200.0
2.87e-05	350.0
2.87e-05	350.0
2.87e-05	350.0
2.87e-05	350.0
2.87e-05	350.0
2.87e-05	350.0
2.872e-05	61516.985
2.872e-05	61516.985
2.872e-05	61516.985
2.869e-05	3974.06768251
2.869e-05	3974.06768251
2.869e-05	3974.06768251
2.869e-05	3974.06768251
2.869e-05	3974.06768251
2.869e-05	3974.06768251
2.861e-05	77.05295064
2.861e-05	77.05295064
2.861e-05	77.05295064
2.861e-05	23894.241
2.861e-05	23894.241
2.861e-05	23894.241
2.856e-05	76.00276793
2.856e-05	76.00276793
2.856e-05	76.00276793
2.855e-05	10687.5
2.855e-05	10687.5
2.855e-05	10687.5
2.847e-05	75.744625
2.847e-05	75.744625
2.847e-05	75.744625
2.844e-05	4009.00147016
2.844e-05	4009.00147016
2.844e-05	4009.00147016
2.844e-05	4009.00147016
2.844e-05	4009.00147016
2.844e-05	4009.00147016
2.845e-05	20000.0
2.845e-05	20000.0
2.845e-05	20000.0
2.847e-05	4004.77702182
2.847e-05	4004.77702182
2.847e-05	4004.77702182
2.848e-05	1000.0
2.848e-05	1000.0
2.848e-05	1000.0
2.848e-05	1000.0
2.848e-05	1000.0
2.848e-05	1000.0
2.848e-05	1000.0
2.848e-05	1000.0
2.848e-05	1000.0
2.847e-05	4004.77702182
2.847e-05	4004.77702182
2.847e-05	4004.77702182
2.845e-05	20000.0
2.845e-05	20000.0
2.845e-05	20000.0
2.844e-05	7933.7290646
2.844e-05	7933.7290646
2.844e-05	7933.7290646
2.844e-05	7933.7290646
2.844e-05	7933.7290646
2.844e-05	7933.7290646
2.844e-05	11942.7305348
2.844e-05	11942.7305348
2.844e-05	11942.7305348
2.843e-05	12612.403383
2.843e-05	12612.403383
2.843e-05	12612.403383
2.843e-05	12612.403383
2.843e-05	12612.403383
2.843e-05	12612.403383
2.844e-05	7933.7290646
2.844e-05	7933.7290646
2.844e-05	7933.7290646
2.843e-05	12612.403383
2.843e-05	12612.403383
2.843e-05	12612.403383
2.843e-05	12612.403383
2.843e-05	12612.403383
2.843e-05	12612.403383
2.843e-05	12612.403383
2.843e-05	12612.403383
2.843e-05	12612.403383
2.843e-05	12612.403383
2.843e-05	12612.403383
2.843e-05	12612.403383
2.843e-05	12612.403383
2.843e-05	12612.403383
2.843e-05	12612.403383
2.843e-05	12612.403383
2.843e-05	12612.403383
2.843e-05	12612.403383
2.842e-05	4011.82272383
2.842e-05	4011.82272383
2.842e-05	4011.82272383
2.842e-05	4011.82272383
2.842e-05	4011.82272383
2.842e-05	4011.82272383
2.843e-05	12612.403383
2.843e-05	12612.403383
2.843e-05	12612.403383
2.843e-05	12612.403383
2.843e-05	12612.403383
2.843e-05	12612.403383
2.85e-05	350.0
2.85e-05	350.0
2.85e-05	350.0
2.849e-05	609.62193467
2.849e-05	609.62193467
2.849e-05	609.62193467
2.849e-05	609.62193467
2.849e-05	609.62193467
2.849e-05	609.62193467
2.849e-05	609.62193467
2.849e-05	609.62193467
2.849e-05	609.62193467
2.85e-05	350.0
2.85e-05	350.0
2.85e-05	350.0
2.85e-05	350.0
2.85e-05	350.0
2.85e-05	350.0
2.85e-05	350.0
2.85e-05	350.0
2.85e-05	350.0
2.85e-05	350.0
2.85e-05	350.0
2.85e-05	350.0
2.85e-05	350.0
2.85e-05	350.0
2.85e-05	350.0
2.85e-05	350.0
2.85e-05	350.0
2.85e-05	350.0
2.85e-05	35613.4490322
2.85e-05	35613.4490322
2.85e-05	35613.4490322
2.85e-05	35613.4490322
2.85e-05	35613.4490322
2.85e-05	35613.4490322
2.85e-05	35613.4490322
2.85e-05	35613.4490322
2.85e-05	35613.4490322
2.85e-05	35613.4490322
2.85e-05	35613.4490322
2.85e-05	35613.4490322
2.85e-05	35613.4490322
2.85e-05	35613.4490322
2.85e-05	35613.4490322
2.85e-05	35613.4490322
2.85e-05	35613.4490322
2.85e-05	35613.4490322
2.85e-05	35563.4490322
2.85e-05	35563.4490322
2.85e-05	35563.4490322
2.855e-05	300.0
2.855e-05	300.0
2.855e-05	300.0
2.86e-05	6703.679195
2.86e-05	6703.679195
2.86e-05	6703.679195
2.858e-05	103490.251
2.858e-05	103490.251
2.858e-05	103490.251
2.859e-05	25433.84
2.859e-05	25433.84
2.859e-05	25433.84
2.857e-05	609.62193467
2.857e-05	609.62193467
2.857e-05	609.62193467
2.857e-05	131537.261
2.857e-05	131537.261
2.857e-05	131537.261
2.855e-05	300.0
2.855e-05	300.0
2.855e-05	300.0
2.856e-05	23514.32
2.856e-05	23514.32
2.856e-05	23514.32
2.857e-05	609.62193467
2.857e-05	609.62193467
2.857e-05	609.62193467
2.857e-05	45402.712
2.857e-05	45402.712
2.857e-05	45402.712
2.857e-05	46579.934
2.857e-05	46579.934
2.857e-05	46579.934
2.857e-05	46579.934
2.857e-05	46579.934
2.857e-05	46579.934
2.857e-05	609.62193467
2.857e-05	609.62193467
2.857e-05	609.62193467
2.856e-05	11975.269
2.856e-05	11975.269
2.856e-05	11975.269
2.859e-05	609.62193467
2.859e-05	609.62193467
2.859e-05	609.62193467
2.859e-05	21140.7229347
2.859e-05	21140.7229347
2.859e-05	21140.7229347
2.859e-05	609.62193467
2.859e-05	609.62193467
2.859e-05	609.62193467
2.859e-05	609.62193467
2.859e-05	609.62193467
2.859e-05	609.62193467
2.859e-05	609.62193467
2.859e-05	609.62193467
2.859e-05	609.62193467
2.856e-05	35927.984
2.856e-05	35927.984
2.856e-05	35927.984
2.859e-05	609.62193467
2.859e-05	609.62193467
2.859e-05	609.62193467
2.855e-05	300.0
2.855e-05	300.0
2.855e-05	300.0
2.859e-05	609.62193467
2.859e-05	609.62193467
2.859e-05	609.62193467
2.87e-05	650.0
2.87e-05	650.0
2.87e-05	650.0
2.874e-05	1628.92540364
2.874e-05	1628.92540364
2.874e-05	1628.92540364
2.88e-05	1929.0
2.88e-05	1929.0
2.88e-05	1929.0
2.883e-05	98.23808791
2.883e-05	98.23808791
2.883e-05	98.23808791
2.88e-05	100.0
2.88e-05	100.0
2.88e-05	100.0
2.88e-05	100.0
2.88e-05	100.0
2.88e-05	100.0
2.883e-05	98.23808791
2.883e-05	98.23808791
2.883e-05	98.23808791
2.883e-05	98.23808791
2.883e-05	98.23808791
2.883e-05	98.23808791
2.883e-05	98.23808791
2.883e-05	98.23808791
2.883e-05	98.23808791
2.88e-05	100.0
2.88e-05	100.0
2.88e-05	100.0
2.876e-05	98089.0739559
2.876e-05	98089.0739559
2.876e-05	98089.0739559
2.88e-05	100.0
2.88e-05	100.0
2.88e-05	100.0
2.876e-05	98089.0739559
2.876e-05	98089.0739559
2.876e-05	98089.0739559
2.876e-05	98089.0739559
2.876e-05	98089.0739559
2.876e-05	98089.0739559
2.876e-05	70681.3211691
2.876e-05	70681.3211691
2.876e-05	70681.3211691
2.876e-05	70681.3211691
2.876e-05	70681.3211691
2.876e-05	70681.3211691
2.876e-05	70681.3211691
2.876e-05	70681.3211691
2.876e-05	70681.3211691
2.879e-05	609.15181909
2.879e-05	609.15181909
2.879e-05	609.15181909
2.883e-05	98.23808791
2.883e-05	98.23808791
2.883e-05	98.23808791
2.883e-05	98.23808791
2.883e-05	98.23808791
2.883e-05	98.23808791
2.883e-05	98.23808791
2.883e-05	98.23808791
2.883e-05	98.23808791
2.898e-05	9999.98
2.898e-05	9999.98
2.898e-05	9999.98
2.898e-05	9999.98
2.898e-05	9999.98
2.898e-05	9999.98
2.899e-05	21087.2473172
2.899e-05	21087.2473172
2.899e-05	21087.2473172
2.898e-05	9999.98
2.898e-05	9999.98
2.898e-05	9999.98
2.898e-05	9999.98
2.898e-05	9999.98
2.898e-05	9999.98
2.898e-05	9999.98
2.898e-05	9999.98
2.898e-05	9999.98
2.897e-05	19223.038662
2.897e-05	19223.038662
2.897e-05	19223.038662
2.897e-05	19223.038662
2.897e-05	19223.038662
2.897e-05	19223.038662
2.896e-05	80854.9301808
2.896e-05	80854.9301808
2.896e-05	80854.9301808
2.896e-05	80854.9301808
2.896e-05	80854.9301808
2.896e-05	80854.9301808
2.895e-05	15015.2288317
2.895e-05	15015.2288317
2.895e-05	15015.2288317
2.894e-05	27.1543978
2.894e-05	27.1543978
2.894e-05	27.1543978
2.894e-05	27.1543978
2.894e-05	27.1543978
2.894e-05	27.1543978
2.895e-05	3468.35883171
2.895e-05	3468.35883171
2.895e-05	3468.35883171
2.882e-05	26877.232
2.882e-05	26877.232
2.882e-05	26877.232
2.883e-05	80854.9301808
2.883e-05	80854.9301808
2.883e-05	80854.9301808
2.88e-05	5353.60121416
2.88e-05	5353.60121416
2.88e-05	5353.60121416
2.893e-05	327773.646071
2.893e-05	327773.646071
2.893e-05	327773.646071
2.876e-05	22819.009
2.876e-05	22819.009
2.876e-05	22819.009
2.877e-05	15781.5014696
2.877e-05	15781.5014696
2.877e-05	15781.5014696
2.877e-05	15781.5014696
2.877e-05	15781.5014696
2.877e-05	15781.5014696
2.877e-05	15781.5014696
2.877e-05	15781.5014696
2.877e-05	15781.5014696
2.894e-05	109429.260398
2.894e-05	109429.260398
2.894e-05	109429.260398
2.894e-05	109429.260398
2.894e-05	109429.260398
2.894e-05	109429.260398
2.877e-05	10427.9002555
2.877e-05	10427.9002555
2.877e-05	10427.9002555
2.894e-05	107356.414398
2.894e-05	107356.414398
2.894e-05	107356.414398
2.894e-05	107356.414398
2.894e-05	107356.414398
2.894e-05	107356.414398
2.894e-05	107356.414398
2.894e-05	107356.414398
2.894e-05	107356.414398
2.894e-05	107356.414398
2.894e-05	107356.414398
2.894e-05	107356.414398
2.89e-05	4882.7171497
2.89e-05	4882.7171497
2.89e-05	4882.7171497
2.89e-05	4882.7171497
2.89e-05	4882.7171497
2.89e-05	4882.7171497
2.889e-05	125124.236
2.889e-05	125124.236
2.889e-05	125124.236
2.877e-05	10452.8771857
2.877e-05	10452.8771857
2.877e-05	10452.8771857
2.889e-05	125124.236
2.889e-05	125124.236
2.889e-05	125124.236
2.89e-05	4882.7171497
2.89e-05	4882.7171497
2.89e-05	4882.7171497
2.888e-05	108647.846
2.888e-05	108647.846
2.888e-05	108647.846
2.89e-05	4882.7171497
2.89e-05	4882.7171497
2.89e-05	4882.7171497
2.89e-05	4882.7171497
2.89e-05	4882.7171497
2.89e-05	4882.7171497
2.875e-05	3986.20321322
2.875e-05	3986.20321322
2.875e-05	3986.20321322
2.873e-05	3986.20321322
2.873e-05	3986.20321322
2.873e-05	3986.20321322
2.865e-05	40421.24
2.865e-05	40421.24
2.865e-05	40421.24
2.863e-05	109830.265
2.863e-05	109830.265
2.863e-05	109830.265
2.862e-05	41725.325
2.862e-05	41725.325
2.862e-05	41725.325
2.86e-05	109243.298
2.86e-05	109243.298
2.86e-05	109243.298
2.869e-05	50.0
2.869e-05	50.0
2.869e-05	50.0
2.876e-05	107173.568
2.876e-05	107173.568
2.876e-05	107173.568
2.877e-05	10427.9002555
2.877e-05	10427.9002555
2.877e-05	10427.9002555
2.877e-05	10427.9002555
2.877e-05	10427.9002555
2.877e-05	10427.9002555
2.877e-05	10427.9002555
2.877e-05	10427.9002555
2.877e-05	10427.9002555
2.877e-05	10427.9002555
2.877e-05	10427.9002555
2.877e-05	10427.9002555
2.877e-05	10427.9002555
2.877e-05	10427.9002555
2.877e-05	10427.9002555
2.877e-05	10427.9002555
2.877e-05	10427.9002555
2.877e-05	10427.9002555
2.877e-05	10427.9002555
2.877e-05	10427.9002555
2.877e-05	10427.9002555
2.876e-05	3986.20321322
2.876e-05	3986.20321322
2.876e-05	3986.20321322
2.876e-05	3986.20321322
2.876e-05	3986.20321322
2.876e-05	3986.20321322
2.877e-05	10427.9002555
2.877e-05	10427.9002555
2.877e-05	10427.9002555
2.877e-05	10427.9002555
2.877e-05	10427.9002555
2.877e-05	10427.9002555
2.877e-05	10427.9002555
2.877e-05	10427.9002555
2.877e-05	10427.9002555
2.877e-05	10427.9002555
2.877e-05	10427.9002555
2.877e-05	10427.9002555
2.872e-05	4135.32968501
2.872e-05	4135.32968501
2.872e-05	4135.32968501
2.876e-05	4129.57818336
2.876e-05	4129.57818336
2.876e-05	4129.57818336
2.876e-05	4129.57818336
2.876e-05	4129.57818336
2.876e-05	4129.57818336
2.876e-05	4129.57818336
2.876e-05	4129.57818336
2.876e-05	4129.57818336
2.877e-05	10427.9002555
2.877e-05	10427.9002555
2.877e-05	10427.9002555
2.876e-05	4129.57818336
2.876e-05	4129.57818336
2.876e-05	4129.57818336
2.869e-05	74.9748416
2.869e-05	74.9748416
2.869e-05	74.9748416
2.869e-05	50.0
2.869e-05	50.0
2.869e-05	50.0
2.875e-05	4131.01455838
2.875e-05	4131.01455838
2.875e-05	4131.01455838
2.875e-05	4131.01455838
2.875e-05	4131.01455838
2.875e-05	4131.01455838
2.872e-05	23803.009
2.872e-05	23803.009
2.872e-05	23803.009
2.876e-05	54380.601985
2.876e-05	54380.601985
2.876e-05	54380.601985
2.875e-05	4131.01455838
2.875e-05	4131.01455838
2.875e-05	4131.01455838
2.876e-05	718.879985
2.876e-05	718.879985
2.876e-05	718.879985
2.876e-05	718.879985
2.876e-05	718.879985
2.876e-05	718.879985
2.887e-05	4113.84373237
2.887e-05	4113.84373237
2.887e-05	4113.84373237
2.888e-05	6152.11391845
2.888e-05	6152.11391845
2.888e-05	6152.11391845
2.887e-05	4113.84373237
2.887e-05	4113.84373237
2.887e-05	4113.84373237
2.887e-05	4113.84373237
2.887e-05	4113.84373237
2.887e-05	4113.84373237
2.89e-05	120401.399
2.89e-05	120401.399
2.89e-05	120401.399
2.89e-05	120401.399
2.89e-05	120401.399
2.89e-05	120401.399
2.891e-05	5202.18795658
2.891e-05	5202.18795658
2.891e-05	5202.18795658
2.891e-05	5202.18795658
2.891e-05	5202.18795658
2.891e-05	5202.18795658
2.891e-05	5202.18795658
2.891e-05	5202.18795658
2.891e-05	5202.18795658
2.888e-05	15.38028358
2.888e-05	15.38028358
2.888e-05	15.38028358
2.891e-05	5202.18795658
2.891e-05	5202.18795658
2.891e-05	5202.18795658
2.891e-05	5202.18795658
2.891e-05	5202.18795658
2.891e-05	5202.18795658
2.891e-05	5202.18795658
2.891e-05	5202.18795658
2.891e-05	5202.18795658
2.891e-05	5202.18795658
2.891e-05	5202.18795658
2.891e-05	5202.18795658
2.889e-05	1735.02942195
2.889e-05	1735.02942195
2.889e-05	1735.02942195
2.889e-05	1735.02942195
2.889e-05	1735.02942195
2.889e-05	1735.02942195
2.889e-05	1735.02942195
2.889e-05	1735.02942195
2.889e-05	1735.02942195
2.884e-05	4118.12304277
2.884e-05	4118.12304277
2.884e-05	4118.12304277
2.881e-05	50916.088
2.881e-05	50916.088
2.881e-05	50916.088
2.881e-05	31360.275
2.881e-05	31360.275
2.881e-05	31360.275
2.877e-05	4108.453766
2.877e-05	4108.453766
2.877e-05	4108.453766
2.888e-05	15.38028358
2.888e-05	15.38028358
2.888e-05	15.38028358
2.888e-05	107599.736284
2.888e-05	107599.736284
2.888e-05	107599.736284
2.889e-05	1735.02942195
2.889e-05	1735.02942195
2.889e-05	1735.02942195
2.888e-05	4129.33403962
2.888e-05	4129.33403962
2.888e-05	4129.33403962
2.888e-05	4129.33403962
2.888e-05	4129.33403962
2.888e-05	4129.33403962
2.872e-05	4136.87271847
2.872e-05	4136.87271847
2.872e-05	4136.87271847
2.877e-05	2095.46400423
2.877e-05	2095.46400423
2.877e-05	2095.46400423
2.864e-05	4149.97557247
2.864e-05	4149.97557247
2.864e-05	4149.97557247
2.862e-05	25.11688805
2.862e-05	25.11688805
2.862e-05	25.11688805
2.862e-05	25.11688805
2.862e-05	25.11688805
2.862e-05	25.11688805
2.863e-05	25.01594215
2.863e-05	25.01594215
2.863e-05	25.01594215
2.877e-05	2095.46400423
2.877e-05	2095.46400423
2.877e-05	2095.46400423
2.877e-05	2095.46400423
2.877e-05	2095.46400423
2.877e-05	2095.46400423
2.875e-05	4149.51163849
2.875e-05	4149.51163849
2.875e-05	4149.51163849
2.877e-05	2095.46400423
2.877e-05	2095.46400423
2.877e-05	2095.46400423
2.877e-05	2095.46400423
2.877e-05	2095.46400423
2.877e-05	2095.46400423
2.877e-05	2095.46400423
2.877e-05	2095.46400423
2.877e-05	2095.46400423
2.877e-05	2095.46400423
2.877e-05	2095.46400423
2.877e-05	2095.46400423
2.877e-05	2095.46400423
2.877e-05	2095.46400423
2.877e-05	2095.46400423
2.886e-05	67908.785
2.886e-05	67908.785
2.886e-05	67908.785
2.887e-05	19223.038662
2.887e-05	19223.038662
2.887e-05	19223.038662
2.887e-05	19223.038662
2.887e-05	19223.038662
2.887e-05	19223.038662
2.887e-05	19223.038662
2.887e-05	19223.038662
2.887e-05	19223.038662
2.887e-05	19223.038662
2.887e-05	19223.038662
2.887e-05	19223.038662
2.887e-05	19223.038662
2.887e-05	19223.038662
2.887e-05	19223.038662
2.887e-05	19223.038662
2.887e-05	19223.038662
2.887e-05	19223.038662
2.887e-05	19223.038662
2.887e-05	19223.038662
2.887e-05	19223.038662
2.884e-05	15238.979
2.884e-05	15238.979
2.884e-05	15238.979
2.883e-05	4137.99721147
2.883e-05	4137.99721147
2.883e-05	4137.99721147
2.881e-05	4140.86982321
2.881e-05	4140.86982321
2.881e-05	4140.86982321
2.877e-05	2095.46400423
2.877e-05	2095.46400423
2.877e-05	2095.46400423
2.88e-05	50.0
2.88e-05	50.0
2.88e-05	50.0
2.88e-05	50.0
2.88e-05	50.0
2.88e-05	50.0
2.88e-05	50.0
2.88e-05	50.0
2.88e-05	50.0
2.88e-05	50.0
2.88e-05	50.0
2.88e-05	50.0
2.88e-05	50.0
2.88e-05	50.0
2.88e-05	50.0
2.88e-05	50.0
2.88e-05	50.0
2.88e-05	50.0
2.88e-05	50.0
2.88e-05	50.0
2.88e-05	50.0
2.88e-05	50.0
2.88e-05	50.0
2.88e-05	50.0
2.877e-05	2095.46400423
2.877e-05	2095.46400423
2.877e-05	2095.46400423
2.874e-05	18743.160326
2.874e-05	18743.160326
2.874e-05	18743.160326
2.877e-05	2095.46400423
2.877e-05	2095.46400423
2.877e-05	2095.46400423
2.877e-05	2095.46400423
2.877e-05	2095.46400423
2.877e-05	2095.46400423
2.874e-05	18743.160326
2.874e-05	18743.160326
2.874e-05	18743.160326
2.874e-05	18743.160326
2.874e-05	18743.160326
2.874e-05	18743.160326
2.874e-05	18743.160326
2.874e-05	18743.160326
2.874e-05	18743.160326
2.874e-05	18743.160326
2.874e-05	18743.160326
2.874e-05	18743.160326
2.873e-05	2818.35883171
2.873e-05	2818.35883171
2.873e-05	2818.35883171
2.874e-05	18743.160326
2.874e-05	18743.160326
2.874e-05	18743.160326
2.874e-05	18743.160326
2.874e-05	18743.160326
2.874e-05	18743.160326
2.874e-05	15298.6923254
2.874e-05	15298.6923254
2.874e-05	15298.6923254
2.874e-05	15298.6923254
2.874e-05	15298.6923254
2.874e-05	15298.6923254
2.874e-05	15298.6923254
2.874e-05	15298.6923254
2.874e-05	15298.6923254
2.876e-05	4168.10036791
2.876e-05	4168.10036791
2.876e-05	4168.10036791
2.872e-05	1567.42132995
2.872e-05	1567.42132995
2.872e-05	1567.42132995
2.876e-05	4168.10036791
2.876e-05	4168.10036791
2.876e-05	4168.10036791
2.872e-05	1567.42132995
2.872e-05	1567.42132995
2.872e-05	1567.42132995
2.869e-05	1665.00015135
2.869e-05	1665.00015135
2.869e-05	1665.00015135
2.876e-05	4168.10036791
2.876e-05	4168.10036791
2.876e-05	4168.10036791
2.876e-05	4168.10036791
2.876e-05	4168.10036791
2.876e-05	4168.10036791
2.876e-05	4168.10036791
2.876e-05	4168.10036791
2.876e-05	4168.10036791
2.877e-05	2095.46400423
2.877e-05	2095.46400423
2.877e-05	2095.46400423
2.877e-05	2095.46400423
2.877e-05	2095.46400423
2.877e-05	2095.46400423
2.877e-05	2095.46400423
2.877e-05	2095.46400423
2.877e-05	2095.46400423
2.887e-05	19223.038662
2.887e-05	19223.038662
2.887e-05	19223.038662
2.887e-05	19223.038662
2.887e-05	19223.038662
2.887e-05	19223.038662
2.889e-05	1735.02942195
2.889e-05	1735.02942195
2.889e-05	1735.02942195
2.889e-05	1735.02942195
2.889e-05	1735.02942195
2.889e-05	1735.02942195
2.889e-05	1735.02942195
2.889e-05	1735.02942195
2.889e-05	1735.02942195
2.894e-05	27.1543978
2.894e-05	27.1543978
2.894e-05	27.1543978
2.89e-05	50.0
2.89e-05	50.0
2.89e-05	50.0
2.894e-05	27.1543978
2.894e-05	27.1543978
2.894e-05	27.1543978
2.894e-05	27.1543978
2.894e-05	27.1543978
2.894e-05	27.1543978
2.894e-05	3272.78763718
2.894e-05	3272.78763718
2.894e-05	3272.78763718
2.894e-05	27.1543978
2.894e-05	27.1543978
2.894e-05	27.1543978
2.894e-05	27.1543978
2.894e-05	27.1543978
2.894e-05	27.1543978
2.894e-05	27.1543978
2.894e-05	27.1543978
2.894e-05	27.1543978
2.889e-05	2489.34741956
2.889e-05	2489.34741956
2.889e-05	2489.34741956
2.889e-05	2489.34741956
2.889e-05	2489.34741956
2.889e-05	2489.34741956
2.889e-05	2489.34741956
2.889e-05	2489.34741956
2.889e-05	2489.34741956
2.89e-05	50.0
2.89e-05	50.0
2.89e-05	50.0
2.886e-05	3245.63323938
2.886e-05	3245.63323938
2.886e-05	3245.63323938
2.887e-05	31246.0
2.887e-05	31246.0
2.887e-05	31246.0
2.89e-05	50.0
2.89e-05	50.0
2.89e-05	50.0
2.89e-05	50.0
2.89e-05	50.0
2.89e-05	50.0
2.893e-05	3245.63323938
2.893e-05	3245.63323938
2.893e-05	3245.63323938
2.893e-05	3245.63323938
2.893e-05	3245.63323938
2.893e-05	3245.63323938
2.893e-05	3245.63323938
2.893e-05	3245.63323938
2.893e-05	3245.63323938
2.893e-05	3245.63323938
2.893e-05	3245.63323938
2.893e-05	3245.63323938
2.893e-05	3245.63323938
2.893e-05	3245.63323938
2.893e-05	3245.63323938
2.894e-05	27.1543978
2.894e-05	27.1543978
2.894e-05	27.1543978
2.894e-05	27.1543978
2.894e-05	27.1543978
2.894e-05	27.1543978
2.894e-05	27.1543978
2.894e-05	27.1543978
2.894e-05	27.1543978
2.894e-05	27.1543978
2.894e-05	27.1543978
2.894e-05	27.1543978
2.894e-05	27.1543978
2.894e-05	27.1543978
2.894e-05	27.1543978
2.894e-05	27.1543978
2.894e-05	27.1543978
2.894e-05	27.1543978
2.916e-05	497.25181215
2.916e-05	497.25181215
2.916e-05	497.25181215
2.915e-05	3245.63323938
2.915e-05	3245.63323938
2.915e-05	3245.63323938
2.917e-05	3245.63323938
2.917e-05	3245.63323938
2.917e-05	3245.63323938
2.916e-05	497.25181215
2.916e-05	497.25181215
2.916e-05	497.25181215
2.916e-05	497.25181215
2.916e-05	497.25181215
2.916e-05	497.25181215
2.917e-05	3245.63323938
2.917e-05	3245.63323938
2.917e-05	3245.63323938
2.918e-05	3000.0
2.918e-05	3000.0
2.918e-05	3000.0
2.919e-05	4650.46631022
2.919e-05	4650.46631022
2.919e-05	4650.46631022
2.92e-05	12050.8301778
2.92e-05	12050.8301778
2.92e-05	12050.8301778
2.923e-05	50.0
2.923e-05	50.0
2.923e-05	50.0
2.923e-05	50.0
2.923e-05	50.0
2.923e-05	50.0
2.923e-05	1529.00374274
2.923e-05	1529.00374274
2.923e-05	1529.00374274
2.923e-05	50.0
2.923e-05	50.0
2.923e-05	50.0
2.919e-05	3245.63323938
2.919e-05	3245.63323938
2.919e-05	3245.63323938
2.923e-05	50.0
2.923e-05	50.0
2.923e-05	50.0
2.929e-05	217.96466124
2.929e-05	217.96466124
2.929e-05	217.96466124
2.929e-05	1696.96840398
2.929e-05	1696.96840398
2.929e-05	1696.96840398
2.929e-05	1696.96840398
2.929e-05	1696.96840398
2.929e-05	1696.96840398
2.926e-05	3743.10753284
2.926e-05	3743.10753284
2.926e-05	3743.10753284
2.924e-05	1479.00374274
2.924e-05	1479.00374274
2.924e-05	1479.00374274
2.926e-05	497.47429346
2.926e-05	497.47429346
2.926e-05	497.47429346
2.93e-05	160.0
2.93e-05	160.0
2.93e-05	160.0
2.93e-05	377.96466124
2.93e-05	377.96466124
2.93e-05	377.96466124
2.929e-05	217.96466124
2.929e-05	217.96466124
2.929e-05	217.96466124
2.932e-05	2754.3915324
2.932e-05	2754.3915324
2.932e-05	2754.3915324
2.93e-05	10060.0
2.93e-05	10060.0
2.93e-05	10060.0
2.94e-05	65152.4048916
2.94e-05	65152.4048916
2.94e-05	65152.4048916
2.94e-05	65152.4048916
2.94e-05	65152.4048916
2.94e-05	65152.4048916
2.948e-05	231655.361995
2.948e-05	231655.361995
2.948e-05	231655.361995
2.948e-05	228409.728756
2.948e-05	228409.728756
2.948e-05	228409.728756
2.949e-05	193461.812609
2.949e-05	193461.812609
2.949e-05	193461.812609
2.949e-05	193461.812609
2.949e-05	193461.812609
2.949e-05	193461.812609
2.952e-05	2955.92895488
2.952e-05	2955.92895488
2.952e-05	2955.92895488
2.952e-05	2955.92895488
2.952e-05	2955.92895488
2.952e-05	2955.92895488
2.95e-05	9093.01874774
2.95e-05	9093.01874774
2.95e-05	9093.01874774
2.95e-05	8593.01874774
2.95e-05	8593.01874774
2.95e-05	8593.01874774
2.95e-05	8593.01874774
2.95e-05	8593.01874774
2.95e-05	8593.01874774
2.95e-05	8593.01874774
2.95e-05	8593.01874774
2.95e-05	8593.01874774
2.95e-05	8593.01874774
2.95e-05	8593.01874774
2.95e-05	8593.01874774
2.949e-05	25.06267459
2.949e-05	25.06267459
2.949e-05	25.06267459
2.952e-05	2955.92895488
2.952e-05	2955.92895488
2.952e-05	2955.92895488
2.978e-05	136737.628873
2.978e-05	136737.628873
2.978e-05	136737.628873
2.979e-05	1119.0
2.979e-05	1119.0
2.979e-05	1119.0
2.979e-05	1119.0
2.979e-05	1119.0
2.979e-05	1119.0
2.975e-05	8773.66214853
2.975e-05	8773.66214853
2.975e-05	8773.66214853
2.975e-05	8773.66214853
2.975e-05	8773.66214853
2.975e-05	8773.66214853
2.977e-05	4030.05099026
2.977e-05	4030.05099026
2.977e-05	4030.05099026
2.967e-05	14970.0
2.967e-05	14970.0
2.967e-05	14970.0
2.974e-05	4016.20457371
2.974e-05	4016.20457371
2.974e-05	4016.20457371
2.968e-05	123814.433
2.968e-05	123814.433
2.968e-05	123814.433
2.95e-05	38410.3144243
2.95e-05	38410.3144243
2.95e-05	38410.3144243
2.948e-05	13780.3600171
2.948e-05	13780.3600171
2.948e-05	13780.3600171
2.97e-05	10100.0
2.97e-05	10100.0
2.97e-05	10100.0
2.979e-05	1119.0
2.979e-05	1119.0
2.979e-05	1119.0
2.975e-05	5505.5175074
2.975e-05	5505.5175074
2.975e-05	5505.5175074
2.979e-05	1119.0
2.979e-05	1119.0
2.979e-05	1119.0
2.978e-05	142.13387327
2.978e-05	142.13387327
2.978e-05	142.13387327
2.978e-05	142.13387327
2.978e-05	142.13387327
2.978e-05	142.13387327
2.98e-05	17748.5001107
2.98e-05	17748.5001107
2.98e-05	17748.5001107
2.98e-05	17748.5001107
2.98e-05	17748.5001107
2.98e-05	17748.5001107
2.98e-05	17748.5001107
2.98e-05	17748.5001107
2.98e-05	17748.5001107
2.98e-05	17748.5001107
2.98e-05	17748.5001107
2.98e-05	17748.5001107
2.98e-05	17748.5001107
2.98e-05	17748.5001107
2.98e-05	17748.5001107
2.98e-05	17748.5001107
2.98e-05	17748.5001107
2.98e-05	17748.5001107
2.979e-05	1119.0
2.979e-05	1119.0
2.979e-05	1119.0
2.98e-05	17748.5001107
2.98e-05	17748.5001107
2.98e-05	17748.5001107
2.977e-05	6781.95998643
2.977e-05	6781.95998643
2.977e-05	6781.95998643
2.977e-05	6786.56260604
2.977e-05	6786.56260604
2.977e-05	6786.56260604
2.976e-05	68615.102
2.976e-05	68615.102
2.976e-05	68615.102
2.977e-05	168.52843708
2.977e-05	168.52843708
2.977e-05	168.52843708
2.973e-05	9520.96128022
2.973e-05	9520.96128022
2.973e-05	9520.96128022
2.973e-05	9520.96128022
2.973e-05	9520.96128022
2.973e-05	9520.96128022
2.973e-05	9520.96128022
2.973e-05	9520.96128022
2.973e-05	9520.96128022
2.973e-05	9520.96128022
2.973e-05	9520.96128022
2.973e-05	9520.96128022
2.972e-05	1282.40496792
2.972e-05	1282.40496792
2.972e-05	1282.40496792
2.973e-05	9520.96128022
2.973e-05	9520.96128022
2.973e-05	9520.96128022
2.97e-05	6739.1448523
2.97e-05	6739.1448523
2.97e-05	6739.1448523
2.971e-05	24.32591631
2.971e-05	24.32591631
2.971e-05	24.32591631
2.969e-05	41.92752717
2.969e-05	41.92752717
2.969e-05	41.92752717
2.969e-05	41.92752717
2.969e-05	41.92752717
2.969e-05	41.92752717
2.968e-05	24.40560058
2.968e-05	24.40560058
2.968e-05	24.40560058
2.96e-05	6439.88415963
2.96e-05	6439.88415963
2.96e-05	6439.88415963
2.968e-05	24.40560058
2.968e-05	24.40560058
2.968e-05	24.40560058
2.968e-05	24.40560058
2.968e-05	24.40560058
2.968e-05	24.40560058
2.969e-05	41.92752717
2.969e-05	41.92752717
2.969e-05	41.92752717
2.97e-05	11729.020828
2.97e-05	11729.020828
2.97e-05	11729.020828
2.969e-05	112700.891527
2.969e-05	112700.891527
2.969e-05	112700.891527
2.949e-05	2000.0
2.949e-05	2000.0
2.949e-05	2000.0
2.949e-05	2000.0
2.949e-05	2000.0
2.949e-05	2000.0
2.949e-05	2000.0
2.949e-05	2000.0
2.949e-05	2000.0
2.949e-05	2000.0
2.949e-05	2000.0
2.949e-05	2000.0
2.949e-05	2000.0
2.949e-05	2000.0
2.949e-05	2000.0
2.949e-05	2000.0
2.949e-05	2000.0
2.949e-05	2000.0
2.95e-05	41.92752717
2.95e-05	41.92752717
2.95e-05	41.92752717
2.947e-05	28092.703
2.947e-05	28092.703
2.947e-05	28092.703
2.947e-05	10739.134
2.947e-05	10739.134
2.947e-05	10739.134
2.944e-05	41.92752717
2.944e-05	41.92752717
2.944e-05	41.92752717
2.944e-05	41.92752717
2.944e-05	41.92752717
2.944e-05	41.92752717
2.944e-05	41.92752717
2.944e-05	41.92752717
2.944e-05	41.92752717
2.944e-05	41.92752717
2.944e-05	41.92752717
2.944e-05	41.92752717
2.948e-05	15080.4612134
2.948e-05	15080.4612134
2.948e-05	15080.4612134
2.948e-05	669.17621342
2.948e-05	669.17621342
2.948e-05	669.17621342
2.948e-05	669.17621342
2.948e-05	669.17621342
2.948e-05	669.17621342
2.948e-05	13132.8642134
2.948e-05	13132.8642134
2.948e-05	13132.8642134
2.949e-05	1000.0
2.949e-05	1000.0
2.949e-05	1000.0
2.948e-05	669.17621342
2.948e-05	669.17621342
2.948e-05	669.17621342
2.944e-05	41.92752717
2.944e-05	41.92752717
2.944e-05	41.92752717
2.941e-05	6439.88415963
2.941e-05	6439.88415963
2.941e-05	6439.88415963
2.937e-05	1722.1703135
2.937e-05	1722.1703135
2.937e-05	1722.1703135
2.937e-05	24.37065597
2.937e-05	24.37065597
2.937e-05	24.37065597
2.937e-05	24.37065597
2.937e-05	24.37065597
2.937e-05	24.37065597
2.938e-05	10511.6969526
2.938e-05	10511.6969526
2.938e-05	10511.6969526
2.939e-05	32889.981
2.939e-05	32889.981
2.939e-05	32889.981
2.938e-05	85245.5222808
2.938e-05	85245.5222808
2.938e-05	85245.5222808
2.94e-05	4030.20512441
2.94e-05	4030.20512441
2.94e-05	4030.20512441
2.94e-05	4030.20512441
2.94e-05	4030.20512441
2.94e-05	4030.20512441
2.948e-05	116764.455213
2.948e-05	116764.455213
2.948e-05	116764.455213
2.938e-05	85245.5222808
2.938e-05	85245.5222808
2.938e-05	85245.5222808
2.946e-05	117740.916
2.946e-05	117740.916
2.946e-05	117740.916
2.945e-05	4030.20512441
2.945e-05	4030.20512441
2.945e-05	4030.20512441
2.94e-05	1072.01995477
2.94e-05	1072.01995477
2.94e-05	1072.01995477
2.941e-05	4030.20512441
2.941e-05	4030.20512441
2.941e-05	4030.20512441
2.947e-05	4030.20512441
2.947e-05	4030.20512441
2.947e-05	4030.20512441
2.943e-05	4030.20512441
2.943e-05	4030.20512441
2.943e-05	4030.20512441
2.948e-05	669.17621342
2.948e-05	669.17621342
2.948e-05	669.17621342
2.946e-05	25127.863
2.946e-05	25127.863
2.946e-05	25127.863
2.945e-05	30049.35
2.945e-05	30049.35
2.945e-05	30049.35
2.942e-05	4030.20512441
2.942e-05	4030.20512441
2.942e-05	4030.20512441
2.942e-05	4030.20512441
2.942e-05	4030.20512441
2.942e-05	4030.20512441
2.946e-05	23978.725
2.946e-05	23978.725
2.946e-05	23978.725
2.943e-05	20511.797
2.943e-05	20511.797
2.943e-05	20511.797
2.947e-05	4030.20512441
2.947e-05	4030.20512441
2.947e-05	4030.20512441
2.947e-05	4030.20512441
2.947e-05	4030.20512441
2.947e-05	4030.20512441
2.947e-05	4030.20512441
2.947e-05	4030.20512441
2.947e-05	4030.20512441
2.949e-05	8171.24804047
2.949e-05	8171.24804047
2.949e-05	8171.24804047
2.949e-05	8171.24804047
2.949e-05	8171.24804047
2.949e-05	8171.24804047
2.949e-05	8171.24804047
2.949e-05	8171.24804047
2.949e-05	8171.24804047
2.948e-05	4699.38133783
2.948e-05	4699.38133783
2.948e-05	4699.38133783
2.949e-05	8171.24804047
2.949e-05	8171.24804047
2.949e-05	8171.24804047
2.949e-05	8171.24804047
2.949e-05	8171.24804047
2.949e-05	8171.24804047
2.949e-05	8171.24804047
2.949e-05	8171.24804047
2.949e-05	8171.24804047
2.949e-05	8171.24804047
2.949e-05	8171.24804047
2.949e-05	8171.24804047
2.949e-05	8171.24804047
2.949e-05	8171.24804047
2.949e-05	8171.24804047
2.949e-05	8171.24804047
2.949e-05	8171.24804047
2.949e-05	8171.24804047
2.949e-05	8171.24804047
2.949e-05	8171.24804047
2.949e-05	8171.24804047
2.949e-05	8171.24804047
2.949e-05	8171.24804047
2.949e-05	8171.24804047
2.949e-05	12201.4531649
2.949e-05	12201.4531649
2.949e-05	12201.4531649
2.948e-05	669.17621342
2.948e-05	669.17621342
2.948e-05	669.17621342
2.948e-05	108139.122213
2.948e-05	108139.122213
2.948e-05	108139.122213
2.945e-05	4030.20512441
2.945e-05	4030.20512441
2.945e-05	4030.20512441
2.946e-05	49020.987
2.946e-05	49020.987
2.946e-05	49020.987
2.946e-05	49020.987
2.946e-05	49020.987
2.946e-05	49020.987
2.946e-05	49020.987
2.946e-05	49020.987
2.946e-05	49020.987
2.946e-05	42839.871
2.946e-05	42839.871
2.946e-05	42839.871
2.948e-05	57481.395452
2.948e-05	57481.395452
2.948e-05	57481.395452
2.948e-05	57481.395452
2.948e-05	57481.395452
2.948e-05	57481.395452
2.948e-05	57481.395452
2.948e-05	57481.395452
2.948e-05	57481.395452
2.948e-05	57481.395452
2.948e-05	57481.395452
2.948e-05	57481.395452
2.948e-05	73152.466452
2.948e-05	73152.466452
2.948e-05	73152.466452
2.948e-05	57481.395452
2.948e-05	57481.395452
2.948e-05	57481.395452
2.948e-05	57481.395452
2.948e-05	57481.395452
2.948e-05	57481.395452
2.948e-05	57481.395452
2.948e-05	57481.395452
2.948e-05	57481.395452
2.948e-05	53451.1903276
2.948e-05	53451.1903276
2.948e-05	53451.1903276
2.948e-05	88512.254452
2.948e-05	88512.254452
2.948e-05	88512.254452
2.936e-05	24.41841609
2.936e-05	24.41841609
2.936e-05	24.41841609
2.931e-05	24.42961497
2.931e-05	24.42961497
2.931e-05	24.42961497
2.935e-05	4083.4143833
2.935e-05	4083.4143833
2.935e-05	4083.4143833
2.937e-05	3439.88415963
2.937e-05	3439.88415963
2.937e-05	3439.88415963
2.938e-05	10805.5424612
2.938e-05	10805.5424612
2.938e-05	10805.5424612
2.938e-05	10805.5424612
2.938e-05	10805.5424612
2.938e-05	10805.5424612
2.937e-05	3439.88415963
2.937e-05	3439.88415963
2.937e-05	3439.88415963
2.944e-05	416.71651961
2.944e-05	416.71651961
2.944e-05	416.71651961
2.944e-05	416.71651961
2.944e-05	416.71651961
2.944e-05	416.71651961
2.944e-05	416.71651961
2.944e-05	416.71651961
2.944e-05	416.71651961
2.944e-05	416.71651961
2.944e-05	416.71651961
2.944e-05	416.71651961
2.944e-05	416.71651961
2.944e-05	416.71651961
2.944e-05	416.71651961
2.944e-05	416.71651961
2.944e-05	416.71651961
2.944e-05	416.71651961
2.937e-05	3439.88415963
2.937e-05	3439.88415963
2.937e-05	3439.88415963
2.938e-05	10805.5424612
2.938e-05	10805.5424612
2.938e-05	10805.5424612
2.937e-05	3439.88415963
2.937e-05	3439.88415963
2.937e-05	3439.88415963
2.923e-05	5111.3658046
2.923e-05	5111.3658046
2.923e-05	5111.3658046
2.921e-05	81215.836
2.921e-05	81215.836
2.921e-05	81215.836
2.92e-05	85387.068
2.92e-05	85387.068
2.92e-05	85387.068
2.921e-05	25204.837
2.921e-05	25204.837
2.921e-05	25204.837
2.936e-05	126479.286
2.936e-05	126479.286
2.936e-05	126479.286
2.922e-05	4103.08338532
2.922e-05	4103.08338532
2.922e-05	4103.08338532
2.935e-05	48.87698726
2.935e-05	48.87698726
2.935e-05	48.87698726
2.936e-05	129372.603
2.936e-05	129372.603
2.936e-05	129372.603
2.937e-05	20976.5191596
2.937e-05	20976.5191596
2.937e-05	20976.5191596
2.937e-05	19982.5401596
2.937e-05	19982.5401596
2.937e-05	19982.5401596
2.938e-05	10805.5424612
2.938e-05	10805.5424612
2.938e-05	10805.5424612
2.938e-05	10805.5424612
2.938e-05	10805.5424612
2.938e-05	10805.5424612
2.938e-05	10805.5424612
2.938e-05	10805.5424612
2.938e-05	10805.5424612
2.937e-05	3439.88415963
2.937e-05	3439.88415963
2.937e-05	3439.88415963
2.931e-05	3900.0
2.931e-05	3900.0
2.931e-05	3900.0
2.927e-05	5111.3658046
2.927e-05	5111.3658046
2.927e-05	5111.3658046
2.926e-05	125514.847
2.926e-05	125514.847
2.926e-05	125514.847
2.926e-05	125514.847
2.926e-05	125514.847
2.926e-05	125514.847
2.924e-05	31951.285
2.924e-05	31951.285
2.924e-05	31951.285
2.927e-05	5111.3658046
2.927e-05	5111.3658046
2.927e-05	5111.3658046
2.926e-05	4097.47424877
2.926e-05	4097.47424877
2.926e-05	4097.47424877
2.931e-05	3900.0
2.931e-05	3900.0
2.931e-05	3900.0
2.927e-05	5111.3658046
2.927e-05	5111.3658046
2.927e-05	5111.3658046
2.931e-05	3900.0
2.931e-05	3900.0
2.931e-05	3900.0
2.931e-05	3900.0
2.931e-05	3900.0
2.931e-05	3900.0
2.93e-05	14989.4884273
2.93e-05	14989.4884273
2.93e-05	14989.4884273
2.936e-05	4083.5182738
2.936e-05	4083.5182738
2.936e-05	4083.5182738
2.938e-05	4078.43609732
2.938e-05	4078.43609732
2.938e-05	4078.43609732
2.938e-05	4078.43609732
2.938e-05	4078.43609732
2.938e-05	4078.43609732
2.938e-05	4078.43609732
2.938e-05	4078.43609732
2.938e-05	4078.43609732
2.936e-05	4083.5182738
2.936e-05	4083.5182738
2.936e-05	4083.5182738
2.938e-05	4078.43609732
2.938e-05	4078.43609732
2.938e-05	4078.43609732
2.938e-05	4078.43609732
2.938e-05	4078.43609732
2.938e-05	4078.43609732
2.938e-05	4078.43609732
2.938e-05	4078.43609732
2.938e-05	4078.43609732
2.937e-05	3439.88415963
2.937e-05	3439.88415963
2.937e-05	3439.88415963
2.937e-05	3439.88415963
2.937e-05	3439.88415963
2.937e-05	3439.88415963
2.937e-05	3439.88415963
2.937e-05	3439.88415963
2.937e-05	3439.88415963
2.937e-05	3439.88415963
2.937e-05	3439.88415963
2.937e-05	3439.88415963
2.937e-05	7522.0120629
2.937e-05	7522.0120629
2.937e-05	7522.0120629
2.937e-05	3439.88415963
2.937e-05	3439.88415963
2.937e-05	3439.88415963
2.937e-05	3439.88415963
2.937e-05	3439.88415963
2.937e-05	3439.88415963
2.937e-05	3439.88415963
2.937e-05	3439.88415963
2.937e-05	3439.88415963
2.937e-05	3439.88415963
2.937e-05	3439.88415963
2.937e-05	3439.88415963
2.938e-05	4078.43609732
2.938e-05	4078.43609732
2.938e-05	4078.43609732
2.937e-05	3439.88415963
2.937e-05	3439.88415963
2.937e-05	3439.88415963
2.947e-05	134608.129
2.947e-05	134608.129
2.947e-05	134608.129
2.944e-05	416.71651961
2.944e-05	416.71651961
2.944e-05	416.71651961
2.937e-05	24.43399926
2.937e-05	24.43399926
2.937e-05	24.43399926
2.944e-05	416.71651961
2.944e-05	416.71651961
2.944e-05	416.71651961
2.944e-05	416.71651961
2.944e-05	416.71651961
2.944e-05	416.71651961
2.944e-05	416.71651961
2.944e-05	416.71651961
2.944e-05	416.71651961
2.944e-05	416.71651961
2.944e-05	416.71651961
2.944e-05	416.71651961
2.943e-05	4073.80552222
2.943e-05	4073.80552222
2.943e-05	4073.80552222
2.944e-05	416.71651961
2.944e-05	416.71651961
2.944e-05	416.71651961
2.944e-05	416.71651961
2.944e-05	416.71651961
2.944e-05	416.71651961
2.944e-05	416.71651961
2.944e-05	416.71651961
2.944e-05	416.71651961
2.944e-05	416.71651961
2.944e-05	416.71651961
2.944e-05	416.71651961
2.947e-05	4068.27609497
2.947e-05	4068.27609497
2.947e-05	4068.27609497
2.947e-05	4068.27609497
2.947e-05	4068.27609497
2.947e-05	4068.27609497
2.944e-05	416.71651961
2.944e-05	416.71651961
2.944e-05	416.71651961
2.947e-05	4068.27609497
2.947e-05	4068.27609497
2.947e-05	4068.27609497
2.947e-05	4068.27609497
2.947e-05	4068.27609497
2.947e-05	4068.27609497
2.947e-05	4068.27609497
2.947e-05	4068.27609497
2.947e-05	4068.27609497
2.947e-05	4068.27609497
2.947e-05	4068.27609497
2.947e-05	4068.27609497
2.947e-05	4068.27609497
2.947e-05	4068.27609497
2.947e-05	4068.27609497
2.947e-05	4068.27609497
2.947e-05	4068.27609497
2.947e-05	4068.27609497
2.947e-05	4068.27609497
2.947e-05	4068.27609497
2.947e-05	4068.27609497
2.947e-05	4068.27609497
2.947e-05	4068.27609497
2.947e-05	4068.27609497
2.943e-05	4073.80552222
2.943e-05	4073.80552222
2.943e-05	4073.80552222
2.947e-05	4068.27609497
2.947e-05	4068.27609497
2.947e-05	4068.27609497
2.938e-05	441.90301922
2.938e-05	441.90301922
2.938e-05	441.90301922
2.944e-05	216.71651961
2.944e-05	216.71651961
2.944e-05	216.71651961
2.938e-05	441.90301922
2.938e-05	441.90301922
2.938e-05	441.90301922
2.944e-05	216.71651961
2.944e-05	216.71651961
2.944e-05	216.71651961
2.943e-05	4073.80552222
2.943e-05	4073.80552222
2.943e-05	4073.80552222
2.944e-05	216.71651961
2.944e-05	216.71651961
2.944e-05	216.71651961
2.944e-05	4289.13827637
2.944e-05	4289.13827637
2.944e-05	4289.13827637
2.944e-05	4289.13827637
2.944e-05	4289.13827637
2.944e-05	4289.13827637
2.944e-05	4289.13827637
2.944e-05	4289.13827637
2.944e-05	4289.13827637
2.944e-05	216.71651961
2.944e-05	216.71651961
2.944e-05	216.71651961
2.944e-05	216.71651961
2.944e-05	216.71651961
2.944e-05	216.71651961
2.944e-05	216.71651961
2.944e-05	216.71651961
2.944e-05	216.71651961
2.944e-05	216.71651961
2.944e-05	216.71651961
2.944e-05	216.71651961
2.944e-05	216.71651961
2.944e-05	216.71651961
2.944e-05	216.71651961
2.944e-05	216.71651961
2.944e-05	216.71651961
2.944e-05	216.71651961
2.938e-05	441.90301922
2.938e-05	441.90301922
2.938e-05	441.90301922
2.936e-05	8e-08
2.936e-05	8e-08
2.936e-05	8e-08
2.936e-05	8e-08
2.936e-05	8e-08
2.936e-05	8e-08
2.935e-05	31344.624
2.935e-05	31344.624
2.935e-05	31344.624
2.932e-05	93666.517
2.932e-05	93666.517
2.932e-05	93666.517
2.934e-05	811.39529912
2.934e-05	811.39529912
2.934e-05	811.39529912
2.933e-05	54538.417
2.933e-05	54538.417
2.933e-05	54538.417
2.935e-05	4084.90959179
2.935e-05	4084.90959179
2.935e-05	4084.90959179
2.934e-05	811.39529912
2.934e-05	811.39529912
2.934e-05	811.39529912
2.937e-05	6871.93788163
2.937e-05	6871.93788163
2.937e-05	6871.93788163
2.934e-05	811.39529912
2.934e-05	811.39529912
2.934e-05	811.39529912
2.936e-05	121885.621
2.936e-05	121885.621
2.936e-05	121885.621
2.934e-05	811.39529912
2.934e-05	811.39529912
2.934e-05	811.39529912
2.934e-05	811.39529912
2.934e-05	811.39529912
2.934e-05	811.39529912
2.934e-05	811.39529912
2.934e-05	811.39529912
2.934e-05	811.39529912
2.93e-05	6040.0
2.93e-05	6040.0
2.93e-05	6040.0
2.935e-05	4016.2148494
2.935e-05	4016.2148494
2.935e-05	4016.2148494
2.934e-05	811.39529912
2.934e-05	811.39529912
2.934e-05	811.39529912
2.934e-05	811.39529912
2.934e-05	811.39529912
2.934e-05	811.39529912
2.934e-05	811.39529912
2.934e-05	811.39529912
2.934e-05	811.39529912
2.929e-05	136423.690067
2.929e-05	136423.690067
2.929e-05	136423.690067
2.933e-05	4087.69507395
2.933e-05	4087.69507395
2.933e-05	4087.69507395
2.923e-05	1500.0
2.923e-05	1500.0
2.923e-05	1500.0
2.923e-05	1500.0
2.923e-05	1500.0
2.923e-05	1500.0
2.923e-05	1500.0
2.923e-05	1500.0
2.923e-05	1500.0
2.922e-05	114056.077
2.922e-05	114056.077
2.922e-05	114056.077
2.923e-05	1500.0
2.923e-05	1500.0
2.923e-05	1500.0
2.919e-05	48.87142343
2.919e-05	48.87142343
2.919e-05	48.87142343
2.923e-05	1500.0
2.923e-05	1500.0
2.923e-05	1500.0
2.929e-05	4093.27745029
2.929e-05	4093.27745029
2.929e-05	4093.27745029
2.928e-05	13824.068
2.928e-05	13824.068
2.928e-05	13824.068
2.925e-05	3422.3625692
2.925e-05	3422.3625692
2.925e-05	3422.3625692
2.92e-05	135597.08054
2.92e-05	135597.08054
2.92e-05	135597.08054
2.92e-05	4647.54196183
2.92e-05	4647.54196183
2.92e-05	4647.54196183
2.92e-05	4647.54196183
2.92e-05	4647.54196183
2.92e-05	4647.54196183
2.929e-05	4093.27745029
2.929e-05	4093.27745029
2.929e-05	4093.27745029
2.923e-05	1500.0
2.923e-05	1500.0
2.923e-05	1500.0
2.93e-05	4540.0
2.93e-05	4540.0
2.93e-05	4540.0
2.934e-05	811.39529912
2.934e-05	811.39529912
2.934e-05	811.39529912
2.935e-05	4016.2148494
2.935e-05	4016.2148494
2.935e-05	4016.2148494
2.935e-05	4016.2148494
2.935e-05	4016.2148494
2.935e-05	4016.2148494
2.935e-05	4016.2148494
2.935e-05	4016.2148494
2.935e-05	4016.2148494
2.935e-05	4016.2148494
2.935e-05	4016.2148494
2.935e-05	4016.2148494
2.935e-05	4016.2148494
2.935e-05	4016.2148494
2.935e-05	4016.2148494
2.935e-05	4016.2148494
2.935e-05	4016.2148494
2.935e-05	4016.2148494
2.935e-05	4016.2148494
2.935e-05	4016.2148494
2.935e-05	4016.2148494
2.935e-05	4016.2148494
2.935e-05	4016.2148494
2.935e-05	4016.2148494
2.935e-05	4016.2148494
2.935e-05	4016.2148494
2.935e-05	4016.2148494
2.935e-05	26376.1938494
2.935e-05	26376.1938494
2.935e-05	26376.1938494
2.93e-05	81892.7557108
2.93e-05	81892.7557108
2.93e-05	81892.7557108
2.934e-05	811.39529912
2.934e-05	811.39529912
2.934e-05	811.39529912
2.934e-05	12562.4012991
2.934e-05	12562.4012991
2.934e-05	12562.4012991
2.935e-05	4016.2148494
2.935e-05	4016.2148494
2.935e-05	4016.2148494
2.935e-05	4016.2148494
2.935e-05	4016.2148494
2.935e-05	4016.2148494
2.935e-05	4016.2148494
2.935e-05	4016.2148494
2.935e-05	4016.2148494
2.935e-05	4016.2148494
2.935e-05	4016.2148494
2.935e-05	4016.2148494
2.93e-05	81290.1814189
2.93e-05	81290.1814189
2.93e-05	81290.1814189
2.933e-05	12064.32
2.933e-05	12064.32
2.933e-05	12064.32
2.93e-05	81290.1814189
2.93e-05	81290.1814189
2.93e-05	81290.1814189
2.93e-05	81290.1814189
2.93e-05	81290.1814189
2.93e-05	81290.1814189
2.93e-05	81290.1814189
2.93e-05	81290.1814189
2.93e-05	81290.1814189
2.934e-05	811.39529912
2.934e-05	811.39529912
2.934e-05	811.39529912
2.934e-05	811.39529912
2.934e-05	811.39529912
2.934e-05	811.39529912
2.934e-05	811.39529912
2.934e-05	811.39529912
2.934e-05	811.39529912
2.935e-05	4016.2148494
2.935e-05	4016.2148494
2.935e-05	4016.2148494
2.934e-05	811.39529912
2.934e-05	811.39529912
2.934e-05	811.39529912
2.934e-05	811.39529912
2.934e-05	811.39529912
2.934e-05	811.39529912
2.932e-05	500.0
2.932e-05	500.0
2.932e-05	500.0
2.932e-05	500.0
2.932e-05	500.0
2.932e-05	500.0
2.933e-05	17911.25
2.933e-05	17911.25
2.933e-05	17911.25
2.933e-05	68558.084
2.933e-05	68558.084
2.933e-05	68558.084
2.933e-05	16685.425
2.933e-05	16685.425
2.933e-05	16685.425
2.93e-05	79290.1814189
2.93e-05	79290.1814189
2.93e-05	79290.1814189
2.929e-05	47519.3598575
2.929e-05	47519.3598575
2.929e-05	47519.3598575
2.93e-05	79290.1814189
2.93e-05	79290.1814189
2.93e-05	79290.1814189
2.933e-05	4116.12340719
2.933e-05	4116.12340719
2.933e-05	4116.12340719
2.933e-05	4116.12340719
2.933e-05	4116.12340719
2.933e-05	4116.12340719
2.933e-05	4116.12340719
2.933e-05	4116.12340719
2.933e-05	4116.12340719
2.934e-05	811.39529912
2.934e-05	811.39529912
2.934e-05	811.39529912
2.93e-05	79290.1814189
2.93e-05	79290.1814189
2.93e-05	79290.1814189
2.934e-05	811.39529912
2.934e-05	811.39529912
2.934e-05	811.39529912
2.93e-05	79590.1814189
2.93e-05	79590.1814189
2.93e-05	79590.1814189
2.928e-05	5000.0
2.928e-05	5000.0
2.928e-05	5000.0
2.926e-05	519.87034981
2.926e-05	519.87034981
2.926e-05	519.87034981
2.926e-05	519.87034981
2.926e-05	519.87034981
2.926e-05	519.87034981
2.928e-05	5000.0
2.928e-05	5000.0
2.928e-05	5000.0
2.926e-05	519.87034981
2.926e-05	519.87034981
2.926e-05	519.87034981
2.934e-05	811.39529912
2.934e-05	811.39529912
2.934e-05	811.39529912
2.933e-05	300.0
2.933e-05	300.0
2.933e-05	300.0
2.934e-05	811.39529912
2.934e-05	811.39529912
2.934e-05	811.39529912
2.934e-05	811.39529912
2.934e-05	811.39529912
2.934e-05	811.39529912
2.934e-05	811.39529912
2.934e-05	811.39529912
2.934e-05	811.39529912
2.933e-05	4416.12340719
2.933e-05	4416.12340719
2.933e-05	4416.12340719
2.932e-05	4117.52726919
2.932e-05	4117.52726919
2.932e-05	4117.52726919
2.934e-05	811.39529912
2.934e-05	811.39529912
2.934e-05	811.39529912
2.934e-05	811.39529912
2.934e-05	811.39529912
2.934e-05	811.39529912
2.934e-05	811.39529912
2.934e-05	811.39529912
2.934e-05	811.39529912
2.934e-05	811.39529912
2.934e-05	811.39529912
2.934e-05	811.39529912
2.934e-05	811.39529912
2.934e-05	811.39529912
2.934e-05	811.39529912
2.934e-05	811.39529912
2.934e-05	811.39529912
2.934e-05	811.39529912
2.934e-05	811.39529912
2.934e-05	811.39529912
2.934e-05	811.39529912
2.934e-05	811.39529912
2.934e-05	811.39529912
2.934e-05	811.39529912
2.937e-05	6871.93788163
2.937e-05	6871.93788163
2.937e-05	6871.93788163
2.937e-05	6871.93788163
2.937e-05	6871.93788163
2.937e-05	6871.93788163
2.937e-05	6871.93788163
2.937e-05	6871.93788163
2.937e-05	6871.93788163
2.937e-05	6871.93788163
2.937e-05	6871.93788163
2.937e-05	6871.93788163
2.938e-05	441.90301922
2.938e-05	441.90301922
2.938e-05	441.90301922
2.938e-05	4551.02145124
2.938e-05	4551.02145124
2.938e-05	4551.02145124
2.935e-05	16038.8393558
2.935e-05	16038.8393558
2.935e-05	16038.8393558
2.934e-05	23519.2939863
2.934e-05	23519.2939863
2.934e-05	23519.2939863
2.934e-05	19404.5734842
2.934e-05	19404.5734842
2.934e-05	19404.5734842
2.935e-05	16038.8393558
2.935e-05	16038.8393558
2.935e-05	16038.8393558
2.934e-05	19404.5734842
2.934e-05	19404.5734842
2.934e-05	19404.5734842
2.938e-05	479.66732859
2.938e-05	479.66732859
2.938e-05	479.66732859
2.938e-05	479.66732859
2.938e-05	479.66732859
2.938e-05	479.66732859
2.938e-05	479.66732859
2.938e-05	479.66732859
2.938e-05	479.66732859
2.938e-05	479.66732859
2.938e-05	479.66732859
2.938e-05	479.66732859
2.938e-05	479.66732859
2.938e-05	479.66732859
2.938e-05	479.66732859
2.938e-05	479.66732859
2.938e-05	479.66732859
2.938e-05	479.66732859
2.939e-05	216.71651961
2.939e-05	216.71651961
2.939e-05	216.71651961
2.938e-05	479.66732859
2.938e-05	479.66732859
2.938e-05	479.66732859
2.938e-05	479.66732859
2.938e-05	479.66732859
2.938e-05	479.66732859
2.938e-05	479.66732859
2.938e-05	479.66732859
2.938e-05	479.66732859
2.939e-05	216.71651961
2.939e-05	216.71651961
2.939e-05	216.71651961
2.939e-05	216.71651961
2.939e-05	216.71651961
2.939e-05	216.71651961
2.939e-05	216.71651961
2.939e-05	216.71651961
2.939e-05	216.71651961
2.939e-05	216.71651961
2.939e-05	216.71651961
2.939e-05	216.71651961
2.94e-05	1119.0
2.94e-05	1119.0
2.94e-05	1119.0
2.945e-05	200.0
2.945e-05	200.0
2.945e-05	200.0
2.945e-05	200.0
2.945e-05	200.0
2.945e-05	200.0
2.948e-05	52782.0141142
2.948e-05	52782.0141142
2.948e-05	52782.0141142
2.95e-05	2688.25334352
2.95e-05	2688.25334352
2.95e-05	2688.25334352
2.95e-05	2688.25334352
2.95e-05	2688.25334352
2.95e-05	2688.25334352
2.95e-05	2688.25334352
2.95e-05	2688.25334352
2.95e-05	2688.25334352
2.95e-05	2688.25334352
2.95e-05	2688.25334352
2.95e-05	2688.25334352
2.95e-05	2688.25334352
2.95e-05	2688.25334352
2.95e-05	2688.25334352
2.948e-05	82710.1538628
2.948e-05	82710.1538628
2.948e-05	82710.1538628
2.949e-05	1200.0
2.949e-05	1200.0
2.949e-05	1200.0
2.948e-05	165366.762863
2.948e-05	165366.762863
2.948e-05	165366.762863
2.949e-05	1200.0
2.949e-05	1200.0
2.949e-05	1200.0
2.948e-05	40467.5258628
2.948e-05	40467.5258628
2.948e-05	40467.5258628
2.948e-05	175902.316863
2.948e-05	175902.316863
2.948e-05	175902.316863
2.946e-05	117685.012
2.946e-05	117685.012
2.946e-05	117685.012
2.948e-05	40467.5258628
2.948e-05	40467.5258628
2.948e-05	40467.5258628
2.947e-05	126203.732
2.947e-05	126203.732
2.947e-05	126203.732
2.948e-05	40467.5258628
2.948e-05	40467.5258628
2.948e-05	40467.5258628
2.948e-05	40467.5258628
2.948e-05	40467.5258628
2.948e-05	40467.5258628
2.948e-05	40467.5258628
2.948e-05	40467.5258628
2.948e-05	40467.5258628
2.947e-05	119531.609
2.947e-05	119531.609
2.947e-05	119531.609
2.945e-05	35553.9992903
2.945e-05	35553.9992903
2.945e-05	35553.9992903
2.947e-05	119531.609
2.947e-05	119531.609
2.947e-05	119531.609
2.944e-05	3990.71101244
2.944e-05	3990.71101244
2.944e-05	3990.71101244
2.943e-05	33813.559322
2.943e-05	33813.559322
2.943e-05	33813.559322
2.943e-05	33813.559322
2.943e-05	33813.559322
2.943e-05	33813.559322
2.941e-05	103078.852
2.941e-05	103078.852
2.941e-05	103078.852
2.941e-05	103078.852
2.941e-05	103078.852
2.941e-05	103078.852
2.943e-05	37932.0991655
2.943e-05	37932.0991655
2.943e-05	37932.0991655
2.942e-05	120056.428
2.942e-05	120056.428
2.942e-05	120056.428
2.943e-05	37932.0991655
2.943e-05	37932.0991655
2.943e-05	37932.0991655
2.935e-05	944.89464063
2.935e-05	944.89464063
2.935e-05	944.89464063
2.935e-05	944.89464063
2.935e-05	944.89464063
2.935e-05	944.89464063
2.935e-05	944.89464063
2.935e-05	944.89464063
2.935e-05	944.89464063
2.935e-05	944.89464063
2.935e-05	944.89464063
2.935e-05	944.89464063
2.935e-05	944.89464063
2.935e-05	944.89464063
2.935e-05	944.89464063
2.935e-05	944.89464063
2.935e-05	944.89464063
2.935e-05	944.89464063
2.94e-05	1744.46520547
2.94e-05	1744.46520547
2.94e-05	1744.46520547
2.934e-05	1984.09269519
2.934e-05	1984.09269519
2.934e-05	1984.09269519
2.934e-05	2928.98733582
2.934e-05	2928.98733582
2.934e-05	2928.98733582
2.934e-05	2928.98733582
2.934e-05	2928.98733582
2.934e-05	2928.98733582
2.938e-05	4125.54893102
2.938e-05	4125.54893102
2.938e-05	4125.54893102
2.938e-05	110208.625
2.938e-05	110208.625
2.938e-05	110208.625
2.939e-05	25513.3702056
2.939e-05	25513.3702056
2.939e-05	25513.3702056
2.939e-05	4124.14520563
2.939e-05	4124.14520563
2.939e-05	4124.14520563
2.939e-05	4124.14520563
2.939e-05	4124.14520563
2.939e-05	4124.14520563
2.939e-05	4124.14520563
2.939e-05	4124.14520563
2.939e-05	4124.14520563
2.939e-05	15088.5082056
2.939e-05	15088.5082056
2.939e-05	15088.5082056
2.939e-05	4124.14520563
2.939e-05	4124.14520563
2.939e-05	4124.14520563
2.934e-05	1984.09269519
2.934e-05	1984.09269519
2.934e-05	1984.09269519
2.934e-05	1984.09269519
2.934e-05	1984.09269519
2.934e-05	1984.09269519
2.939e-05	4124.14520563
2.939e-05	4124.14520563
2.939e-05	4124.14520563
2.939e-05	4124.14520563
2.939e-05	4124.14520563
2.939e-05	4124.14520563
2.934e-05	1984.09269519
2.934e-05	1984.09269519
2.934e-05	1984.09269519
2.934e-05	1984.09269519
2.934e-05	1984.09269519
2.934e-05	1984.09269519
2.934e-05	1984.09269519
2.934e-05	1984.09269519
2.934e-05	1984.09269519
2.94e-05	1744.46520547
2.94e-05	1744.46520547
2.94e-05	1744.46520547
2.939e-05	4124.14520563
2.939e-05	4124.14520563
2.939e-05	4124.14520563
2.939e-05	4124.14520563
2.939e-05	4124.14520563
2.939e-05	4124.14520563
2.939e-05	4124.14520563
2.939e-05	4124.14520563
2.939e-05	4124.14520563
2.939e-05	4124.14520563
2.939e-05	4124.14520563
2.939e-05	4124.14520563
2.939e-05	4124.14520563
2.939e-05	4124.14520563
2.939e-05	4124.14520563
2.939e-05	4124.14520563
2.939e-05	4124.14520563
2.939e-05	4124.14520563
2.939e-05	4124.14520563
2.939e-05	4124.14520563
2.939e-05	4124.14520563
2.939e-05	4124.14520563
2.939e-05	4124.14520563
2.939e-05	4124.14520563
2.939e-05	4890.13590242
2.939e-05	4890.13590242
2.939e-05	4890.13590242
2.939e-05	4890.13590242
2.939e-05	4890.13590242
2.939e-05	4890.13590242
2.939e-05	4890.13590242
2.939e-05	4890.13590242
2.939e-05	4890.13590242
2.939e-05	4890.13590242
2.939e-05	4890.13590242
2.939e-05	4890.13590242
2.939e-05	4890.13590242
2.939e-05	4890.13590242
2.939e-05	4890.13590242
2.934e-05	1984.09269519
2.934e-05	1984.09269519
2.934e-05	1984.09269519
2.939e-05	4890.13590242
2.939e-05	4890.13590242
2.939e-05	4890.13590242
2.942e-05	4119.93975504
2.942e-05	4119.93975504
2.942e-05	4119.93975504
2.948e-05	39167.5258628
2.948e-05	39167.5258628
2.948e-05	39167.5258628
2.944e-05	3990.71101244
2.944e-05	3990.71101244
2.944e-05	3990.71101244
2.948e-05	43279.0803945
2.948e-05	43279.0803945
2.948e-05	43279.0803945
2.948e-05	39167.5258628
2.948e-05	39167.5258628
2.948e-05	39167.5258628
2.948e-05	39167.5258628
2.948e-05	39167.5258628
2.948e-05	39167.5258628
2.95e-05	204725.962455
2.95e-05	204725.962455
2.95e-05	204725.962455
2.953e-05	18.40173628
2.953e-05	18.40173628
2.953e-05	18.40173628
2.953e-05	18.40173628
2.953e-05	18.40173628
2.953e-05	18.40173628
2.953e-05	18.40173628
2.953e-05	18.40173628
2.953e-05	18.40173628
2.953e-05	18.40173628
2.953e-05	18.40173628
2.953e-05	18.40173628
2.95e-05	204725.962455
2.95e-05	204725.962455
2.95e-05	204725.962455
2.95e-05	204725.962455
2.95e-05	204725.962455
2.95e-05	204725.962455
2.953e-05	18.40173628
2.953e-05	18.40173628
2.953e-05	18.40173628
2.955e-05	1966.81389157
2.955e-05	1966.81389157
2.955e-05	1966.81389157
2.959e-05	26891.2699423
2.959e-05	26891.2699423
2.959e-05	26891.2699423
2.959e-05	22795.0
2.959e-05	22795.0
2.959e-05	22795.0
2.96e-05	160625.581928
2.96e-05	160625.581928
2.96e-05	160625.581928
2.96e-05	160625.581928
2.96e-05	160625.581928
2.96e-05	160625.581928
2.96e-05	160625.581928
2.96e-05	160625.581928
2.96e-05	160625.581928
2.967e-05	500.0
2.967e-05	500.0
2.967e-05	500.0
2.967e-05	500.0
2.967e-05	500.0
2.967e-05	500.0
2.968e-05	1800.0
2.968e-05	1800.0
2.968e-05	1800.0
2.968e-05	1800.0
2.968e-05	1800.0
2.968e-05	1800.0
2.978e-05	1318.08903866
2.978e-05	1318.08903866
2.978e-05	1318.08903866
2.998e-05	1064.0
2.998e-05	1064.0
2.998e-05	1064.0
2.999e-05	1868.22342586
2.999e-05	1868.22342586
2.999e-05	1868.22342586
3.004e-05	3228.15533981
3.004e-05	3228.15533981
3.004e-05	3228.15533981
3.004e-05	3228.15533981
3.004e-05	3228.15533981
3.004e-05	3228.15533981
3.006e-05	4000.0
3.006e-05	4000.0
3.006e-05	4000.0
3.006e-05	4000.0
3.006e-05	4000.0
3.006e-05	4000.0
3.004e-05	3228.15533981
3.004e-05	3228.15533981
3.004e-05	3228.15533981
3.007e-05	172101.449275
3.007e-05	172101.449275
3.007e-05	172101.449275
3.007e-05	173769.672701
3.007e-05	173769.672701
3.007e-05	173769.672701
3.007e-05	173769.672701
3.007e-05	173769.672701
3.007e-05	173769.672701
3.008e-05	1000.0
3.008e-05	1000.0
3.008e-05	1000.0
3.01e-05	6903.30105033
3.01e-05	6903.30105033
3.01e-05	6903.30105033
3.029e-05	148.17796
3.029e-05	148.17796
3.029e-05	148.17796
3.04e-05	9533.31135158
3.04e-05	9533.31135158
3.04e-05	9533.31135158
3.049e-05	1000.0
3.049e-05	1000.0
3.049e-05	1000.0
3.05e-05	5520.15371724
3.05e-05	5520.15371724
3.05e-05	5520.15371724
3.055e-05	24774.0
3.055e-05	24774.0
3.055e-05	24774.0
3.05e-05	5520.15371724
3.05e-05	5520.15371724
3.05e-05	5520.15371724
3.057e-05	3589.24870144
3.057e-05	3589.24870144
3.057e-05	3589.24870144
3.07e-05	6700.0
3.07e-05	6700.0
3.07e-05	6700.0
3.072e-05	493.45165899
3.072e-05	493.45165899
3.072e-05	493.45165899
3.058e-05	8364.45945544
3.058e-05	8364.45945544
3.058e-05	8364.45945544
3.051e-05	3846.18073774
3.051e-05	3846.18073774
3.051e-05	3846.18073774
3.068e-05	335584.346251
3.068e-05	335584.346251
3.068e-05	335584.346251
3.061e-05	127443.725
3.061e-05	127443.725
3.061e-05	127443.725
3.067e-05	352.59872414
3.067e-05	352.59872414
3.067e-05	352.59872414
3.067e-05	352.59872414
3.067e-05	352.59872414
3.067e-05	352.59872414
3.055e-05	14851.5388736
3.055e-05	14851.5388736
3.055e-05	14851.5388736
3.048e-05	11616.751
3.048e-05	11616.751
3.048e-05	11616.751
3.043e-05	24.08389773
3.043e-05	24.08389773
3.043e-05	24.08389773
3.022e-05	89129.4043753
3.022e-05	89129.4043753
3.022e-05	89129.4043753
3.022e-05	87320.9043753
3.022e-05	87320.9043753
3.022e-05	87320.9043753
3.022e-05	3883.08981829
3.022e-05	3883.08981829
3.022e-05	3883.08981829
3.012e-05	39735.033
3.012e-05	39735.033
3.012e-05	39735.033
3.004e-05	92705.614
3.004e-05	92705.614
3.004e-05	92705.614
2.995e-05	1265.69279731
2.995e-05	1265.69279731
2.995e-05	1265.69279731
2.993e-05	12085.06894
2.993e-05	12085.06894
2.993e-05	12085.06894
2.993e-05	12085.06894
2.993e-05	12085.06894
2.993e-05	12085.06894
2.995e-05	1265.69279731
2.995e-05	1265.69279731
2.995e-05	1265.69279731
3.023e-05	3881.80530296
3.023e-05	3881.80530296
3.023e-05	3881.80530296
2.999e-05	33.44938842
2.999e-05	33.44938842
2.999e-05	33.44938842
2.995e-05	1265.69279731
2.995e-05	1265.69279731
2.995e-05	1265.69279731
2.993e-05	21437.59
2.993e-05	21437.59
2.993e-05	21437.59
2.99e-05	30444.4056639
2.99e-05	30444.4056639
2.99e-05	30444.4056639
2.99e-05	30444.4056639
2.99e-05	30444.4056639
2.99e-05	30444.4056639
2.987e-05	24.08478825
2.987e-05	24.08478825
2.987e-05	24.08478825
2.998e-05	3914.17526046
2.998e-05	3914.17526046
2.998e-05	3914.17526046
2.99e-05	30444.4056639
2.99e-05	30444.4056639
2.99e-05	30444.4056639
2.999e-05	33.44938842
2.999e-05	33.44938842
2.999e-05	33.44938842
3.014e-05	3893.39662603
3.014e-05	3893.39662603
3.014e-05	3893.39662603
3.03e-05	128.101945
3.03e-05	128.101945
3.03e-05	128.101945
3.03e-05	6128.101945
3.03e-05	6128.101945
3.03e-05	6128.101945
3.03e-05	66473.2964911
3.03e-05	66473.2964911
3.03e-05	66473.2964911
3.038e-05	91432.946
3.038e-05	91432.946
3.038e-05	91432.946
3.029e-05	3874.11602207
3.029e-05	3874.11602207
3.029e-05	3874.11602207
3.022e-05	88023.3694558
3.022e-05	88023.3694558
3.022e-05	88023.3694558
3.022e-05	88023.3694558
3.022e-05	88023.3694558
3.022e-05	88023.3694558
3.029e-05	3874.11602207
3.029e-05	3874.11602207
3.029e-05	3874.11602207
3.04e-05	3860.0978391
3.04e-05	3860.0978391
3.04e-05	3860.0978391
3.044e-05	49981.5536827
3.044e-05	49981.5536827
3.044e-05	49981.5536827
3.044e-05	63252.6086827
3.044e-05	63252.6086827
3.044e-05	63252.6086827
3.041e-05	50413.333
3.041e-05	50413.333
3.041e-05	50413.333
3.045e-05	9417.06115289
3.045e-05	9417.06115289
3.045e-05	9417.06115289
3.048e-05	3849.96634871
3.048e-05	3849.96634871
3.048e-05	3849.96634871
3.049e-05	1843.19611288
3.049e-05	1843.19611288
3.049e-05	1843.19611288
3.053e-05	3843.66113032
3.053e-05	3843.66113032
3.053e-05	3843.66113032
3.052e-05	36240.647
3.052e-05	36240.647
3.052e-05	36240.647
3.048e-05	3849.96634871
3.048e-05	3849.96634871
3.048e-05	3849.96634871
3.049e-05	1000.0
3.049e-05	1000.0
3.049e-05	1000.0
3.049e-05	1000.0
3.049e-05	1000.0
3.049e-05	1000.0
3.052e-05	843.19611288
3.052e-05	843.19611288
3.052e-05	843.19611288
3.052e-05	843.19611288
3.052e-05	843.19611288
3.052e-05	843.19611288
3.052e-05	843.19611288
3.052e-05	843.19611288
3.052e-05	843.19611288
3.052e-05	843.19611288
3.052e-05	843.19611288
3.052e-05	843.19611288
3.052e-05	843.19611288
3.052e-05	843.19611288
3.052e-05	843.19611288
3.052e-05	843.19611288
3.052e-05	843.19611288
3.052e-05	843.19611288
3.051e-05	3846.18073774
3.051e-05	3846.18073774
3.051e-05	3846.18073774
3.055e-05	1000.0
3.055e-05	1000.0
3.055e-05	1000.0
3.056e-05	1000.0
3.056e-05	1000.0
3.056e-05	1000.0
3.052e-05	2.1078388
3.052e-05	2.1078388
3.052e-05	2.1078388
3.055e-05	4841.14482188
3.055e-05	4841.14482188
3.055e-05	4841.14482188
3.055e-05	1000.0
3.055e-05	1000.0
3.055e-05	1000.0
3.046e-05	1000.0
3.046e-05	1000.0
3.046e-05	1000.0
3.049e-05	3848.70365066
3.049e-05	3848.70365066
3.049e-05	3848.70365066
3.05e-05	144.885
3.05e-05	144.885
3.05e-05	144.885
3.055e-05	4841.14482188
3.055e-05	4841.14482188
3.055e-05	4841.14482188
3.043e-05	16245.458
3.043e-05	16245.458
3.043e-05	16245.458
3.047e-05	7893.17145587
3.047e-05	7893.17145587
3.047e-05	7893.17145587
3.047e-05	7893.17145587
3.047e-05	7893.17145587
3.047e-05	7893.17145587
3.046e-05	3852.49423206
3.046e-05	3852.49423206
3.046e-05	3852.49423206
3.046e-05	3852.49423206
3.046e-05	3852.49423206
3.046e-05	3852.49423206
3.046e-05	3852.49423206
3.046e-05	3852.49423206
3.046e-05	3852.49423206
3.046e-05	3852.49423206
3.046e-05	3852.49423206
3.046e-05	3852.49423206
3.045e-05	10000.0
3.045e-05	10000.0
3.045e-05	10000.0
3.046e-05	3852.49423206
3.046e-05	3852.49423206
3.046e-05	3852.49423206
3.047e-05	7893.17145587
3.047e-05	7893.17145587
3.047e-05	7893.17145587
3.043e-05	133919.244
3.043e-05	133919.244
3.043e-05	133919.244
3.035e-05	124825.962
3.035e-05	124825.962
3.035e-05	124825.962
3.046e-05	3852.49423206
3.046e-05	3852.49423206
3.046e-05	3852.49423206
3.046e-05	3852.49423206
3.046e-05	3852.49423206
3.046e-05	3852.49423206
3.031e-05	23.64243898
3.031e-05	23.64243898
3.031e-05	23.64243898
3.035e-05	10000.0
3.035e-05	10000.0
3.035e-05	10000.0
3.031e-05	23.64243898
3.031e-05	23.64243898
3.031e-05	23.64243898
3.031e-05	1000.0
3.031e-05	1000.0
3.031e-05	1000.0
3.034e-05	110861.7
3.034e-05	110861.7
3.034e-05	110861.7
3.025e-05	23.64415077
3.025e-05	23.64415077
3.025e-05	23.64415077
3.002e-05	1000.0
3.002e-05	1000.0
3.002e-05	1000.0
2.99e-05	51785.546
2.99e-05	51785.546
2.99e-05	51785.546
3.019e-05	125790.401
3.019e-05	125790.401
3.019e-05	125790.401
3e-05	500.0
3e-05	500.0
3e-05	500.0
2.979e-05	82673.925
2.979e-05	82673.925
2.979e-05	82673.925
2.982e-05	3935.17687152
2.982e-05	3935.17687152
2.982e-05	3935.17687152
2.999e-05	342116.062336
2.999e-05	342116.062336
2.999e-05	342116.062336
2.979e-05	3939.13978881
2.979e-05	3939.13978881
2.979e-05	3939.13978881
2.977e-05	6781.95998643
2.977e-05	6781.95998643
2.977e-05	6781.95998643
2.98e-05	978.99999
2.98e-05	978.99999
2.98e-05	978.99999
2.971e-05	1531.10224147
2.971e-05	1531.10224147
2.971e-05	1531.10224147
2.974e-05	3945.76241791
2.974e-05	3945.76241791
2.974e-05	3945.76241791
2.98e-05	978.99999
2.98e-05	978.99999
2.98e-05	978.99999
2.98e-05	978.99999
2.98e-05	978.99999
2.98e-05	978.99999
3.016e-05	3890.81479803
3.016e-05	3890.81479803
3.016e-05	3890.81479803
3.009e-05	3899.86621165
3.009e-05	3899.86621165
3.009e-05	3899.86621165
3.019e-05	130612.596
3.019e-05	130612.596
3.019e-05	130612.596
3.012e-05	53617.778
3.012e-05	53617.778
3.012e-05	53617.778
3.017e-05	123861.523
3.017e-05	123861.523
3.017e-05	123861.523
2.998e-05	45049.0928071
2.998e-05	45049.0928071
2.998e-05	45049.0928071
3e-05	500.0
3e-05	500.0
3e-05	500.0
3.013e-05	71692.606
3.013e-05	71692.606
3.013e-05	71692.606
3.017e-05	3889.52516767
3.017e-05	3889.52516767
3.017e-05	3889.52516767
3.011e-05	3897.27579902
3.011e-05	3897.27579902
3.011e-05	3897.27579902
3.013e-05	57222.322
3.013e-05	57222.322
3.013e-05	57222.322
3.013e-05	49434.205
3.013e-05	49434.205
3.013e-05	49434.205
3.017e-05	3889.52516767
3.017e-05	3889.52516767
3.017e-05	3889.52516767
3.03e-05	130750.373
3.03e-05	130750.373
3.03e-05	130750.373
3.022e-05	3883.08981829
3.022e-05	3883.08981829
3.022e-05	3883.08981829
3.035e-05	10000.0
3.035e-05	10000.0
3.035e-05	10000.0
3.045e-05	110565.354
3.045e-05	110565.354
3.045e-05	110565.354
3.046e-05	17150.158
3.046e-05	17150.158
3.046e-05	17150.158
3.035e-05	10000.0
3.035e-05	10000.0
3.035e-05	10000.0
3.047e-05	7893.17145587
3.047e-05	7893.17145587
3.047e-05	7893.17145587
3.047e-05	7893.17145587
3.047e-05	7893.17145587
3.047e-05	7893.17145587
3.047e-05	7893.17145587
3.047e-05	7893.17145587
3.047e-05	7893.17145587
3.047e-05	7893.17145587
3.047e-05	7893.17145587
3.047e-05	7893.17145587
3.046e-05	1500.92292903
3.046e-05	1500.92292903
3.046e-05	1500.92292903
3.046e-05	1500.92292903
3.046e-05	1500.92292903
3.046e-05	1500.92292903
3.046e-05	1500.92292903
3.046e-05	1500.92292903
3.046e-05	1500.92292903
3.046e-05	29434.6904836
3.046e-05	29434.6904836
3.046e-05	29434.6904836
3.04e-05	200.0
3.04e-05	200.0
3.04e-05	200.0
3.05e-05	21144.885
3.05e-05	21144.885
3.05e-05	21144.885
3.06e-05	69946.6980235
3.06e-05	69946.6980235
3.06e-05	69946.6980235
3.06e-05	3321.67832168
3.06e-05	3321.67832168
3.06e-05	3321.67832168
3.065e-05	66625.0197019
3.065e-05	66625.0197019
3.065e-05	66625.0197019
3.066e-05	1445.25094214
3.066e-05	1445.25094214
3.066e-05	1445.25094214
3.066e-05	1445.25094214
3.066e-05	1445.25094214
3.066e-05	1445.25094214
3.067e-05	352.59872414
3.067e-05	352.59872414
3.067e-05	352.59872414
3.067e-05	352.59872414
3.067e-05	352.59872414
3.067e-05	352.59872414
3.063e-05	38613.588
3.063e-05	38613.588
3.063e-05	38613.588
3.05e-05	9611.37329527
3.05e-05	9611.37329527
3.05e-05	9611.37329527
3.047e-05	23.74357079
3.047e-05	23.74357079
3.047e-05	23.74357079
3.055e-05	3841.14482188
3.055e-05	3841.14482188
3.055e-05	3841.14482188
3.048e-05	70461.989
3.048e-05	70461.989
3.048e-05	70461.989
3.049e-05	3848.70365066
3.049e-05	3848.70365066
3.049e-05	3848.70365066
3.06e-05	1651.85571888
3.06e-05	1651.85571888
3.06e-05	1651.85571888
3.064e-05	4803.8570147
3.064e-05	4803.8570147
3.064e-05	4803.8570147
3.056e-05	23.84788262
3.056e-05	23.84788262
3.056e-05	23.84788262
3.056e-05	23.84788262
3.056e-05	23.84788262
3.056e-05	23.84788262
3.053e-05	3843.66113032
3.053e-05	3843.66113032
3.053e-05	3843.66113032
3.047e-05	109793.207
3.047e-05	109793.207
3.047e-05	109793.207
3.062e-05	6591.95781147
3.062e-05	6591.95781147
3.062e-05	6591.95781147
3.064e-05	973.99492891
3.064e-05	973.99492891
3.064e-05	973.99492891
3.061e-05	3833.61562589
3.061e-05	3833.61562589
3.061e-05	3833.61562589
3.059e-05	14360.974
3.059e-05	14360.974
3.059e-05	14360.974
3.064e-05	973.99492891
3.064e-05	973.99492891
3.064e-05	973.99492891
3.059e-05	24885.319
3.059e-05	24885.319
3.059e-05	24885.319
3.064e-05	973.99492891
3.064e-05	973.99492891
3.064e-05	973.99492891
3.063e-05	107301.408
3.063e-05	107301.408
3.063e-05	107301.408
3.061e-05	42954.254
3.061e-05	42954.254
3.061e-05	42954.254
3.058e-05	29278.652
3.058e-05	29278.652
3.058e-05	29278.652
3.06e-05	23.62865413
3.06e-05	23.62865413
3.06e-05	23.62865413
3.06e-05	28099.776
3.06e-05	28099.776
3.06e-05	28099.776
3.062e-05	15000.0
3.062e-05	15000.0
3.062e-05	15000.0
3.062e-05	15000.0
3.062e-05	15000.0
3.062e-05	15000.0
3.058e-05	15337.3676892
3.058e-05	15337.3676892
3.058e-05	15337.3676892
3.062e-05	15000.0
3.062e-05	15000.0
3.062e-05	15000.0
3.062e-05	15000.0
3.062e-05	15000.0
3.062e-05	15000.0
3.061e-05	129785.934
3.061e-05	129785.934
3.061e-05	129785.934
3.061e-05	124252.868
3.061e-05	124252.868
3.061e-05	124252.868
3.061e-05	124252.868
3.061e-05	124252.868
3.061e-05	124252.868
3.06e-05	110531.516
3.06e-05	110531.516
3.06e-05	110531.516
3.059e-05	23.58153732
3.059e-05	23.58153732
3.059e-05	23.58153732
3.057e-05	35018.631806
3.057e-05	35018.631806
3.057e-05	35018.631806
3.061e-05	107173.932
3.061e-05	107173.932
3.061e-05	107173.932
3.048e-05	3849.96634871
3.048e-05	3849.96634871
3.048e-05	3849.96634871
3.061e-05	123861.523
3.061e-05	123861.523
3.061e-05	123861.523
3.06e-05	107654.873
3.06e-05	107654.873
3.06e-05	107654.873
3.04e-05	48164.7342966
3.04e-05	48164.7342966
3.04e-05	48164.7342966
3.032e-05	23.78681347
3.032e-05	23.78681347
3.032e-05	23.78681347
3.04e-05	48141.1278482
3.04e-05	48141.1278482
3.04e-05	48141.1278482
3.037e-05	3863.91090907
3.037e-05	3863.91090907
3.037e-05	3863.91090907
3.054e-05	20000.0
3.054e-05	20000.0
3.054e-05	20000.0
3.026e-05	3877.95685091
3.026e-05	3877.95685091
3.026e-05	3877.95685091
3.018e-05	31.50334959
3.018e-05	31.50334959
3.018e-05	31.50334959
3.032e-05	4262.81462771
3.032e-05	4262.81462771
3.032e-05	4262.81462771
3.019e-05	99920.8096277
3.019e-05	99920.8096277
3.019e-05	99920.8096277
3.024e-05	135572.568
3.024e-05	135572.568
3.024e-05	135572.568
3.018e-05	3888.23639193
3.018e-05	3888.23639193
3.018e-05	3888.23639193
3.008e-05	3901.16270973
3.008e-05	3901.16270973
3.008e-05	3901.16270973
3.023e-05	23.62637182
3.023e-05	23.62637182
3.023e-05	23.62637182
3.023e-05	23.62637182
3.023e-05	23.62637182
3.023e-05	23.62637182
3.041e-05	3858.82848762
3.041e-05	3858.82848762
3.041e-05	3858.82848762
3.025e-05	14706.6787647
3.025e-05	14706.6787647
3.025e-05	14706.6787647
3.024e-05	3880.52163719
3.024e-05	3880.52163719
3.024e-05	3880.52163719
3.025e-05	14706.6787647
3.025e-05	14706.6787647
3.025e-05	14706.6787647
3.024e-05	3880.52163719
3.024e-05	3880.52163719
3.024e-05	3880.52163719
3.024e-05	3880.52163719
3.024e-05	3880.52163719
3.024e-05	3880.52163719
3.032e-05	15907.4380165
3.032e-05	15907.4380165
3.032e-05	15907.4380165
3.025e-05	14706.6787647
3.025e-05	14706.6787647
3.025e-05	14706.6787647
3.046e-05	3852.49423206
3.046e-05	3852.49423206
3.046e-05	3852.49423206
3.045e-05	136123.676
3.045e-05	136123.676
3.045e-05	136123.676
3.036e-05	3865.183607
3.036e-05	3865.183607
3.036e-05	3865.183607
3.046e-05	116539.227
3.046e-05	116539.227
3.046e-05	116539.227
3.025e-05	14706.6787647
3.025e-05	14706.6787647
3.025e-05	14706.6787647
3.036e-05	13301.295
3.036e-05	13301.295
3.036e-05	13301.295
3.041e-05	17419.717
3.041e-05	17419.717
3.041e-05	17419.717
3.049e-05	3848.70365066
3.049e-05	3848.70365066
3.049e-05	3848.70365066
3.05e-05	99564.89
3.05e-05	99564.89
3.05e-05	99564.89
3.047e-05	3851.22987557
3.047e-05	3851.22987557
3.047e-05	3851.22987557
3.05e-05	99564.89
3.05e-05	99564.89
3.05e-05	99564.89
3.05e-05	126479.286
3.05e-05	126479.286
3.05e-05	126479.286
3.05e-05	126479.286
3.05e-05	126479.286
3.05e-05	126479.286
3.051e-05	3846.18073774
3.051e-05	3846.18073774
3.051e-05	3846.18073774
3.05e-05	102167.911
3.05e-05	102167.911
3.05e-05	102167.911
3.047e-05	63172.692
3.047e-05	63172.692
3.047e-05	63172.692
3.048e-05	3849.96634871
3.048e-05	3849.96634871
3.048e-05	3849.96634871
3.044e-05	9468.50887825
3.044e-05	9468.50887825
3.044e-05	9468.50887825
