0.00017354	7287.049
0.00017354	7287.049
0.00017354	7287.049
0.00017334	7644.791
0.00017334	7644.791
0.00017334	7644.791
0.00017316	7248.164
0.00017316	7248.164
0.00017316	7248.164
0.00017316	7248.164
0.00017316	7248.164
0.00017316	7248.164
0.00017316	7248.164
0.00017316	7248.164
0.00017316	7248.164
0.00017316	7248.164
0.00017316	7248.164
0.00017316	7248.164
0.00017316	7248.164
0.00017316	7248.164
0.00017316	7248.164
0.00017316	7248.164
0.00017316	7248.164
0.00017316	7248.164
0.00017316	7248.164
0.00017316	7248.164
0.00017316	7248.164
0.00017316	7248.164
0.00017316	7248.164
0.00017316	7248.164
0.00017315	4064.15
0.00017315	4064.15
0.00017315	4064.15
0.00017315	4064.15
0.00017315	4064.15
0.00017315	4064.15
0.00017315	4064.15
0.00017315	4064.15
0.00017315	4064.15
0.00017315	4064.15
0.00017315	4064.15
0.00017315	4064.15
0.00017315	4064.15
0.00017315	4064.15
0.00017315	4064.15
0.00017315	4064.15
0.00017315	4064.15
0.00017315	4064.15
0.00017315	4064.15
0.00017315	4064.15
0.00017315	4064.15
0.00017315	4064.15
0.00017315	4064.15
0.00017315	4064.15
0.00017315	4064.15
0.00017315	4064.15
0.00017315	4064.15
0.00017315	4064.15
0.00017315	4064.15
0.00017315	4064.15
0.00017315	4064.15
0.00017315	4064.15
0.00017315	4064.15
0.00017315	4064.15
0.00017315	4064.15
0.00017315	4064.15
0.00017315	4064.15
0.00017315	4064.15
0.00017315	4064.15
0.00017315	4064.15
0.00017315	4064.15
0.00017315	4064.15
0.00017315	4064.15
0.00017315	4064.15
0.00017315	4064.15
0.00017315	4064.15
0.00017315	4064.15
0.00017315	4064.15
0.00017315	4064.15
0.00017315	4064.15
0.00017315	4064.15
0.00017315	4064.15
0.00017315	4064.15
0.00017315	4064.15
0.00017315	4064.15
0.00017315	4064.15
0.00017315	4064.15
0.00017315	4064.15
0.00017315	4064.15
0.00017315	4064.15
0.00017315	4064.15
0.00017315	4064.15
0.00017315	4064.15
0.00017315	4064.15
0.00017315	4064.15
0.00017315	4064.15
0.00017315	4064.15
0.00017315	4064.15
0.00017315	4064.15
0.00017315	4064.15
0.00017315	4064.15
0.00017315	4064.15
0.00017315	4064.15
0.00017315	4064.15
0.00017315	4064.15
0.00017315	4064.15
0.00017315	4064.15
0.00017315	4064.15
0.00017315	4064.15
0.00017315	4064.15
0.00017315	4064.15
0.00017315	4064.15
0.00017315	4064.15
0.00017315	4064.15
0.00017315	4064.15
0.00017315	4064.15
0.00017315	4064.15
0.00017315	4064.15
0.00017315	4064.15
0.00017315	4064.15
0.00017315	4064.15
0.00017315	4064.15
0.00017315	4064.15
0.00017315	4064.15
0.00017315	4064.15
0.00017315	4064.15
0.00017315	4064.15
0.00017315	4064.15
0.00017315	4064.15
0.00017315	4064.15
0.00017315	4064.15
0.00017315	4064.15
0.00017247	115.47260161
0.00017247	115.47260161
0.00017247	115.47260161
0.00017247	115.47260161
0.00017247	115.47260161
0.00017247	115.47260161
0.00017496	6104.818
0.00017496	6104.818
0.00017496	6104.818
0.00017468	7598.129
0.00017468	7598.129
0.00017468	7598.129
0.0001744	190.60185014
0.0001744	190.60185014
0.0001744	190.60185014
0.00017416	7139.286
0.00017416	7139.286
0.00017416	7139.286
0.00017392	6999.3
0.00017392	6999.3
0.00017392	6999.3
0.00017374	7761.446
0.00017374	7761.446
0.00017374	7761.446
0.00017354	7045.962
0.00017354	7045.962
0.00017354	7045.962
0.00017337	191.73422544
0.00017337	191.73422544
0.00017337	191.73422544
0.00017474	7131.509
0.00017474	7131.509
0.00017474	7131.509
0.00017453	190.4598789
0.00017453	190.4598789
0.00017453	190.4598789
0.00017432	1697.002
0.00017432	1697.002
0.00017432	1697.002
0.0001749	7077.07
0.0001749	7077.07
0.0001749	7077.07
0.0001747	7201.502
0.0001747	7201.502
0.0001747	7201.502
0.00017451	190.56970191
0.00017451	190.56970191
0.00017451	190.56970191
0.00017497	190.06868995
0.00017497	190.06868995
0.00017497	190.06868995
0.00017497	190.06868995
0.00017497	190.06868995
0.00017497	190.06868995
0.00017497	190.06868995
0.00017497	190.06868995
0.00017497	190.06868995
0.00017497	190.06868995
0.00017497	190.06868995
0.00017497	190.06868995
0.00017497	190.06868995
0.00017497	190.06868995
0.00017497	190.06868995
0.00017498	73.36115061
0.00017498	73.36115061
0.00017498	73.36115061
0.00017497	189.75972777
0.00017497	189.75972777
0.00017497	189.75972777
0.00017497	189.75972777
0.00017497	189.75972777
0.00017497	189.75972777
0.00017497	189.75972777
0.00017497	189.75972777
0.00017497	189.75972777
0.00017497	189.75972777
0.00017497	189.75972777
0.00017497	189.75972777
0.00017497	189.75972777
0.00017497	189.75972777
0.00017497	189.75972777
0.00017497	189.75972777
0.00017497	189.75972777
0.00017497	189.75972777
0.00017497	189.75972777
0.00017497	189.75972777
0.00017497	189.75972777
0.00017497	189.75972777
0.00017497	189.75972777
0.00017497	189.75972777
0.00017497	189.75972777
0.00017497	189.75972777
0.00017497	189.75972777
0.00017497	189.75972777
0.00017497	189.75972777
0.00017497	189.75972777
0.00017497	189.75972777
0.00017497	189.75972777
0.00017497	189.75972777
0.00017497	189.75972777
0.00017497	189.75972777
0.00017497	189.75972777
0.00017497	189.75972777
0.00017497	189.75972777
0.00017497	189.75972777
0.00017442	1000.0
0.00017442	1000.0
0.00017442	1000.0
0.00017442	1000.0
0.00017442	1000.0
0.00017442	1000.0
0.00017442	1000.0
0.00017442	1000.0
0.00017442	1000.0
0.00017442	1000.0
0.00017442	1000.0
0.00017442	1000.0
0.00017442	1000.0
0.00017442	1000.0
0.00017442	1000.0
0.00017442	1000.0
0.00017442	1000.0
0.00017442	1000.0
0.00017442	1000.0
0.00017442	1000.0
0.00017442	1000.0
0.00017438	183.18064186
0.00017438	183.18064186
0.00017438	183.18064186
0.00017433	3321.7
0.00017433	3321.7
0.00017433	3321.7
0.00017433	3321.7
0.00017433	3321.7
0.00017433	3321.7
0.00017433	3321.7
0.00017433	3321.7
0.00017433	3321.7
0.00017433	3321.7
0.00017433	3321.7
0.00017433	3321.7
0.00017442	1000.0
0.00017442	1000.0
0.00017442	1000.0
0.00017441	73.1466438
0.00017441	73.1466438
0.00017441	73.1466438
0.00017441	73.1466438
0.00017441	73.1466438
0.00017441	73.1466438
0.00017441	73.1466438
0.00017441	73.1466438
0.00017441	73.1466438
0.00017441	73.1466438
0.00017441	73.1466438
0.00017441	73.1466438
0.00017441	73.1466438
0.00017441	73.1466438
0.00017441	73.1466438
0.00017441	73.1466438
0.00017441	73.1466438
0.00017441	73.1466438
0.00017441	73.1466438
0.00017441	73.1466438
0.00017441	73.1466438
0.00017441	73.1466438
0.00017441	73.1466438
0.00017441	73.1466438
0.00017441	73.1466438
0.00017441	73.1466438
0.00017441	73.1466438
0.00017442	1000.0
0.00017442	1000.0
0.00017442	1000.0
0.00017442	1000.0
0.00017442	1000.0
0.00017442	1000.0
0.00017442	1000.0
0.00017442	1000.0
0.00017442	1000.0
0.00017441	73.1466438
0.00017441	73.1466438
0.00017441	73.1466438
0.00017441	73.1466438
0.00017441	73.1466438
0.00017441	73.1466438
0.00017441	73.1466438
0.00017441	73.1466438
0.00017441	73.1466438
0.00017441	73.1466438
0.00017441	73.1466438
0.00017441	73.1466438
0.00017441	73.1466438
0.00017441	73.1466438
0.00017441	73.1466438
0.00017441	73.1466438
0.00017441	73.1466438
0.00017441	73.1466438
0.00017442	1000.0
0.00017442	1000.0
0.00017442	1000.0
0.00017442	1000.0
0.00017442	1000.0
0.00017442	1000.0
0.00017442	1000.0
0.00017442	1000.0
0.00017442	1000.0
0.00017481	185.35021381
0.00017481	185.35021381
0.00017481	185.35021381
0.00017482	1617.903
0.00017482	1617.903
0.00017482	1617.903
0.00017481	185.47360354
0.00017481	185.47360354
0.00017481	185.47360354
0.00017481	185.47360354
0.00017481	185.47360354
0.00017481	185.47360354
0.00017481	185.47360354
0.00017481	185.47360354
0.00017481	185.47360354
0.00017481	185.47360354
0.00017481	185.47360354
0.00017481	185.47360354
0.00017481	185.47360354
0.00017481	185.47360354
0.00017481	185.47360354
0.00017499	185.28281979
0.00017499	185.28281979
0.00017499	185.28281979
0.00017576	100.0
0.00017576	100.0
0.00017576	100.0
0.00017576	100.0
0.00017576	100.0
0.00017576	100.0
0.00017576	100.0
0.00017576	100.0
0.00017576	100.0
0.000175	0.14043979
0.000175	0.14043979
0.000175	0.14043979
0.000175	0.14043979
0.000175	0.14043979
0.000175	0.14043979
0.000175	0.14043979
0.000175	0.14043979
0.000175	0.14043979
0.000175	0.14043979
0.000175	0.14043979
0.000175	0.14043979
0.000175	0.14043979
0.000175	0.14043979
0.000175	0.14043979
0.000175	0.14043979
0.000175	0.14043979
0.000175	0.14043979
0.000175	0.14043979
0.000175	0.14043979
0.000175	0.14043979
0.00017496	110.38020853
0.00017496	110.38020853
0.00017496	110.38020853
0.00017496	110.38020853
0.00017496	110.38020853
0.00017496	110.38020853
0.00017496	110.38020853
0.00017496	110.38020853
0.00017496	110.38020853
0.00017494	110.36242655
0.00017494	110.36242655
0.00017494	110.36242655
0.00017493	5327.03
0.00017493	5327.03
0.00017493	5327.03
0.00017493	5327.03
0.00017493	5327.03
0.00017493	5327.03
0.00017483	4499.99552
0.00017483	4499.99552
0.00017483	4499.99552
0.00017491	110.48494894
0.00017491	110.48494894
0.00017491	110.48494894
0.0001749	187.71789057
0.0001749	187.71789057
0.0001749	187.71789057
0.00017464	911.967
0.00017464	911.967
0.00017464	911.967
0.00017451	4499.99552
0.00017451	4499.99552
0.00017451	4499.99552
0.00017439	4499.99552
0.00017439	4499.99552
0.00017439	4499.99552
0.00017431	4499.99552
0.00017431	4499.99552
0.00017431	4499.99552
0.00017417	4499.99552
0.00017417	4499.99552
0.00017417	4499.99552
0.00017417	4499.99552
0.00017417	4499.99552
0.00017417	4499.99552
0.00017415	109.82581954
0.00017415	109.82581954
0.00017415	109.82581954
0.00017411	188.80617486
0.00017411	188.80617486
0.00017411	188.80617486
0.0001741	189.20617121
0.0001741	189.20617121
0.0001741	189.20617121
0.0001741	189.20617121
0.0001741	189.20617121
0.0001741	189.20617121
0.0001749	4499.99552
0.0001749	4499.99552
0.0001749	4499.99552
0.00017499	188.24386769
0.00017499	188.24386769
0.00017499	188.24386769
0.00017366	109.63250099
0.00017366	109.63250099
0.00017366	109.63250099
0.00017478	2877.665
0.00017478	2877.665
0.00017478	2877.665
0.00017453	2573.424
0.00017453	2573.424
0.00017453	2573.424
0.00017364	109.58994171
0.00017364	109.58994171
0.00017364	109.58994171
0.00017484	189.61107542
0.00017484	189.61107542
0.00017484	189.61107542
0.00017495	2640.349
0.00017495	2640.349
0.00017495	2640.349
0.00017279	7699.23
0.00017279	7699.23
0.00017279	7699.23
0.00017266	4499.99552
0.00017266	4499.99552
0.00017266	4499.99552
0.00017266	4499.99552
0.00017266	4499.99552
0.00017266	4499.99552
0.00017264	134.03238336
0.00017264	134.03238336
0.00017264	134.03238336
0.00017264	134.03238336
0.00017264	134.03238336
0.00017264	134.03238336
0.00017262	134.03295757
0.00017262	134.03295757
0.00017262	134.03295757
0.00017262	134.03295757
0.00017262	134.03295757
0.00017262	134.03295757
0.0001726	134.00621106
0.0001726	134.00621106
0.0001726	134.00621106
0.00017277	64.54939229
0.00017277	64.54939229
0.00017277	64.54939229
0.00017472	8652.15552
0.00017472	8652.15552
0.00017472	8652.15552
0.00017445	190.15444412
0.00017445	190.15444412
0.00017445	190.15444412
0.00017274	4499.99552
0.00017274	4499.99552
0.00017274	4499.99552
0.0001725	4499.99552
0.0001725	4499.99552
0.0001725	4499.99552
0.00017232	4499.99552
0.00017232	4499.99552
0.00017232	4499.99552
0.00017212	4499.99552
0.00017212	4499.99552
0.00017212	4499.99552
0.0001719	4499.99552
0.0001719	4499.99552
0.0001719	4499.99552
0.00017178	4499.99552
0.00017178	4499.99552
0.00017178	4499.99552
0.00017178	4499.99552
0.00017178	4499.99552
0.00017178	4499.99552
0.00017159	4499.99552
0.00017159	4499.99552
0.00017159	4499.99552
0.00017141	4499.99552
0.00017141	4499.99552
0.00017141	4499.99552
0.0001714	4.18570507
0.0001714	4.18570507
0.0001714	4.18570507
0.00017139	133.49971893
0.00017139	133.49971893
0.00017139	133.49971893
0.00017138	133.49206493
0.00017138	133.49206493
0.00017138	133.49206493
0.00017138	133.49206493
0.00017138	133.49206493
0.00017138	133.49206493
0.00017136	133.44333291
0.00017136	133.44333291
0.00017136	133.44333291
0.00017136	133.44333291
0.00017136	133.44333291
0.00017136	133.44333291
0.00017133	133.43082395
0.00017133	133.43082395
0.00017133	133.43082395
0.00017133	133.43082395
0.00017133	133.43082395
0.00017133	133.43082395
0.00017231	4499.99552
0.00017231	4499.99552
0.00017231	4499.99552
0.00017209	2299.143
0.00017209	2299.143
0.00017209	2299.143
0.00017199	2127.824
0.00017199	2127.824
0.00017199	2127.824
0.00017199	2127.824
0.00017199	2127.824
0.00017199	2127.824
0.00017199	2127.824
0.00017199	2127.824
0.00017199	2127.824
0.00017199	2127.824
0.00017199	2127.824
0.00017199	2127.824
0.000172	4499.99552
0.000172	4499.99552
0.000172	4499.99552
0.00017192	194.4213305
0.00017192	194.4213305
0.00017192	194.4213305
0.00016951	307.04231157
0.00016951	307.04231157
0.00016951	307.04231157
0.00016951	307.04231157
0.00016951	307.04231157
0.00016951	307.04231157
0.00017257	2060.031
0.00017257	2060.031
0.00017257	2060.031
0.0001723	1183.891
0.0001723	1183.891
0.0001723	1183.891
0.00017201	4529.66627457
0.00017201	4529.66627457
0.00017201	4529.66627457
0.00017189	195.68034575
0.00017189	195.68034575
0.00017189	195.68034575
0.0001719	710.96
0.0001719	710.96
0.0001719	710.96
0.0001719	710.96
0.0001719	710.96
0.0001719	710.96
0.00017189	195.68034575
0.00017189	195.68034575
0.00017189	195.68034575
0.00017189	195.68034575
0.00017189	195.68034575
0.00017189	195.68034575
0.00017186	195.71450385
0.00017186	195.71450385
0.00017186	195.71450385
0.00017182	195.76006653
0.00017182	195.76006653
0.00017182	195.76006653
0.00017182	195.76006653
0.00017182	195.76006653
0.00017182	195.76006653
0.00017182	195.76006653
0.00017182	195.76006653
0.00017182	195.76006653
0.00017181	195.77146052
0.00017181	195.77146052
0.00017181	195.77146052
0.00017181	195.77146052
0.00017181	195.77146052
0.00017181	195.77146052
0.00017179	195.79425247
0.00017179	195.79425247
0.00017179	195.79425247
0.00017179	195.79425247
0.00017179	195.79425247
0.00017179	195.79425247
0.00017179	195.79425247
0.00017179	195.79425247
0.00017179	195.79425247
0.00017261	194.8641135
0.00017261	194.8641135
0.00017261	194.8641135
0.00017259	194.88669466
0.00017259	194.88669466
0.00017259	194.88669466
0.00017257	194.90928105
0.00017257	194.90928105
0.00017257	194.90928105
0.00017258	3987.52470507
0.00017258	3987.52470507
0.00017258	3987.52470507
0.00017249	194.999679
0.00017249	194.999679
0.00017249	194.999679
0.00017229	195.22604116
0.00017229	195.22604116
0.00017229	195.22604116
0.0001723	5278.071
0.0001723	5278.071
0.0001723	5278.071
0.00017229	195.22604116
0.00017229	195.22604116
0.00017229	195.22604116
0.00017265	7053.739
0.00017265	7053.739
0.00017265	7053.739
0.00017256	194.92375949
0.00017256	194.92375949
0.00017256	194.92375949
0.00016948	0.77644324
0.00016948	0.77644324
0.00016948	0.77644324
0.00016948	0.77644324
0.00016948	0.77644324
0.00016948	0.77644324
0.00016948	0.77644324
0.00016948	0.77644324
0.00016948	0.77644324
0.00016948	0.77644324
0.00016948	0.77644324
0.00016948	0.77644324
0.00016948	0.77644324
0.00016948	0.77644324
0.00016948	0.77644324
0.00016948	0.77644324
0.00016948	0.77644324
0.00016948	0.77644324
0.00016948	0.77644324
0.00016948	0.77644324
0.00016948	0.77644324
0.00016948	0.77644324
0.00016948	0.77644324
0.00016948	0.77644324
0.00016948	0.77644324
0.00016948	0.77644324
0.00016948	0.77644324
0.00016948	0.77644324
0.00016948	0.77644324
0.00016948	0.77644324
0.00016948	0.77644324
0.00016948	0.77644324
0.00016948	0.77644324
0.00016948	0.77644324
0.00016948	0.77644324
0.00016948	0.77644324
0.00016948	0.77644324
0.00016948	0.77644324
0.00016948	0.77644324
0.00016948	0.77644324
0.00016948	0.77644324
0.00016948	0.77644324
0.00016948	0.77644324
0.00016948	0.77644324
0.00016948	0.77644324
0.00016948	0.77644324
0.00016948	0.77644324
0.00016948	0.77644324
0.00016948	0.77644324
0.00016948	0.77644324
0.00016948	0.77644324
0.00016948	0.77644324
0.00016948	0.77644324
0.00016948	0.77644324
0.00016948	0.77644324
0.00016948	0.77644324
0.00016948	0.77644324
0.00016948	0.77644324
0.00016948	0.77644324
0.00016948	0.77644324
0.00016948	0.77644324
0.00016948	0.77644324
0.00016948	0.77644324
0.00016948	0.77644324
0.00016948	0.77644324
0.00016948	0.77644324
0.00016948	0.77644324
0.00016948	0.77644324
0.00016948	0.77644324
0.00017184	4499.99552
0.00017184	4499.99552
0.00017184	4499.99552
0.00017204	5753.82
0.00017204	5753.82
0.00017204	5753.82
0.00017184	4499.99552
0.00017184	4499.99552
0.00017184	4499.99552
0.00017184	4499.99552
0.00017184	4499.99552
0.00017184	4499.99552
0.00017184	4499.99552
0.00017184	4499.99552
0.00017184	4499.99552
0.00017191	1741.471
0.00017191	1741.471
0.00017191	1741.471
0.00017184	4499.99552
0.00017184	4499.99552
0.00017184	4499.99552
0.00017205	194.19639081
0.00017205	194.19639081
0.00017205	194.19639081
0.00017184	4499.99552
0.00017184	4499.99552
0.00017184	4499.99552
0.00017207	194.17381902
0.00017207	194.17381902
0.00017207	194.17381902
0.00017207	194.17381902
0.00017207	194.17381902
0.00017207	194.17381902
0.00017207	194.17381902
0.00017207	194.17381902
0.00017207	194.17381902
0.00017207	194.17381902
0.00017207	194.17381902
0.00017207	194.17381902
0.00017183	4.19935146
0.00017183	4.19935146
0.00017183	4.19935146
0.00017207	194.17381902
0.00017207	194.17381902
0.00017207	194.17381902
0.00017219	3319.344
0.00017219	3319.344
0.00017219	3319.344
0.00017217	4.19935146
0.00017217	4.19935146
0.00017217	4.19935146
0.00017215	4.20984985
0.00017215	4.20984985
0.00017215	4.20984985
0.00017216	4.20984985
0.00017216	4.20984985
0.00017216	4.20984985
0.00017217	4.19935146
0.00017217	4.19935146
0.00017217	4.19935146
0.00017219	3004.763
0.00017219	3004.763
0.00017219	3004.763
0.00017205	4.19935146
0.00017205	4.19935146
0.00017205	4.19935146
0.00017201	4.20984985
0.00017201	4.20984985
0.00017201	4.20984985
0.0001722	4499.99552
0.0001722	4499.99552
0.0001722	4499.99552
0.0001722	4499.99552
0.0001722	4499.99552
0.0001722	4499.99552
0.0001722	4499.99552
0.0001722	4499.99552
0.0001722	4499.99552
0.0001722	4499.99552
0.0001722	4499.99552
0.0001722	4499.99552
0.0001722	4499.99552
0.0001722	4499.99552
0.0001722	4499.99552
0.0001722	4499.99552
0.0001722	4499.99552
0.0001722	4499.99552
0.0001722	4499.99552
0.0001722	4499.99552
0.0001722	4499.99552
0.0001722	4499.99552
0.0001722	4499.99552
0.0001722	4499.99552
0.0001722	4499.99552
0.0001722	4499.99552
0.0001722	4499.99552
0.0001722	4499.99552
0.0001722	4499.99552
0.0001722	4499.99552
0.00017273	4694.15873291
0.00017273	4694.15873291
0.00017273	4694.15873291
0.00017245	2038.292
0.00017245	2038.292
0.00017245	2038.292
0.00017231	2074.368
0.00017231	2074.368
0.00017231	2074.368
0.00017231	2074.368
0.00017231	2074.368
0.00017231	2074.368
0.00017231	2074.368
0.00017231	2074.368
0.00017231	2074.368
0.00017267	4320.58
0.00017267	4320.58
0.00017267	4320.58
0.00017261	4178.697
0.00017261	4178.697
0.00017261	4178.697
0.00017258	194.33197223
0.00017258	194.33197223
0.00017258	194.33197223
0.00017258	3628.976
0.00017258	3628.976
0.00017258	3628.976
0.00017277	64.54939229
0.00017277	64.54939229
0.00017277	64.54939229
0.00017474	1520.756
0.00017474	1520.756
0.00017474	1520.756
0.00017277	64.54939229
0.00017277	64.54939229
0.00017277	64.54939229
0.00017277	64.54939229
0.00017277	64.54939229
0.00017277	64.54939229
0.00017395	4219.77
0.00017395	4219.77
0.00017395	4219.77
0.00017277	64.54939229
0.00017277	64.54939229
0.00017277	64.54939229
0.00017274	4.20984985
0.00017274	4.20984985
0.00017274	4.20984985
0.00017277	64.54939229
0.00017277	64.54939229
0.00017277	64.54939229
0.00017274	4.20984985
0.00017274	4.20984985
0.00017274	4.20984985
0.00017327	194.06541435
0.00017327	194.06541435
0.00017327	194.06541435
0.00017472	5351.24686689
0.00017472	5351.24686689
0.00017472	5351.24686689
0.00017277	64.54939229
0.00017277	64.54939229
0.00017277	64.54939229
0.00017277	64.54939229
0.00017277	64.54939229
0.00017277	64.54939229
0.00017277	64.54939229
0.00017277	64.54939229
0.00017277	64.54939229
0.00017277	64.54939229
0.00017277	64.54939229
0.00017277	64.54939229
0.00017268	4.19631359
0.00017268	4.19631359
0.00017268	4.19631359
0.00017266	4.20853233
0.00017266	4.20853233
0.00017266	4.20853233
0.00017264	33.88035777
0.00017264	33.88035777
0.00017264	33.88035777
0.0001726	4.20851704
0.0001726	4.20851704
0.0001726	4.20851704
0.00017258	4.19634418
0.00017258	4.19634418
0.00017258	4.19634418
0.00017277	64.54939229
0.00017277	64.54939229
0.00017277	64.54939229
0.00017274	8.38737291
0.00017274	8.38737291
0.00017274	8.38737291
0.00017272	29.69449354
0.00017272	29.69449354
0.00017272	29.69449354
0.0001727	8.38854903
0.0001727	8.38854903
0.0001727	8.38854903
0.00017267	4.20853163
0.00017267	4.20853163
0.00017267	4.20853163
0.00017259	33.88615034
0.00017259	33.88615034
0.00017259	33.88615034
0.00017277	64.54939229
0.00017277	64.54939229
0.00017277	64.54939229
0.00017277	64.54939229
0.00017277	64.54939229
0.00017277	64.54939229
0.00017277	64.54939229
0.00017277	64.54939229
0.00017277	64.54939229
0.00017274	8.38737291
0.00017274	8.38737291
0.00017274	8.38737291
0.00017274	8.38737291
0.00017274	8.38737291
0.00017274	8.38737291
0.00017271	4.20854767
0.00017271	4.20854767
0.00017271	4.20854767
0.00017271	4.20854767
0.00017271	4.20854767
0.00017271	4.20854767
0.00017277	64.54939229
0.00017277	64.54939229
0.00017277	64.54939229
0.00017268	8.38854903
0.00017268	8.38854903
0.00017268	8.38854903
0.00017268	8.38854903
0.00017268	8.38854903
0.00017268	8.38854903
0.00017268	8.38854903
0.00017268	8.38854903
0.00017268	8.38854903
0.00017266	4.20853163
0.00017266	4.20853163
0.00017266	4.20853163
0.00017277	64.54939229
0.00017277	64.54939229
0.00017277	64.54939229
0.00017277	64.54939229
0.00017277	64.54939229
0.00017277	64.54939229
0.00017277	64.54939229
0.00017277	64.54939229
0.00017277	64.54939229
0.00017277	64.54939229
0.00017277	64.54939229
0.00017277	64.54939229
0.00017277	64.54939229
0.00017277	64.54939229
0.00017277	64.54939229
0.00017277	64.54939229
0.00017277	64.54939229
0.00017277	64.54939229
0.00017277	64.54939229
0.00017277	64.54939229
0.00017277	64.54939229
0.00017401	194.0036589
0.00017401	194.0036589
0.00017401	194.0036589
0.00017482	4499.99552
0.00017482	4499.99552
0.00017482	4499.99552
0.00017468	5562.312
0.00017468	5562.312
0.00017468	5562.312
0.000175	0.14043979
0.000175	0.14043979
0.000175	0.14043979
0.000175	0.14043979
0.000175	0.14043979
0.000175	0.14043979
0.00017796	6.2373567
0.00017796	6.2373567
0.00017796	6.2373567
0.00017755	994.76672722
0.00017755	994.76672722
0.00017755	994.76672722
0.00017755	994.76672722
0.00017755	994.76672722
0.00017755	994.76672722
0.00017755	994.76672722
0.00017755	994.76672722
0.00017755	994.76672722
0.00017635	4499.99552
0.00017635	4499.99552
0.00017635	4499.99552
0.00017609	4499.99552
0.00017609	4499.99552
0.00017609	4499.99552
0.00017649	59.68709239
0.00017649	59.68709239
0.00017649	59.68709239
0.00017649	59.68709239
0.00017649	59.68709239
0.00017649	59.68709239
0.00017649	59.68709239
0.00017649	59.68709239
0.00017649	59.68709239
0.00017649	59.68709239
0.00017649	59.68709239
0.00017649	59.68709239
0.00017649	59.68709239
0.00017649	59.68709239
0.00017649	59.68709239
0.00017649	59.68709239
0.00017649	59.68709239
0.00017649	59.68709239
0.00017649	59.68709239
0.00017649	59.68709239
0.00017649	59.68709239
0.00017649	59.68709239
0.00017649	59.68709239
0.00017649	59.68709239
0.00017649	59.68709239
0.00017649	59.68709239
0.00017649	59.68709239
0.00017649	59.68709239
0.00017649	59.68709239
0.00017649	59.68709239
0.00017649	59.68709239
0.00017649	59.68709239
0.00017649	59.68709239
0.00017649	59.68709239
0.00017649	59.68709239
0.00017649	59.68709239
0.00017649	59.68709239
0.00017649	59.68709239
0.00017649	59.68709239
0.00017649	59.68709239
0.00017649	59.68709239
0.00017649	59.68709239
0.00017649	59.68709239
0.00017649	59.68709239
0.00017649	59.68709239
0.00017645	190.82675098
0.00017645	190.82675098
0.00017645	190.82675098
0.00017624	1218.717
0.00017624	1218.717
0.00017624	1218.717
0.00017604	4499.99552
0.00017604	4499.99552
0.00017604	4499.99552
0.00017604	4499.99552
0.00017604	4499.99552
0.00017604	4499.99552
0.00017604	4499.99552
0.00017604	4499.99552
0.00017604	4499.99552
0.00017602	943.944
0.00017602	943.944
0.00017602	943.944
0.00017602	943.944
0.00017602	943.944
0.00017602	943.944
0.00017645	161.99999975
0.00017645	161.99999975
0.00017645	161.99999975
0.00017645	161.99999975
0.00017645	161.99999975
0.00017645	161.99999975
0.00017644	3170.005
0.00017644	3170.005
0.00017644	3170.005
0.0001763	3084.381
0.0001763	3084.381
0.0001763	3084.381
0.00017618	3101.291
0.00017618	3101.291
0.00017618	3101.291
0.00017595	4499.99552
0.00017595	4499.99552
0.00017595	4499.99552
0.0001757	6424.137
0.0001757	6424.137
0.0001757	6424.137
0.00017591	28.82675123
0.00017591	28.82675123
0.00017591	28.82675123
0.00017645	161.99999975
0.00017645	161.99999975
0.00017645	161.99999975
0.00017645	161.99999975
0.00017645	161.99999975
0.00017645	161.99999975
0.00017645	161.99999975
0.00017645	161.99999975
0.00017645	161.99999975
0.00017645	161.99999975
0.00017645	161.99999975
0.00017645	161.99999975
0.00017645	161.99999975
0.00017645	161.99999975
0.00017645	161.99999975
0.00017645	161.99999975
0.00017645	161.99999975
0.00017645	161.99999975
0.00017645	161.99999975
0.00017645	161.99999975
0.00017645	161.99999975
0.0001764	808.304
0.0001764	808.304
0.0001764	808.304
0.00017623	899.329
0.00017623	899.329
0.00017623	899.329
0.00017645	161.99999975
0.00017645	161.99999975
0.00017645	161.99999975
0.00017645	161.99999975
0.00017645	161.99999975
0.00017645	161.99999975
0.00017645	161.99999975
0.00017645	161.99999975
0.00017645	161.99999975
0.00017645	161.99999975
0.00017645	161.99999975
0.00017645	161.99999975
0.00017645	161.99999975
0.00017645	161.99999975
0.00017645	161.99999975
0.00017649	59.68709239
0.00017649	59.68709239
0.00017649	59.68709239
0.00017649	59.68709239
0.00017649	59.68709239
0.00017649	59.68709239
0.00017649	59.68709239
0.00017649	59.68709239
0.00017649	59.68709239
0.00017649	59.68709239
0.00017649	59.68709239
0.00017649	59.68709239
0.00017649	59.68709239
0.00017649	59.68709239
0.00017649	59.68709239
0.00017649	59.68709239
0.00017649	59.68709239
0.00017649	59.68709239
0.00017649	59.68709239
0.00017649	59.68709239
0.00017649	59.68709239
0.00017649	59.68709239
0.00017649	59.68709239
0.00017649	59.68709239
0.0001771	4456.816
0.0001771	4456.816
0.0001771	4456.816
0.00017697	4499.99552
0.00017697	4499.99552
0.00017697	4499.99552
0.00017753	126.4456708
0.00017753	126.4456708
0.00017753	126.4456708
0.00017753	126.4456708
0.00017753	126.4456708
0.00017753	126.4456708
0.00017753	126.4456708
0.00017753	126.4456708
0.00017753	126.4456708
0.00017753	126.4456708
0.00017753	126.4456708
0.00017753	126.4456708
0.00017753	126.4456708
0.00017753	126.4456708
0.00017753	126.4456708
0.00017753	126.4456708
0.00017753	126.4456708
0.00017753	126.4456708
0.00017753	126.4456708
0.00017753	126.4456708
0.00017753	126.4456708
0.00017753	126.4456708
0.00017753	126.4456708
0.00017753	126.4456708
0.00017753	126.4456708
0.00017753	126.4456708
0.00017753	126.4456708
0.00017681	3105.39699
0.00017681	3105.39699
0.00017681	3105.39699
0.00017659	3105.39699
0.00017659	3105.39699
0.00017659	3105.39699
0.0001769	28.82675123
0.0001769	28.82675123
0.0001769	28.82675123
0.00017611	3105.39699
0.00017611	3105.39699
0.00017611	3105.39699
0.00017603	3105.39699
0.00017603	3105.39699
0.00017603	3105.39699
0.00017732	7061.516
0.00017732	7061.516
0.00017732	7061.516
0.00017708	7302.603
0.00017708	7302.603
0.00017708	7302.603
0.00017312	7595.0
0.00017312	7595.0
0.00017312	7595.0
0.0001729	7045.962
0.0001729	7045.962
0.0001729	7045.962
0.00017265	7801.41591844
0.00017265	7801.41591844
0.00017265	7801.41591844
0.00017236	206.76321837
0.00017236	206.76321837
0.00017236	206.76321837
0.00017215	7595.0
0.00017215	7595.0
0.00017215	7595.0
0.00017316	180.0
0.00017316	180.0
0.00017316	180.0
0.00017165	7595.0
0.00017165	7595.0
0.00017165	7595.0
0.00017142	6913.753
0.00017142	6913.753
0.00017142	6913.753
0.0001712	7310.38
0.0001712	7310.38
0.0001712	7310.38
0.00017101	7595.0
0.00017101	7595.0
0.00017101	7595.0
0.00017076	6921.53
0.00017076	6921.53
0.00017076	6921.53
0.00017315	205.81985746
0.00017315	205.81985746
0.00017315	205.81985746
0.00017062	7660.345
0.00017062	7660.345
0.00017062	7660.345
0.0001706	959.731
0.0001706	959.731
0.0001706	959.731
0.00017043	7595.0
0.00017043	7595.0
0.00017043	7595.0
0.00017034	6999.3
0.00017034	6999.3
0.00017034	6999.3
0.00017023	7595.0
0.00017023	7595.0
0.00017023	7595.0
0.00017256	7139.286
0.00017256	7139.286
0.00017256	7139.286
0.00016996	7595.0
0.00016996	7595.0
0.00016996	7595.0
0.00016987	845.057
0.00016987	845.057
0.00016987	845.057
0.00016987	845.057
0.00016987	845.057
0.00016987	845.057
0.00016987	845.057
0.00016987	845.057
0.00016987	845.057
0.00016987	845.057
0.00016987	845.057
0.00016987	845.057
0.00016987	845.057
0.00016987	845.057
0.00016987	845.057
0.00016987	845.057
0.00016987	845.057
0.00016987	845.057
0.00016987	845.057
0.00016987	845.057
0.00016987	845.057
0.00016987	845.057
0.00016987	845.057
0.00016987	845.057
0.00017079	7753.669
0.00017079	7753.669
0.00017079	7753.669
0.00017245	7595.0
0.00017245	7595.0
0.00017245	7595.0
0.00017219	7595.0
0.00017219	7595.0
0.00017219	7595.0
0.00017195	7595.0
0.00017195	7595.0
0.00017195	7595.0
0.00017169	7595.0
0.00017169	7595.0
0.00017169	7595.0
0.00017316	180.0
0.00017316	180.0
0.00017316	180.0
0.00017121	7595.0
0.00017121	7595.0
0.00017121	7595.0
0.000171	7535.913
0.000171	7535.913
0.000171	7535.913
0.00017082	7613.683
0.00017082	7613.683
0.00017082	7613.683
0.00017314	7761.446
0.00017314	7761.446
0.00017314	7761.446
0.00017286	7595.0
0.00017286	7595.0
0.00017286	7595.0
0.00017262	7628.00861695
0.00017262	7628.00861695
0.00017262	7628.00861695
0.00017313	6975.969
0.00017313	6975.969
0.00017313	6975.969
0.00017301	7675.899
0.00017301	7675.899
0.00017301	7675.899
0.00017276	7595.0
0.00017276	7595.0
0.00017276	7595.0
0.00017252	2483.181
0.00017252	2483.181
0.00017252	2483.181
0.00017251	7811.70012794
0.00017251	7811.70012794
0.00017251	7811.70012794
0.00017251	7595.0
0.00017251	7595.0
0.00017251	7595.0
0.00017289	7595.0
0.00017289	7595.0
0.00017289	7595.0
0.00017287	216.24885215
0.00017287	216.24885215
0.00017287	216.24885215
0.00017281	7595.0
0.00017281	7595.0
0.00017281	7595.0
0.00017281	7595.0
0.00017281	7595.0
0.00017281	7595.0
0.00017275	7595.0
0.00017275	7595.0
0.00017275	7595.0
0.00017275	7595.0
0.00017275	7595.0
0.00017275	7595.0
0.00017275	7595.0
0.00017275	7595.0
0.00017275	7595.0
0.00017315	216.72349383
0.00017315	216.72349383
0.00017315	216.72349383
0.00017273	7595.0
0.00017273	7595.0
0.00017273	7595.0
0.00017273	7595.0
0.00017273	7595.0
0.00017273	7595.0
0.00017293	216.99920752
0.00017293	216.99920752
0.00017293	216.99920752
0.00017293	216.99920752
0.00017293	216.99920752
0.00017293	216.99920752
0.00017273	7395.0
0.00017273	7395.0
0.00017273	7395.0
0.00017272	8.16885705
0.00017272	8.16885705
0.00017272	8.16885705
0.00017272	8.16885705
0.00017272	8.16885705
0.00017272	8.16885705
0.00017273	7395.0
0.00017273	7395.0
0.00017273	7395.0
0.00017272	8.16885705
0.00017272	8.16885705
0.00017272	8.16885705
0.00017272	8.16885705
0.00017272	8.16885705
0.00017272	8.16885705
0.00017269	7595.0
0.00017269	7595.0
0.00017269	7595.0
0.00017251	7595.0
0.00017251	7595.0
0.00017251	7595.0
0.00017251	7595.0
0.00017251	7595.0
0.00017251	7595.0
0.00017251	7595.0
0.00017251	7595.0
0.00017251	7595.0
0.00017298	7595.0
0.00017298	7595.0
0.00017298	7595.0
0.00017292	7595.0
0.00017292	7595.0
0.00017292	7595.0
0.00017292	7595.0
0.00017292	7595.0
0.00017292	7595.0
0.00017292	7595.0
0.00017292	7595.0
0.00017292	7595.0
0.00017292	7595.0
0.00017292	7595.0
0.00017292	7595.0
0.00017292	7595.0
0.00017292	7595.0
0.00017292	7595.0
0.00017292	7595.0
0.00017292	7595.0
0.00017292	7595.0
0.00017292	7595.0
0.00017292	7595.0
0.00017292	7595.0
0.00017292	7595.0
0.00017292	7595.0
0.00017292	7595.0
0.00017292	7595.0
0.00017292	7595.0
0.00017292	7595.0
0.00017292	7595.0
0.00017292	7595.0
0.00017292	7595.0
0.0001729	7603.16885705
0.0001729	7603.16885705
0.0001729	7603.16885705
0.0001729	7603.16885705
0.0001729	7603.16885705
0.0001729	7603.16885705
0.0001729	7603.16885705
0.0001729	7603.16885705
0.0001729	7603.16885705
0.0001729	7603.16885705
0.0001729	7603.16885705
0.0001729	7603.16885705
0.0001729	7603.16885705
0.0001729	7603.16885705
0.0001729	7603.16885705
0.00017101	34.2204187
0.00017101	34.2204187
0.00017101	34.2204187
0.00017269	218.4042736
0.00017269	218.4042736
0.00017269	218.4042736
0.00017268	7595.0
0.00017268	7595.0
0.00017268	7595.0
0.00017292	218.1137752
0.00017292	218.1137752
0.00017292	218.1137752
0.00017268	7629.2204187
0.00017268	7629.2204187
0.00017268	7629.2204187
0.00017293	1092.318
0.00017293	1092.318
0.00017293	1092.318
0.00017293	1092.318
0.00017293	1092.318
0.00017293	1092.318
0.00017268	7629.2204187
0.00017268	7629.2204187
0.00017268	7629.2204187
0.00017255	4.1479263
0.00017255	4.1479263
0.00017255	4.1479263
0.00017255	4.1479263
0.00017255	4.1479263
0.00017255	4.1479263
0.00017255	4.1479263
0.00017255	4.1479263
0.00017255	4.1479263
0.00017255	4.1479263
0.00017255	4.1479263
0.00017255	4.1479263
0.00017255	4.1479263
0.00017255	4.1479263
0.00017255	4.1479263
0.00017255	4.1479263
0.00017255	4.1479263
0.00017255	4.1479263
0.00017253	38.38095648
0.00017253	38.38095648
0.00017253	38.38095648
0.0001725	23.82284991
0.0001725	23.82284991
0.0001725	23.82284991
0.00017252	8.32281201
0.00017252	8.32281201
0.00017252	8.32281201
0.00017253	4.16053778
0.00017253	4.16053778
0.00017253	4.16053778
0.00017252	8.32281201
0.00017252	8.32281201
0.00017252	8.32281201
0.00017253	4.16053778
0.00017253	4.16053778
0.00017253	4.16053778
0.00017252	8.32281201
0.00017252	8.32281201
0.00017252	8.32281201
0.0001725	35.30884761
0.0001725	35.30884761
0.0001725	35.30884761
0.00017249	8.31642091
0.00017249	8.31642091
0.00017249	8.31642091
0.00017249	8.31642091
0.00017249	8.31642091
0.00017249	8.31642091
0.00017249	8.31642091
0.00017249	8.31642091
0.00017249	8.31642091
0.00017249	8.31642091
0.00017249	8.31642091
0.00017249	8.31642091
0.00017249	8.31642091
0.00017249	8.31642091
0.00017249	8.31642091
0.00017249	8.31642091
0.00017249	8.31642091
0.00017249	8.31642091
0.00017247	4.1593782
0.00017247	4.1593782
0.00017247	4.1593782
0.00017246	8.32396213
0.00017246	8.32396213
0.00017246	8.32396213
0.00017246	8.32396213
0.00017246	8.32396213
0.00017246	8.32396213
0.00017247	4.1593782
0.00017247	4.1593782
0.00017247	4.1593782
0.00017247	4.1593782
0.00017247	4.1593782
0.00017247	4.1593782
0.00017244	4.1556131
0.00017244	4.1556131
0.00017244	4.1556131
0.00017243	8.31642722
0.00017243	8.31642722
0.00017243	8.31642722
0.00017243	4.16600216
0.00017243	4.16600216
0.00017243	4.16600216
0.00017268	7595.0
0.00017268	7595.0
0.00017268	7595.0
0.00017268	7595.0
0.00017268	7595.0
0.00017268	7595.0
0.0001731	216.75864334
0.0001731	216.75864334
0.0001731	216.75864334
0.0001731	216.75864334
0.0001731	216.75864334
0.0001731	216.75864334
0.00017268	7599.14504379
0.00017268	7599.14504379
0.00017268	7599.14504379
0.00017268	7599.14504379
0.00017268	7599.14504379
0.00017268	7599.14504379
0.00017268	7599.14504379
0.00017268	7599.14504379
0.00017268	7599.14504379
0.00017268	7599.14504379
0.00017268	7599.14504379
0.00017268	7599.14504379
0.00017268	7599.14504379
0.00017268	7599.14504379
0.00017268	7599.14504379
0.00017268	7599.14504379
0.00017268	7599.14504379
0.00017268	7599.14504379
0.00017268	7599.14504379
0.00017268	7599.14504379
0.00017268	7599.14504379
0.00017268	7599.14504379
0.00017268	7599.14504379
0.00017268	7599.14504379
0.00017268	7599.14504379
0.00017268	7599.14504379
0.00017268	7599.14504379
0.00017267	8.30355499
0.00017267	8.30355499
0.00017267	8.30355499
0.00017268	7599.14504379
0.00017268	7599.14504379
0.00017268	7599.14504379
0.00017267	8.30355499
0.00017267	8.30355499
0.00017267	8.30355499
0.0001731	215.08242164
0.0001731	215.08242164
0.0001731	215.08242164
0.00017268	7595.0
0.00017268	7595.0
0.00017268	7595.0
0.00017268	7595.0
0.00017268	7595.0
0.00017268	7595.0
0.0001731	215.0997635
0.0001731	215.0997635
0.0001731	215.0997635
0.0001731	215.0997635
0.0001731	215.0997635
0.0001731	215.0997635
0.00017268	7595.0
0.00017268	7595.0
0.00017268	7595.0
0.0001731	213.38658879
0.0001731	213.38658879
0.0001731	213.38658879
0.00017268	7595.0
0.00017268	7595.0
0.00017268	7595.0
0.00017268	7595.0
0.00017268	7595.0
0.00017268	7595.0
0.00017268	7595.0
0.00017268	7595.0
0.00017268	7595.0
0.00017309	7683.676
0.00017309	7683.676
0.00017309	7683.676
0.00017268	7595.0
0.00017268	7595.0
0.00017268	7595.0
0.000173	7061.516
0.000173	7061.516
0.000173	7061.516
0.00017268	7595.0
0.00017268	7595.0
0.00017268	7595.0
0.00017268	7595.0
0.00017268	7595.0
0.00017268	7595.0
0.00017298	213.3606433
0.00017298	213.3606433
0.00017298	213.3606433
0.00017263	8.32148701
0.00017263	8.32148701
0.00017263	8.32148701
0.00017238	4.15998052
0.00017238	4.15998052
0.00017238	4.15998052
0.00017238	4.15998052
0.00017238	4.15998052
0.00017238	4.15998052
0.00017235	4.15581693
0.00017235	4.15581693
0.00017235	4.15581693
0.00017235	4.15581693
0.00017235	4.15581693
0.00017235	4.15581693
0.00017235	4.15581693
0.00017235	4.15581693
0.00017235	4.15581693
0.00017294	213.72682613
0.00017294	213.72682613
0.00017294	213.72682613
0.00017307	213.56628712
0.00017307	213.56628712
0.00017307	213.56628712
0.00017266	7224.05069038
0.00017266	7224.05069038
0.00017266	7224.05069038
0.00017266	7224.05069038
0.00017266	7224.05069038
0.00017266	7224.05069038
0.00017266	7224.05069038
0.00017266	7224.05069038
0.00017266	7224.05069038
0.00017301	6983.746
0.00017301	6983.746
0.00017301	6983.746
0.00017301	6983.746
0.00017301	6983.746
0.00017301	6983.746
0.00017299	7022.631
0.00017299	7022.631
0.00017299	7022.631
0.00017299	7022.631
0.00017299	7022.631
0.00017299	7022.631
0.00017299	7022.631
0.00017299	7022.631
0.00017299	7022.631
0.00017266	7224.04221331
0.00017266	7224.04221331
0.00017266	7224.04221331
0.00017266	7224.04221331
0.00017266	7224.04221331
0.00017266	7224.04221331
0.00017265	4.15973827
0.00017265	4.15973827
0.00017265	4.15973827
0.00017314	3562.001
0.00017314	3562.001
0.00017314	3562.001
0.00017306	6488.285
0.00017306	6488.285
0.00017306	6488.285
0.00017301	213.64035207
0.00017301	213.64035207
0.00017301	213.64035207
0.00017315	213.46761369
0.00017315	213.46761369
0.00017315	213.46761369
0.00017315	213.46761369
0.00017315	213.46761369
0.00017315	213.46761369
0.00017315	213.46761369
0.00017315	213.46761369
0.00017315	213.46761369
0.00017315	213.46761369
0.00017315	213.46761369
0.00017315	213.46761369
0.00017315	213.46761369
0.00017315	213.46761369
0.00017315	213.46761369
0.00017315	213.46761369
0.00017315	213.46761369
0.00017315	213.46761369
0.00017315	213.46761369
0.00017315	213.46761369
0.00017315	213.46761369
0.00017316	180.0
0.00017316	180.0
0.00017316	180.0
0.00017315	213.46761369
0.00017315	213.46761369
0.00017315	213.46761369
0.00017316	180.0
0.00017316	180.0
0.00017316	180.0
0.00017316	180.0
0.00017316	180.0
0.00017316	180.0
0.00017315	213.46761369
0.00017315	213.46761369
0.00017315	213.46761369
0.00017315	213.46761369
0.00017315	213.46761369
0.00017315	213.46761369
0.00017316	180.0
0.00017316	180.0
0.00017316	180.0
0.00017266	7174.05069038
0.00017266	7174.05069038
0.00017266	7174.05069038
0.00017266	7174.05069038
0.00017266	7174.05069038
0.00017266	7174.05069038
0.00017266	7174.05069038
0.00017266	7174.05069038
0.00017266	7174.05069038
0.00017266	7174.05069038
0.00017266	7174.05069038
0.00017266	7174.05069038
0.00017266	7174.05069038
0.00017266	7174.05069038
0.00017266	7174.05069038
0.00017266	7174.05069038
0.00017266	7174.05069038
0.00017266	7174.05069038
0.00017302	1486.444
0.00017302	1486.444
0.00017302	1486.444
0.00017302	1486.444
0.00017302	1486.444
0.00017302	1486.444
0.00017299	1425.748
0.00017299	1425.748
0.00017299	1425.748
0.00017315	213.50715765
0.00017315	213.50715765
0.00017315	213.50715765
0.00017315	213.50715765
0.00017315	213.50715765
0.00017315	213.50715765
0.00017266	7174.05415205
0.00017266	7174.05415205
0.00017266	7174.05415205
0.00017266	7174.05415205
0.00017266	7174.05415205
0.00017266	7174.05415205
0.00017266	7174.05415205
0.00017266	7174.05415205
0.00017266	7174.05415205
0.00017266	7174.05415205
0.00017266	7174.05415205
0.00017266	7174.05415205
0.00017266	7174.05415205
0.00017266	7174.05415205
0.00017266	7174.05415205
0.00017266	7174.05415205
0.00017266	7174.05415205
0.00017266	7174.05415205
0.00017266	7174.05415205
0.00017266	7174.05415205
0.00017266	7174.05415205
0.00017315	213.50715765
0.00017315	213.50715765
0.00017315	213.50715765
0.00017316	180.0
0.00017316	180.0
0.00017316	180.0
0.00017316	180.0
0.00017316	180.0
0.00017316	180.0
0.00017315	1835.094
0.00017315	1835.094
0.00017315	1835.094
0.00017258	4.15400101
0.00017258	4.15400101
0.00017258	4.15400101
0.00017258	4.15400101
0.00017258	4.15400101
0.00017258	4.15400101
0.00017258	4.15400101
0.00017258	4.15400101
0.00017258	4.15400101
0.00017258	4.15400101
0.00017258	4.15400101
0.00017258	4.15400101
0.00017315	213.50715765
0.00017315	213.50715765
0.00017315	213.50715765
0.00017315	213.50715765
0.00017315	213.50715765
0.00017315	213.50715765
0.00017315	213.50715765
0.00017315	213.50715765
0.00017315	213.50715765
0.00017316	180.0
0.00017316	180.0
0.00017316	180.0
0.00017316	180.0
0.00017316	180.0
0.00017316	180.0
0.00017316	180.0
0.00017316	180.0
0.00017316	180.0
0.00017316	180.0
0.00017316	180.0
0.00017316	180.0
0.00017316	180.0
0.00017316	180.0
0.00017316	180.0
0.00017316	180.0
0.00017316	180.0
0.00017316	180.0
0.00017316	180.0
0.00017316	180.0
0.00017316	180.0
0.00017316	180.0
0.00017316	180.0
0.00017316	180.0
0.00017313	1447.239
0.00017313	1447.239
0.00017313	1447.239
0.00017315	981.328
0.00017315	981.328
0.00017315	981.328
0.00017315	981.328
0.00017315	981.328
0.00017315	981.328
0.00017313	980.128
0.00017313	980.128
0.00017313	980.128
0.00017313	980.128
0.00017313	980.128
0.00017313	980.128
0.00017313	980.128
0.00017313	980.128
0.00017313	980.128
0.00017316	180.0
0.00017316	180.0
0.00017316	180.0
0.000173	7595.0
0.000173	7595.0
0.000173	7595.0
0.00017279	1626.164
0.00017279	1626.164
0.00017279	1626.164
0.00017266	7634.85956786
0.00017266	7634.85956786
0.00017266	7634.85956786
0.00017315	1042.756
0.00017315	1042.756
0.00017315	1042.756
0.00017315	1042.756
0.00017315	1042.756
0.00017315	1042.756
0.00017315	1042.756
0.00017315	1042.756
0.00017315	1042.756
0.00017314	1159.375
0.00017314	1159.375
0.00017314	1159.375
0.00017313	1294.7
0.00017313	1294.7
0.00017313	1294.7
0.00017315	1443.818
0.00017315	1443.818
0.00017315	1443.818
0.00017315	1443.818
0.00017315	1443.818
0.00017315	1443.818
0.00017315	1443.818
0.00017315	1443.818
0.00017315	1443.818
0.00017315	1443.818
0.00017315	1443.818
0.00017315	1443.818
0.00017314	58.85302968
0.00017314	58.85302968
0.00017314	58.85302968
0.00017313	1197.561
0.00017313	1197.561
0.00017313	1197.561
0.00017313	1197.561
0.00017313	1197.561
0.00017313	1197.561
0.00017312	1831.066
0.00017312	1831.066
0.00017312	1831.066
0.00017312	1831.066
0.00017312	1831.066
0.00017312	1831.066
0.00017311	1746.606
0.00017311	1746.606
0.00017311	1746.606
0.00017266	7072.41672167
0.00017266	7072.41672167
0.00017266	7072.41672167
0.00017263	7068.26041
0.00017263	7068.26041
0.00017263	7068.26041
0.0001724	3380.01857829
0.0001724	3380.01857829
0.0001724	3380.01857829
0.00017223	7193.725
0.00017223	7193.725
0.00017223	7193.725
0.00017207	6960.415
0.00017207	6960.415
0.00017207	6960.415
0.00017183	4614.048
0.00017183	4614.048
0.00017183	4614.048
0.00017162	4669.47355
0.00017162	4669.47355
0.00017162	4669.47355
0.00017157	7372.596
0.00017157	7372.596
0.00017157	7372.596
0.00017133	7722.561
0.00017133	7722.561
0.00017133	7722.561
0.00017114	4669.47355
0.00017114	4669.47355
0.00017114	4669.47355
0.00017094	4669.47355
0.00017094	4669.47355
0.00017094	4669.47355
0.00017074	4669.47355
0.00017074	4669.47355
0.00017074	4669.47355
0.00017065	7753.669
0.00017065	7753.669
0.00017065	7753.669
0.00017127	1264.955
0.00017127	1264.955
0.00017127	1264.955
0.00017127	1264.955
0.00017127	1264.955
0.00017127	1264.955
0.00017127	1264.955
0.00017127	1264.955
0.00017127	1264.955
0.00017126	1256.065
0.00017126	1256.065
0.00017126	1256.065
0.00017126	1256.065
0.00017126	1256.065
0.00017126	1256.065
0.00017126	1256.065
0.00017126	1256.065
0.00017126	1256.065
0.00017126	1256.065
0.00017126	1256.065
0.00017126	1256.065
0.00017125	1266.73
0.00017125	1266.73
0.00017125	1266.73
0.00017118	4669.47355
0.00017118	4669.47355
0.00017118	4669.47355
0.00017118	4669.47355
0.00017118	4669.47355
0.00017118	4669.47355
0.00017311	2053.154
0.00017311	2053.154
0.00017311	2053.154
0.0001729	4669.47355
0.0001729	4669.47355
0.0001729	4669.47355
0.00017273	2107.088
0.00017273	2107.088
0.00017273	2107.088
0.00017248	4669.47355
0.00017248	4669.47355
0.00017248	4669.47355
0.0001723	4669.47355
0.0001723	4669.47355
0.0001723	4669.47355
0.00017217	2086.728
0.00017217	2086.728
0.00017217	2086.728
0.00017198	4669.47355
0.00017198	4669.47355
0.00017198	4669.47355
0.00017175	3380.01857829
0.00017175	3380.01857829
0.00017175	3380.01857829
0.00017173	6.2500537
0.00017173	6.2500537
0.00017173	6.2500537
0.00017173	6.2500537
0.00017173	6.2500537
0.00017173	6.2500537
0.00017173	6.2500537
0.00017173	6.2500537
0.00017173	6.2500537
0.00017173	6.2500537
0.00017173	6.2500537
0.00017173	6.2500537
0.00017173	6.2500537
0.00017173	6.2500537
0.00017173	6.2500537
0.00017173	6.2500537
0.00017173	6.2500537
0.00017173	6.2500537
0.00017173	6.2500537
0.00017173	6.2500537
0.00017173	6.2500537
0.00017299	1485.345
0.00017299	1485.345
0.00017299	1485.345
0.00017281	1288.643
0.00017281	1288.643
0.00017281	1288.643
0.00017268	211.52870752
0.00017268	211.52870752
0.00017268	211.52870752
0.00017268	211.52870752
0.00017268	211.52870752
0.00017268	211.52870752
0.00017264	1022.939
0.00017264	1022.939
0.00017264	1022.939
0.00017252	1013.911
0.00017252	1013.911
0.00017252	1013.911
0.00017234	1553.73
0.00017234	1553.73
0.00017234	1553.73
0.00017216	1566.308
0.00017216	1566.308
0.00017216	1566.308
0.0001715	3386.25304581
0.0001715	3386.25304581
0.0001715	3386.25304581
0.0001715	3386.25304581
0.0001715	3386.25304581
0.0001715	3386.25304581
0.0001715	3386.25304581
0.0001715	3386.25304581
0.0001715	3386.25304581
0.0001715	3386.25304581
0.0001715	3386.25304581
0.0001715	3386.25304581
0.0001715	3386.25304581
0.0001715	3386.25304581
0.0001715	3386.25304581
0.0001715	3380.01857829
0.0001715	3380.01857829
0.0001715	3380.01857829
0.0001715	3380.01857829
0.0001715	3380.01857829
0.0001715	3380.01857829
0.0001715	3380.01857829
0.0001715	3380.01857829
0.0001715	3380.01857829
0.0001715	3380.01857829
0.0001715	3380.01857829
0.0001715	3380.01857829
0.0001715	3380.01857829
0.0001715	3380.01857829
0.0001715	3380.01857829
0.00017215	1069.336
0.00017215	1069.336
0.00017215	1069.336
0.00017215	1069.336
0.00017215	1069.336
0.00017215	1069.336
0.00017215	1069.336
0.00017215	1069.336
0.00017215	1069.336
0.0001721	4669.47355
0.0001721	4669.47355
0.0001721	4669.47355
0.0001721	4669.47355
0.0001721	4669.47355
0.0001721	4669.47355
0.0001721	4669.47355
0.0001721	4669.47355
0.0001721	4669.47355
0.0001721	4669.47355
0.0001721	4669.47355
0.0001721	4669.47355
0.00017296	213.72093913
0.00017296	213.72093913
0.00017296	213.72093913
0.00017277	4669.47355
0.00017277	4669.47355
0.00017277	4669.47355
0.00017287	219.0447084
0.00017287	219.0447084
0.00017287	219.0447084
0.00017285	5.22553262
0.00017285	5.22553262
0.00017285	5.22553262
0.00017284	5.21250135
0.00017284	5.21250135
0.00017284	5.21250135
0.00017285	5.22553262
0.00017285	5.22553262
0.00017285	5.22553262
0.00017284	5.21250135
0.00017284	5.21250135
0.00017284	5.21250135
0.00017285	5.22553262
0.00017285	5.22553262
0.00017285	5.22553262
0.00017283	5.21250135
0.00017283	5.21250135
0.00017283	5.21250135
0.00017283	5.21250135
0.00017283	5.21250135
0.00017283	5.21250135
0.0001728	5.21250135
0.0001728	5.21250135
0.0001728	5.21250135
0.00017277	5.21250135
0.00017277	5.21250135
0.00017277	5.21250135
0.00017274	5.21250135
0.00017274	5.21250135
0.00017274	5.21250135
0.00017271	5.21250135
0.00017271	5.21250135
0.00017271	5.21250135
0.00017269	5.22553262
0.00017269	5.22553262
0.00017269	5.22553262
0.00017305	4897.45543633
0.00017305	4897.45543633
0.00017305	4897.45543633
0.0001728	4897.78527124
0.0001728	4897.78527124
0.0001728	4897.78527124
0.00017268	233.68288258
0.00017268	233.68288258
0.00017268	233.68288258
0.00017262	5.22553262
0.00017262	5.22553262
0.00017262	5.22553262
0.00017268	228.47038123
0.00017268	228.47038123
0.00017268	228.47038123
0.00017265	5.21250135
0.00017265	5.21250135
0.00017265	5.21250135
0.00017263	5.22553262
0.00017263	5.22553262
0.00017263	5.22553262
0.00017269	781.513
0.00017269	781.513
0.00017269	781.513
0.00017265	5.21250135
0.00017265	5.21250135
0.00017265	5.21250135
0.00017265	5.21250135
0.00017265	5.21250135
0.00017265	5.21250135
0.00017265	5.21250135
0.00017265	5.21250135
0.00017265	5.21250135
0.00017265	5.21250135
0.00017265	5.21250135
0.00017265	5.21250135
0.00017316	180.0
0.00017316	180.0
0.00017316	180.0
0.00017316	180.0
0.00017316	180.0
0.00017316	180.0
0.00017316	180.0
0.00017316	180.0
0.00017316	180.0
0.00017312	5.22553262
0.00017312	5.22553262
0.00017312	5.22553262
0.00017309	5.22553262
0.00017309	5.22553262
0.00017309	5.22553262
0.00017306	5.22553262
0.00017306	5.22553262
0.00017306	5.22553262
0.00017303	5.22553262
0.00017303	5.22553262
0.00017303	5.22553262
0.000173	5.22553262
0.000173	5.22553262
0.000173	5.22553262
0.00017316	180.0
0.00017316	180.0
0.00017316	180.0
0.00017316	180.0
0.00017316	180.0
0.00017316	180.0
0.00017313	5.21250135
0.00017313	5.21250135
0.00017313	5.21250135
0.00017311	5.22553262
0.00017311	5.22553262
0.00017311	5.22553262
0.0001731	5.22553262
0.0001731	5.22553262
0.0001731	5.22553262
0.00017306	5.21250135
0.00017306	5.21250135
0.00017306	5.21250135
0.00017303	5.21250135
0.00017303	5.21250135
0.00017303	5.21250135
0.00017316	180.0
0.00017316	180.0
0.00017316	180.0
0.00017313	5.21250135
0.00017313	5.21250135
0.00017313	5.21250135
0.0001731	5.21250135
0.0001731	5.21250135
0.0001731	5.21250135
0.00017316	180.0
0.00017316	180.0
0.00017316	180.0
0.00017313	5.21250135
0.00017313	5.21250135
0.00017313	5.21250135
0.00017349	7543.69
0.00017349	7543.69
0.00017349	7543.69
0.00017316	180.0
0.00017316	180.0
0.00017316	180.0
0.00017305	5.22553262
0.00017305	5.22553262
0.00017305	5.22553262
0.00017298	227.37550202
0.00017298	227.37550202
0.00017298	227.37550202
0.00017303	227.30979795
0.00017303	227.30979795
0.00017303	227.30979795
0.00017316	180.0
0.00017316	180.0
0.00017316	180.0
0.00017315	232.37779563
0.00017315	232.37779563
0.00017315	232.37779563
0.00017303	4669.47355
0.00017303	4669.47355
0.00017303	4669.47355
0.00017282	608.869
0.00017282	608.869
0.00017282	608.869
0.00017316	180.0
0.00017316	180.0
0.00017316	180.0
0.00017276	5.21250135
0.00017276	5.21250135
0.00017276	5.21250135
0.00017315	229.11025322
0.00017315	229.11025322
0.00017315	229.11025322
0.00017316	180.0
0.00017316	180.0
0.00017316	180.0
0.00017306	700.233
0.00017306	700.233
0.00017306	700.233
0.00017281	4669.47355
0.00017281	4669.47355
0.00017281	4669.47355
0.00017274	1205.382
0.00017274	1205.382
0.00017274	1205.382
0.00017271	5.21250135
0.00017271	5.21250135
0.00017271	5.21250135
0.00017267	5.21250135
0.00017267	5.21250135
0.00017267	5.21250135
0.00017265	5.21250135
0.00017265	5.21250135
0.00017265	5.21250135
0.00017315	229.11025322
0.00017315	229.11025322
0.00017315	229.11025322
0.00017265	5.21250135
0.00017265	5.21250135
0.00017265	5.21250135
0.00017268	1000.0
0.00017268	1000.0
0.00017268	1000.0
0.00017264	5.21250135
0.00017264	5.21250135
0.00017264	5.21250135
0.00017268	1000.0
0.00017268	1000.0
0.00017268	1000.0
0.00017315	228.93487933
0.00017315	228.93487933
0.00017315	228.93487933
0.00017316	180.0
0.00017316	180.0
0.00017316	180.0
0.00017315	228.88463112
0.00017315	228.88463112
0.00017315	228.88463112
0.00017315	228.88463112
0.00017315	228.88463112
0.00017315	228.88463112
0.00017315	228.88463112
0.00017315	228.88463112
0.00017315	228.88463112
0.00017315	228.88463112
0.00017315	228.88463112
0.00017315	228.88463112
0.00017315	228.88463112
0.00017315	228.88463112
0.00017315	228.88463112
0.00017268	1000.0
0.00017268	1000.0
0.00017268	1000.0
0.00017268	1000.0
0.00017268	1000.0
0.00017268	1000.0
0.00017316	180.0
0.00017316	180.0
0.00017316	180.0
0.00017316	180.0
0.00017316	180.0
0.00017316	180.0
0.00017268	1000.0
0.00017268	1000.0
0.00017268	1000.0
0.00017316	180.0
0.00017316	180.0
0.00017316	180.0
0.00017268	1005.21250135
0.00017268	1005.21250135
0.00017268	1005.21250135
0.00017316	180.0
0.00017316	180.0
0.00017316	180.0
0.00017313	5.22553262
0.00017313	5.22553262
0.00017313	5.22553262
0.00017316	180.0
0.00017316	180.0
0.00017316	180.0
0.00017313	5.22553262
0.00017313	5.22553262
0.00017313	5.22553262
0.00017316	180.0
0.00017316	180.0
0.00017316	180.0
0.00017316	180.0
0.00017316	180.0
0.00017316	180.0
0.00017316	180.0
0.00017316	180.0
0.00017316	180.0
0.00017316	180.0
0.00017316	180.0
0.00017316	180.0
0.00017316	180.0
0.00017316	180.0
0.00017316	180.0
0.00017314	1573.73866945
0.00017314	1573.73866945
0.00017314	1573.73866945
0.00017314	1573.73866945
0.00017314	1573.73866945
0.00017314	1573.73866945
0.00017316	180.0
0.00017316	180.0
0.00017316	180.0
0.00017316	180.0
0.00017316	180.0
0.00017316	180.0
0.00017314	1573.73866945
0.00017314	1573.73866945
0.00017314	1573.73866945
0.00017314	1573.73866945
0.00017314	1573.73866945
0.00017314	1573.73866945
0.00017314	1573.73866945
0.00017314	1573.73866945
0.00017314	1573.73866945
0.00017314	1573.73866945
0.00017314	1573.73866945
0.00017314	1573.73866945
0.00017316	180.0
0.00017316	180.0
0.00017316	180.0
0.00017314	1573.73866945
0.00017314	1573.73866945
0.00017314	1573.73866945
0.00017316	180.0
0.00017316	180.0
0.00017316	180.0
0.00017313	5.22553262
0.00017313	5.22553262
0.00017313	5.22553262
0.00017316	180.0
0.00017316	180.0
0.00017316	180.0
0.00017314	1573.73866945
0.00017314	1573.73866945
0.00017314	1573.73866945
0.00017316	180.0
0.00017316	180.0
0.00017316	180.0
0.00017316	180.0
0.00017316	180.0
0.00017316	180.0
0.00017316	180.0
0.00017316	180.0
0.00017316	180.0
0.00017314	1573.73866945
0.00017314	1573.73866945
0.00017314	1573.73866945
0.00017314	1573.73866945
0.00017314	1573.73866945
0.00017314	1573.73866945
0.00017314	1573.73866945
0.00017314	1573.73866945
0.00017314	1573.73866945
0.00017314	1573.73866945
0.00017314	1573.73866945
0.00017314	1573.73866945
0.00017316	180.0
0.00017316	180.0
0.00017316	180.0
0.00017313	5.22553262
0.00017313	5.22553262
0.00017313	5.22553262
0.00017316	180.0
0.00017316	180.0
0.00017316	180.0
0.00017311	5.22553262
0.00017311	5.22553262
0.00017311	5.22553262
0.00017316	180.0
0.00017316	180.0
0.00017316	180.0
0.00017311	7156.30467507
0.00017311	7156.30467507
0.00017311	7156.30467507
0.00017299	5.22553262
0.00017299	5.22553262
0.00017299	5.22553262
0.00017313	228.61738333
0.00017313	228.61738333
0.00017313	228.61738333
0.00017313	5.21250135
0.00017313	5.21250135
0.00017313	5.21250135
0.00017313	228.61738333
0.00017313	228.61738333
0.00017313	228.61738333
0.00017313	228.61738333
0.00017313	228.61738333
0.00017313	228.61738333
0.00017313	228.61738333
0.00017313	228.61738333
0.00017313	228.61738333
0.00017311	5.22553262
0.00017311	5.22553262
0.00017311	5.22553262
0.00017316	180.0
0.00017316	180.0
0.00017316	180.0
0.00017316	180.0
0.00017316	180.0
0.00017316	180.0
0.00017316	180.0
0.00017316	180.0
0.00017316	180.0
0.00017316	180.0
0.00017316	180.0
0.00017316	180.0
0.00017316	180.0
0.00017316	180.0
0.00017316	180.0
0.00017316	180.0
0.00017316	180.0
0.00017316	180.0
0.00017316	180.0
0.00017316	180.0
0.00017316	180.0
0.00017316	180.0
0.00017316	180.0
0.00017316	180.0
0.00017316	180.0
0.00017316	180.0
0.00017316	180.0
0.00017314	1536.27833394
0.00017314	1536.27833394
0.00017314	1536.27833394
0.00017316	180.0
0.00017316	180.0
0.00017316	180.0
0.00017316	180.0
0.00017316	180.0
0.00017316	180.0
0.00017314	1536.27833394
0.00017314	1536.27833394
0.00017314	1536.27833394
0.00017316	180.0
0.00017316	180.0
0.00017316	180.0
0.00017314	1536.29136521
0.00017314	1536.29136521
0.00017314	1536.29136521
0.00017316	185.22553262
0.00017316	185.22553262
0.00017316	185.22553262
0.00017316	185.22553262
0.00017316	185.22553262
0.00017316	185.22553262
0.00017304	4669.47355
0.00017304	4669.47355
0.00017304	4669.47355
0.00017277	7045.962
0.00017277	7045.962
0.00017277	7045.962
0.00017256	4669.47355
0.00017256	4669.47355
0.00017256	4669.47355
0.00017244	5.21250135
0.00017244	5.21250135
0.00017244	5.21250135
0.00017244	5.21250135
0.00017244	5.21250135
0.00017244	5.21250135
0.00017391	227.63769105
0.00017391	227.63769105
0.00017391	227.63769105
0.00017391	227.63769105
0.00017391	227.63769105
0.00017391	227.63769105
0.000175	108.80763183
0.000175	108.80763183
0.000175	108.80763183
0.000175	108.80763183
0.000175	108.80763183
0.000175	108.80763183
0.000175	108.80763183
0.000175	108.80763183
0.000175	108.80763183
0.00017497	5.22553262
0.00017497	5.22553262
0.00017497	5.22553262
0.00017503	4.08939132
0.00017503	4.08939132
0.00017503	4.08939132
0.00017502	5.22553262
0.00017502	5.22553262
0.00017502	5.22553262
0.00017492	1293.38863183
0.00017492	1293.38863183
0.00017492	1293.38863183
0.00017469	4669.47355
0.00017469	4669.47355
0.00017469	4669.47355
0.00017457	4669.47355
0.00017457	4669.47355
0.00017457	4669.47355
0.00017436	4669.47355
0.00017436	4669.47355
0.00017436	4669.47355
0.0001741	4669.47355
0.0001741	4669.47355
0.0001741	4669.47355
0.00017409	5.22553262
0.00017409	5.22553262
0.00017409	5.22553262
0.00017503	4.08939132
0.00017503	4.08939132
0.00017503	4.08939132
0.000175	5.22553262
0.000175	5.22553262
0.000175	5.22553262
0.00017498	5.21253393
0.00017498	5.21253393
0.00017498	5.21253393
0.00017498	5.21253393
0.00017498	5.21253393
0.00017498	5.21253393
0.00017503	4.08939132
0.00017503	4.08939132
0.00017503	4.08939132
0.00017494	100.87945678
0.00017494	100.87945678
0.00017494	100.87945678
0.0001749	108.80763183
0.0001749	108.80763183
0.0001749	108.80763183
0.00017492	108.80763183
0.00017492	108.80763183
0.00017492	108.80763183
0.00017494	100.87945678
0.00017494	100.87945678
0.00017494	100.87945678
0.0001748	5.21250135
0.0001748	5.21250135
0.0001748	5.21250135
0.00017478	5.21250135
0.00017478	5.21250135
0.00017478	5.21250135
0.00017477	5.22553262
0.00017477	5.22553262
0.00017477	5.22553262
0.00017494	100.87945678
0.00017494	100.87945678
0.00017494	100.87945678
0.00017474	5.22553262
0.00017474	5.22553262
0.00017474	5.22553262
0.00017481	108.80763183
0.00017481	108.80763183
0.00017481	108.80763183
0.00017479	5.21250135
0.00017479	5.21250135
0.00017479	5.21250135
0.00017481	108.80763183
0.00017481	108.80763183
0.00017481	108.80763183
0.00017478	5.22553262
0.00017478	5.22553262
0.00017478	5.22553262
0.00017482	108.80763183
0.00017482	108.80763183
0.00017482	108.80763183
0.00017482	108.80763183
0.00017482	108.80763183
0.00017482	108.80763183
0.00017482	108.80763183
0.00017482	108.80763183
0.00017482	108.80763183
0.00017478	10.43803397
0.00017478	10.43803397
0.00017478	10.43803397
0.00017478	5.22553262
0.00017478	5.22553262
0.00017478	5.22553262
0.00017482	108.80763183
0.00017482	108.80763183
0.00017482	108.80763183
0.00017492	108.80763183
0.00017492	108.80763183
0.00017492	108.80763183
0.00017476	5.21250135
0.00017476	5.21250135
0.00017476	5.21250135
0.00017492	108.80763183
0.00017492	108.80763183
0.00017492	108.80763183
0.00017492	108.80763183
0.00017492	108.80763183
0.00017492	108.80763183
0.00017478	10.43803397
0.00017478	10.43803397
0.00017478	10.43803397
0.00017478	5.22553262
0.00017478	5.22553262
0.00017478	5.22553262
0.00017478	5.22553262
0.00017478	5.22553262
0.00017478	5.22553262
0.00017478	5.22553262
0.00017478	5.22553262
0.00017478	5.22553262
0.00017478	5.22553262
0.00017478	5.22553262
0.00017478	5.22553262
0.00017391	0.25217758
0.00017391	0.25217758
0.00017391	0.25217758
0.00017391	0.25217758
0.00017391	0.25217758
0.00017391	0.25217758
0.00017391	0.25217758
0.00017391	0.25217758
0.00017391	0.25217758
0.00017391	0.25217758
0.00017391	0.25217758
0.00017391	0.25217758
0.00017391	0.25217758
0.00017391	0.25217758
0.00017391	0.25217758
0.00017391	0.25217758
0.00017391	0.25217758
0.00017391	0.25217758
0.00017391	0.25217758
0.00017391	0.25217758
0.00017391	0.25217758
0.00017391	0.25217758
0.00017391	0.25217758
0.00017391	0.25217758
0.00017391	0.25217758
0.00017391	0.25217758
0.00017391	0.25217758
0.00017391	0.25217758
0.00017391	0.25217758
0.00017391	0.25217758
0.00017391	0.25217758
0.00017391	0.25217758
0.00017391	0.25217758
0.00017391	0.25217758
0.00017391	0.25217758
0.00017391	0.25217758
0.00017391	0.25217758
0.00017391	0.25217758
0.00017391	0.25217758
0.00017391	0.25217758
0.00017391	0.25217758
0.00017391	0.25217758
0.00017391	0.25217758
0.00017391	0.25217758
0.00017391	0.25217758
0.00017391	0.25217758
0.00017391	0.25217758
0.00017391	0.25217758
0.00017391	0.25217758
0.00017391	0.25217758
0.00017391	0.25217758
0.00017468	108.80763183
0.00017468	108.80763183
0.00017468	108.80763183
0.00017468	108.80763183
0.00017468	108.80763183
0.00017468	108.80763183
0.00017468	108.80763183
0.00017468	108.80763183
0.00017468	108.80763183
0.00017468	108.80763183
0.00017468	108.80763183
0.00017468	108.80763183
0.00017468	108.80763183
0.00017468	108.80763183
0.00017468	108.80763183
0.00017468	108.80763183
0.00017468	108.80763183
0.00017468	108.80763183
0.00017466	234.09491129
0.00017466	234.09491129
0.00017466	234.09491129
0.00017465	924.067
0.00017465	924.067
0.00017465	924.067
0.00017464	234.12172014
0.00017464	234.12172014
0.00017464	234.12172014
0.00017462	108.80763183
0.00017462	108.80763183
0.00017462	108.80763183
0.00017462	108.80763183
0.00017462	108.80763183
0.00017462	108.80763183
0.00017461	108.80763183
0.00017461	108.80763183
0.00017461	108.80763183
0.00017461	108.80763183
0.00017461	108.80763183
0.00017461	108.80763183
0.00017461	108.80763183
0.00017461	108.80763183
0.00017461	108.80763183
0.00017468	234.06810857
0.00017468	234.06810857
0.00017468	234.06810857
0.00017468	234.06810857
0.00017468	234.06810857
0.00017468	234.06810857
0.00017468	234.06810857
0.00017468	234.06810857
0.00017468	234.06810857
0.00017461	108.80763183
0.00017461	108.80763183
0.00017461	108.80763183
0.00017461	108.80763183
0.00017461	108.80763183
0.00017461	108.80763183
0.00017466	108.80763183
0.00017466	108.80763183
0.00017466	108.80763183
0.00017466	108.80763183
0.00017466	108.80763183
0.00017466	108.80763183
0.00017391	0.25217758
0.00017391	0.25217758
0.00017391	0.25217758
0.00017391	0.25217758
0.00017391	0.25217758
0.00017391	0.25217758
0.00017391	0.25217758
0.00017391	0.25217758
0.00017391	0.25217758
0.00017391	0.25217758
0.00017391	0.25217758
0.00017391	0.25217758
0.00017391	0.25217758
0.00017391	0.25217758
0.00017391	0.25217758
0.00017391	0.25217758
0.00017391	0.25217758
0.00017391	0.25217758
0.00017391	0.25217758
0.00017391	0.25217758
0.00017391	0.25217758
0.00017391	0.25217758
0.00017391	0.25217758
0.00017391	0.25217758
0.00017382	8.27486017
0.00017382	8.27486017
0.00017382	8.27486017
0.00017381	5.22553262
0.00017381	5.22553262
0.00017381	5.22553262
0.00017391	0.25217758
0.00017391	0.25217758
0.00017391	0.25217758
0.00017391	0.25217758
0.00017391	0.25217758
0.00017391	0.25217758
0.00017391	0.25217758
0.00017391	0.25217758
0.00017391	0.25217758
0.00017391	0.25217758
0.00017391	0.25217758
0.00017391	0.25217758
0.00017391	0.25217758
0.00017391	0.25217758
0.00017391	0.25217758
0.00017391	0.25217758
0.00017391	0.25217758
0.00017391	0.25217758
0.00017391	0.25217758
0.00017391	0.25217758
0.00017391	0.25217758
0.00017391	0.25217758
0.00017391	0.25217758
0.00017391	0.25217758
0.00017391	0.25217758
0.00017391	0.25217758
0.00017391	0.25217758
0.00017391	0.25217758
0.00017391	0.25217758
0.00017391	0.25217758
0.00017391	0.25217758
0.00017391	0.25217758
0.00017391	0.25217758
0.00017391	0.25217758
0.00017391	0.25217758
0.00017391	0.25217758
0.00017391	0.25217758
0.00017391	0.25217758
0.00017391	0.25217758
0.00017467	108.80763183
0.00017467	108.80763183
0.00017467	108.80763183
0.00017467	108.80763183
0.00017467	108.80763183
0.00017467	108.80763183
0.00017467	108.80763183
0.00017467	108.80763183
0.00017467	108.80763183
0.00017467	108.80763183
0.00017467	108.80763183
0.00017467	108.80763183
0.00017467	108.80763183
0.00017467	108.80763183
0.00017467	108.80763183
0.00017467	108.80763183
0.00017467	108.80763183
0.00017467	108.80763183
0.00017467	108.80763183
0.00017467	108.80763183
0.00017467	108.80763183
0.00017467	108.80763183
0.00017467	108.80763183
0.00017467	108.80763183
0.00017467	108.80763183
0.00017467	108.80763183
0.00017467	108.80763183
0.00017467	108.80763183
0.00017467	108.80763183
0.00017467	108.80763183
0.00017467	108.80763183
0.00017467	108.80763183
0.00017467	108.80763183
0.00017467	108.80763183
0.00017467	108.80763183
0.00017467	108.80763183
0.00017467	108.80763183
0.00017467	108.80763183
0.00017467	108.80763183
0.00017467	108.80763183
0.00017467	108.80763183
0.00017467	108.80763183
0.00017465	108.80763183
0.00017465	108.80763183
0.00017465	108.80763183
0.00017463	108.80763183
0.00017463	108.80763183
0.00017463	108.80763183
0.00017461	108.80763183
0.00017461	108.80763183
0.00017461	108.80763183
0.00017349	5.21250135
0.00017349	5.21250135
0.00017349	5.21250135
0.00017348	5.22553262
0.00017348	5.22553262
0.00017348	5.22553262
0.00017465	108.80763183
0.00017465	108.80763183
0.00017465	108.80763183
0.00017465	108.80763183
0.00017465	108.80763183
0.00017465	108.80763183
0.00017465	108.80763183
0.00017465	108.80763183
0.00017465	108.80763183
0.00017465	108.80763183
0.00017465	108.80763183
0.00017465	108.80763183
0.00017465	108.80763183
0.00017465	108.80763183
0.00017465	108.80763183
0.00017463	108.80763183
0.00017463	108.80763183
0.00017463	108.80763183
0.00017466	232.55197373
0.00017466	232.55197373
0.00017466	232.55197373
0.00017461	108.80763183
0.00017461	108.80763183
0.00017461	108.80763183
0.00017464	108.80763183
0.00017464	108.80763183
0.00017464	108.80763183
0.00017464	108.80763183
0.00017464	108.80763183
0.00017464	108.80763183
0.00017464	108.80763183
0.00017464	108.80763183
0.00017464	108.80763183
0.00017464	108.80763183
0.00017464	108.80763183
0.00017464	108.80763183
0.00017464	108.80763183
0.00017464	108.80763183
0.00017464	108.80763183
0.00017464	108.80763183
0.00017464	108.80763183
0.00017464	108.80763183
0.00017464	108.80763183
0.00017464	108.80763183
0.00017464	108.80763183
0.00017463	232.59192425
0.00017463	232.59192425
0.00017463	232.59192425
0.00017461	108.80763183
0.00017461	108.80763183
0.00017461	108.80763183
0.00017453	232.72519183
0.00017453	232.72519183
0.00017453	232.72519183
0.00017463	232.59192425
0.00017463	232.59192425
0.00017463	232.59192425
0.00017461	108.80763183
0.00017461	108.80763183
0.00017461	108.80763183
0.00017463	108.80763183
0.00017463	108.80763183
0.00017463	108.80763183
0.00017325	8.29726106
0.00017325	8.29726106
0.00017325	8.29726106
0.00017323	3.0923488
0.00017323	3.0923488
0.00017323	3.0923488
0.000173	500.0
0.000173	500.0
0.000173	500.0
0.000173	500.0
0.000173	500.0
0.000173	500.0
0.000173	500.0
0.000173	500.0
0.000173	500.0
0.000173	500.0
0.000173	500.0
0.000173	500.0
0.000173	500.0
0.000173	500.0
0.000173	500.0
0.000173	500.0
0.000173	500.0
0.000173	500.0
0.000173	500.0
0.000173	500.0
0.000173	500.0
0.000173	500.0
0.000173	500.0
0.000173	500.0
0.000173	500.0
0.000173	500.0
0.000173	500.0
0.000173	500.0
0.000173	500.0
0.000173	500.0
0.000173	500.0
0.000173	500.0
0.000173	500.0
0.000173	500.0
0.000173	500.0
0.000173	500.0
0.000173	500.0
0.000173	500.0
0.000173	500.0
0.0001746	232.65583488
0.0001746	232.65583488
0.0001746	232.65583488
0.00017461	108.80763183
0.00017461	108.80763183
0.00017461	108.80763183
0.00017463	232.61586652
0.00017463	232.61586652
0.00017463	232.61586652
0.0001746	233.44685148
0.0001746	233.44685148
0.0001746	233.44685148
0.0001745	233.58063191
0.0001745	233.58063191
0.0001745	233.58063191
0.00017435	7201.502
0.00017435	7201.502
0.00017435	7201.502
0.0001742	233.98289477
0.0001742	233.98289477
0.0001742	233.98289477
0.00017401	7100.401
0.00017401	7100.401
0.00017401	7100.401
0.00017386	234.44047089
0.00017386	234.44047089
0.00017386	234.44047089
0.000173	432.08468781
0.000173	432.08468781
0.000173	432.08468781
0.00017372	234.62940518
0.00017372	234.62940518
0.00017372	234.62940518
0.000173	432.08468781
0.000173	432.08468781
0.000173	432.08468781
0.00017283	2333.899
0.00017283	2333.899
0.00017283	2333.899
0.000173	426.87218646
0.000173	426.87218646
0.000173	426.87218646
0.00017299	241.09107919
0.00017299	241.09107919
0.00017299	241.09107919
0.00017299	241.09107919
0.00017299	241.09107919
0.00017299	241.09107919
0.00017299	241.09107919
0.00017299	241.09107919
0.00017299	241.09107919
0.00017299	241.09107919
0.00017299	241.09107919
0.00017299	241.09107919
0.00017299	241.09107919
0.00017299	241.09107919
0.00017299	241.09107919
0.00017299	241.09107919
0.00017299	241.09107919
0.00017299	241.09107919
0.00017299	241.09107919
0.00017299	241.09107919
0.00017299	241.09107919
0.00017299	241.09107919
0.00017299	241.09107919
0.00017299	241.09107919
0.0001721	185.21250135
0.0001721	185.21250135
0.0001721	185.21250135
0.00017299	241.09107919
0.00017299	241.09107919
0.00017299	241.09107919
0.00017299	241.09107919
0.00017299	241.09107919
0.00017299	241.09107919
0.00017299	241.09107919
0.00017299	241.09107919
0.00017299	241.09107919
0.00017299	241.09107919
0.00017299	241.09107919
0.00017299	241.09107919
0.00017299	241.09107919
0.00017299	241.09107919
0.00017299	241.09107919
0.00017299	241.09107919
0.00017299	241.09107919
0.00017299	241.09107919
0.000173	426.87218646
0.000173	426.87218646
0.000173	426.87218646
0.00017212	525.68068554
0.00017212	525.68068554
0.00017212	525.68068554
0.00017212	525.68068554
0.00017212	525.68068554
0.00017212	525.68068554
0.00017212	525.68068554
0.00017212	525.68068554
0.00017212	525.68068554
0.00017212	525.68068554
0.00017212	525.68068554
0.00017212	525.68068554
0.00017212	525.68068554
0.00017212	525.68068554
0.00017212	525.68068554
0.00017212	525.68068554
0.00017212	525.68068554
0.00017212	525.68068554
0.00017299	232.52339582
0.00017299	232.52339582
0.00017299	232.52339582
0.00017299	232.52339582
0.00017299	232.52339582
0.00017299	232.52339582
0.00017299	232.52339582
0.00017299	232.52339582
0.00017299	232.52339582
0.00017299	232.52339582
0.00017299	232.52339582
0.00017299	232.52339582
0.00017299	232.52339582
0.00017299	232.52339582
0.00017299	232.52339582
0.00017299	232.52339582
0.00017299	232.52339582
0.00017299	232.52339582
0.00017299	232.52339582
0.00017299	232.52339582
0.00017299	232.52339582
0.0001721	185.21250135
0.0001721	185.21250135
0.0001721	185.21250135
0.00017209	5.21250135
0.00017209	5.21250135
0.00017209	5.21250135
0.00017208	5.21250135
0.00017208	5.21250135
0.00017208	5.21250135
0.00017208	5.21250135
0.00017208	5.21250135
0.00017208	5.21250135
0.00017268	227.96738237
0.00017268	227.96738237
0.00017268	227.96738237
0.0001721	185.21250135
0.0001721	185.21250135
0.0001721	185.21250135
0.00017272	4669.47355
0.00017272	4669.47355
0.00017272	4669.47355
0.0001721	185.21250135
0.0001721	185.21250135
0.0001721	185.21250135
0.0001721	180.0
0.0001721	180.0
0.0001721	180.0
0.00017248	227.98997627
0.00017248	227.98997627
0.00017248	227.98997627
0.00017248	227.98997627
0.00017248	227.98997627
0.00017248	227.98997627
0.00017248	227.98997627
0.00017248	227.98997627
0.00017248	227.98997627
0.00017209	228.29968263
0.00017209	228.29968263
0.00017209	228.29968263
0.00017438	225.30159642
0.00017438	225.30159642
0.00017438	225.30159642
0.00017414	2687.077
0.00017414	2687.077
0.00017414	2687.077
0.00017389	2690.849
0.00017389	2690.849
0.00017389	2690.849
0.00017365	2888.062
0.00017365	2888.062
0.00017365	2888.062
0.0001734	2926.768
0.0001734	2926.768
0.0001734	2926.768
0.00017313	3535.045
0.00017313	3535.045
0.00017313	3535.045
0.00017286	3283.12
0.00017286	3283.12
0.00017286	3283.12
0.00017267	1115.544
0.00017267	1115.544
0.00017267	1115.544
0.0001721	185.21250135
0.0001721	185.21250135
0.0001721	185.21250135
0.0001745	4669.47355
0.0001745	4669.47355
0.0001745	4669.47355
0.00017209	5.21250135
0.00017209	5.21250135
0.00017209	5.21250135
0.00017411	2554.657
0.00017411	2554.657
0.00017411	2554.657
0.0001739	215.55068781
0.0001739	215.55068781
0.0001739	215.55068781
0.00017362	3446.113
0.00017362	3446.113
0.00017362	3446.113
0.00017335	3532.046
0.00017335	3532.046
0.00017335	3532.046
0.00017315	4669.47355
0.00017315	4669.47355
0.00017315	4669.47355
0.00017292	4669.47355
0.00017292	4669.47355
0.00017292	4669.47355
0.0001721	185.21250135
0.0001721	185.21250135
0.0001721	185.21250135
0.00017186	4669.47355
0.00017186	4669.47355
0.00017186	4669.47355
0.00017164	4669.47355
0.00017164	4669.47355
0.00017164	4669.47355
0.00017141	7248.164
0.00017141	7248.164
0.00017141	7248.164
0.00017122	4669.47355
0.00017122	4669.47355
0.00017122	4669.47355
0.000171	4669.47355
0.000171	4669.47355
0.000171	4669.47355
0.00017098	4674.35130862
0.00017098	4674.35130862
0.00017098	4674.35130862
0.00017207	203.98085734
0.00017207	203.98085734
0.00017207	203.98085734
0.00017193	4669.47355
0.00017193	4669.47355
0.00017193	4669.47355
0.00017192	4.87775862
0.00017192	4.87775862
0.00017192	4.87775862
0.00017192	4.87775862
0.00017192	4.87775862
0.00017192	4.87775862
0.00017192	4.87775862
0.00017192	4.87775862
0.00017192	4.87775862
0.0001721	180.0
0.0001721	180.0
0.0001721	180.0
0.00017191	4.87775862
0.00017191	4.87775862
0.00017191	4.87775862
0.00017191	4.87775862
0.00017191	4.87775862
0.00017191	4.87775862
0.00017203	4669.47355
0.00017203	4669.47355
0.00017203	4669.47355
0.00017183	4669.47355
0.00017183	4669.47355
0.00017183	4669.47355
0.00017163	4669.47355
0.00017163	4669.47355
0.00017163	4669.47355
0.00017146	7217.056
0.00017146	7217.056
0.00017146	7217.056
0.00017134	4.87166903
0.00017134	4.87166903
0.00017134	4.87166903
0.0001711	7302.603
0.0001711	7302.603
0.0001711	7302.603
0.00017088	7434.812
0.00017088	7434.812
0.00017088	7434.812
0.00017076	4669.47355
0.00017076	4669.47355
0.00017076	4669.47355
0.0001707	4674.35436109
0.0001707	4674.35436109
0.0001707	4674.35436109
0.00017058	4669.47355
0.00017058	4669.47355
0.00017058	4669.47355
0.00017053	5178.875
0.00017053	5178.875
0.00017053	5178.875
0.00017052	194.25349053
0.00017052	194.25349053
0.00017052	194.25349053
0.00017043	199.90481992
0.00017043	199.90481992
0.00017043	199.90481992
0.00017039	7595.0
0.00017039	7595.0
0.00017039	7595.0
0.00017042	200.17346767
0.00017042	200.17346767
0.00017042	200.17346767
0.00017193	7115.955
0.00017193	7115.955
0.00017193	7115.955
0.00017168	7761.446
0.00017168	7761.446
0.00017168	7761.446
0.00017141	7411.481
0.00017141	7411.481
0.00017141	7411.481
0.0001703	200.3061842
0.0001703	200.3061842
0.0001703	200.3061842
0.0001703	194.23448644
0.0001703	194.23448644
0.0001703	194.23448644
0.0001703	194.23448644
0.0001703	194.23448644
0.0001703	194.23448644
0.0001699	1773.77611842
0.0001699	1773.77611842
0.0001699	1773.77611842
0.0001699	1773.77611842
0.0001699	1773.77611842
0.0001699	1773.77611842
0.00017109	1124.177
0.00017109	1124.177
0.00017109	1124.177
0.00017092	7595.0
0.00017092	7595.0
0.00017092	7595.0
0.0001708	7595.0
0.0001708	7595.0
0.0001708	7595.0
0.00017068	194.89795627
0.00017068	194.89795627
0.00017068	194.89795627
0.0001718	7595.0
0.0001718	7595.0
0.0001718	7595.0
0.00016986	7.48981339
0.00016986	7.48981339
0.00016986	7.48981339
0.00017147	7595.0
0.00017147	7595.0
0.00017147	7595.0
0.00017147	7595.0
0.00017147	7595.0
0.00017147	7595.0
0.00017142	193.62754241
0.00017142	193.62754241
0.00017142	193.62754241
0.00017132	193.74056339
0.00017132	193.74056339
0.00017132	193.74056339
0.00017123	7595.0
0.00017123	7595.0
0.00017123	7595.0
0.00017187	7595.0
0.00017187	7595.0
0.00017187	7595.0
0.00017181	7595.0
0.00017181	7595.0
0.00017181	7595.0
0.00017192	193.06440973
0.00017192	193.06440973
0.00017192	193.06440973
0.00017181	7595.0
0.00017181	7595.0
0.00017181	7595.0
0.00017181	7595.0
0.00017181	7595.0
0.00017181	7595.0
0.00017192	193.06440973
0.00017192	193.06440973
0.00017192	193.06440973
0.00017192	193.06440973
0.00017192	193.06440973
0.00017192	193.06440973
0.00017192	193.06440973
0.00017192	193.06440973
0.00017192	193.06440973
0.0001719	6834.396
0.0001719	6834.396
0.0001719	6834.396
0.00017171	7595.0
0.00017171	7595.0
0.00017171	7595.0
0.00017156	193.48075473
0.00017156	193.48075473
0.00017156	193.48075473
0.00017141	7595.0
0.00017141	7595.0
0.00017141	7595.0
0.00017134	194.12176266
0.00017134	194.12176266
0.00017134	194.12176266
0.00017134	194.12176266
0.00017134	194.12176266
0.00017134	194.12176266
0.00017133	7595.0
0.00017133	7595.0
0.00017133	7595.0
0.00017133	7595.0
0.00017133	7595.0
0.00017133	7595.0
0.00017196	7595.0
0.00017196	7595.0
0.00017196	7595.0
0.00017187	193.29045795
0.00017187	193.29045795
0.00017187	193.29045795
0.00017187	193.29045795
0.00017187	193.29045795
0.00017187	193.29045795
0.00017187	193.29045795
0.00017187	193.29045795
0.00017187	193.29045795
0.0001721	180.0
0.0001721	180.0
0.0001721	180.0
0.00017188	7599.16433652
0.00017188	7599.16433652
0.00017188	7599.16433652
0.00017188	7599.16433652
0.00017188	7599.16433652
0.00017188	7599.16433652
0.00017384	4038.591
0.00017384	4038.591
0.00017384	4038.591
0.00017358	7595.0
0.00017358	7595.0
0.00017358	7595.0
0.00017329	7595.0
0.00017329	7595.0
0.00017329	7595.0
0.00017304	7786.73401594
0.00017304	7786.73401594
0.00017304	7786.73401594
0.00017441	2316.454
0.00017441	2316.454
0.00017441	2316.454
0.00017417	2059.716
0.00017417	2059.716
0.00017417	2059.716
0.00017395	7263.718
0.00017395	7263.718
0.00017395	7263.718
0.00017372	7595.0
0.00017372	7595.0
0.00017372	7595.0
0.0001735	2710.064
0.0001735	2710.064
0.0001735	2710.064
0.00017325	191.4988635
0.00017325	191.4988635
0.00017325	191.4988635
0.00017302	2425.86042793
0.00017302	2425.86042793
0.00017302	2425.86042793
0.00017283	7595.0
0.00017283	7595.0
0.00017283	7595.0
0.00017283	9653.378
0.00017283	9653.378
0.00017283	9653.378
0.00017283	7595.0
0.00017283	7595.0
0.00017283	7595.0
0.00017283	7595.0
0.00017283	7595.0
0.00017283	7595.0
0.00017197	1230.468
0.00017197	1230.468
0.00017197	1230.468
0.00017181	7595.0
0.00017181	7595.0
0.00017181	7595.0
0.00017153	2222.842
0.00017153	2222.842
0.00017153	2222.842
0.00017127	7788.76803378
0.00017127	7788.76803378
0.00017127	7788.76803378
0.00017103	7789.03994121
0.00017103	7789.03994121
0.00017103	7789.03994121
0.00017077	7595.0
0.00017077	7595.0
0.00017077	7595.0
0.00017052	7185.948
0.00017052	7185.948
0.00017052	7185.948
0.00017027	231.46495934
0.00017027	231.46495934
0.00017027	231.46495934
0.00017	100.0
0.00017	100.0
0.00017	100.0
0.00016985	236.75618703
0.00016985	236.75618703
0.00016985	236.75618703
0.00016968	232.26979389
0.00016968	232.26979389
0.00016968	232.26979389
0.00016955	7595.0
0.00016955	7595.0
0.00016955	7595.0
0.00016943	7595.0
0.00016943	7595.0
0.00016943	7595.0
0.00016931	7595.0
0.00016931	7595.0
0.00016931	7595.0
0.00016924	233.13010687
0.00016924	233.13010687
0.00016924	233.13010687
0.00016905	7595.0
0.00016905	7595.0
0.00016905	7595.0
0.00016887	7595.0
0.00016887	7595.0
0.00016887	7595.0
0.00016888	233.62706825
0.00016888	233.62706825
0.00016888	233.62706825
0.00016888	233.62706825
0.00016888	233.62706825
0.00016888	233.62706825
0.00016888	233.62706825
0.00016888	233.62706825
0.00016888	233.62706825
0.00016888	233.62706825
0.00016888	233.62706825
0.00016888	233.62706825
0.0001687	2106.6233
0.0001687	2106.6233
0.0001687	2106.6233
0.00016867	7595.0
0.00016867	7595.0
0.00016867	7595.0
0.00016863	7599.26178127
0.00016863	7599.26178127
0.00016863	7599.26178127
0.00016863	7599.26178127
0.00016863	7599.26178127
0.00016863	7599.26178127
0.00016862	4.26178127
0.00016862	4.26178127
0.00016862	4.26178127
0.00016861	7599.70864469
0.00016861	7599.70864469
0.00016861	7599.70864469
0.00016855	6913.753
0.00016855	6913.753
0.00016855	6913.753
0.0001683	7829.91121294
0.0001683	7829.91121294
0.0001683	7829.91121294
0.0001681	7830.19070278
0.0001681	7830.19070278
0.0001681	7830.19070278
0.00016794	4.48733864
0.00016794	4.48733864
0.00016794	4.48733864
0.00016775	235.68141363
0.00016775	235.68141363
0.00016775	235.68141363
0.00016765	235.82199306
0.00016765	235.82199306
0.00016765	235.82199306
0.00016748	7595.0
0.00016748	7595.0
0.00016748	7595.0
0.00016784	2106.6233
0.00016784	2106.6233
0.00016784	2106.6233
0.00016727	236.35772785
0.00016727	236.35772785
0.00016727	236.35772785
0.00016711	236.58402931
0.00016711	236.58402931
0.00016711	236.58402931
0.00016696	7595.0
0.00016696	7595.0
0.00016696	7595.0
0.00016678	7595.0
0.00016678	7595.0
0.00016678	7595.0
0.00016654	7832.39376208
0.00016654	7832.39376208
0.00016654	7832.39376208
0.00016625	7595.0
0.00016625	7595.0
0.00016625	7595.0
0.00016603	238.12534773
0.00016603	238.12534773
0.00016603	238.12534773
0.00016585	238.38378947
0.00016585	238.38378947
0.00016585	238.38378947
0.00016574	7595.0
0.00016574	7595.0
0.00016574	7595.0
0.00016556	7595.0
0.00016556	7595.0
0.00016556	7595.0
0.00016543	238.98900733
0.00016543	238.98900733
0.00016543	238.98900733
0.00016839	7595.0
0.00016839	7595.0
0.00016839	7595.0
0.00016809	7512.582
0.00016809	7512.582
0.00016809	7512.582
0.00016787	6530.874
0.00016787	6530.874
0.00016787	6530.874
0.00016763	7830.84197674
0.00016763	7830.84197674
0.00016763	7830.84197674
0.00016746	7595.0
0.00016746	7595.0
0.00016746	7595.0
0.00016732	7595.0
0.00016732	7595.0
0.00016732	7595.0
0.00016715	236.51923758
0.00016715	236.51923758
0.00016715	236.51923758
0.000167	7595.0
0.000167	7595.0
0.000167	7595.0
0.0001669	2106.6233
0.0001669	2106.6233
0.0001669	2106.6233
0.00016677	237.0581673
0.00016677	237.0581673
0.00016677	237.0581673
0.00016689	236.88771383
0.00016689	236.88771383
0.00016689	236.88771383
0.00016647	237.48537611
0.00016647	237.48537611
0.00016647	237.48537611
0.00016679	7595.0
0.00016679	7595.0
0.00016679	7595.0
0.00016674	2106.6233
0.00016674	2106.6233
0.00016674	2106.6233
0.00016674	2106.6233
0.00016674	2106.6233
0.00016674	2106.6233
0.00016673	7599.29296565
0.00016673	7599.29296565
0.00016673	7599.29296565
0.00016777	12.77935137
0.00016777	12.77935137
0.00016777	12.77935137
0.00016758	241.64084681
0.00016758	241.64084681
0.00016758	241.64084681
0.00016756	241.66867858
0.00016756	241.66867858
0.00016756	241.66867858
0.00016743	7595.0
0.00016743	7595.0
0.00016743	7595.0
0.00016776	241.38056618
0.00016776	241.38056618
0.00016776	241.38056618
0.00016735	242.43774416
0.00016735	242.43774416
0.00016735	242.43774416
0.00016777	12.77935137
0.00016777	12.77935137
0.00016777	12.77935137
0.00016776	7841.11235093
0.00016776	7841.11235093
0.00016776	7841.11235093
0.00016867	7595.0
0.00016867	7595.0
0.00016867	7595.0
0.00016995	7595.0
0.00016995	7595.0
0.00016995	7595.0
0.00017033	1999.87500781
0.00017033	1999.87500781
0.00017033	1999.87500781
0.00017033	409.34137769
0.00017033	409.34137769
0.00017033	409.34137769
0.0001713	2.31978928
0.0001713	2.31978928
0.0001713	2.31978928
0.00017463	7375.959
0.00017463	7375.959
0.00017463	7375.959
0.00017504	4.08939132
0.00017504	4.08939132
0.00017504	4.08939132
0.00017467	5.66513853
0.00017467	5.66513853
0.00017467	5.66513853
0.00017467	5.66513853
0.00017467	5.66513853
0.00017467	5.66513853
0.00017504	4.08939132
0.00017504	4.08939132
0.00017504	4.08939132
0.00017534	3072.964
0.00017534	3072.964
0.00017534	3072.964
0.00017535	93.6400699
0.00017535	93.6400699
0.00017535	93.6400699
0.00017535	93.6400699
0.00017535	93.6400699
0.00017535	93.6400699
0.00017535	93.6400699
0.00017535	93.6400699
0.00017535	93.6400699
0.00017535	93.6400699
0.00017535	93.6400699
0.00017535	93.6400699
0.00017504	3221.8313268
0.00017504	3221.8313268
0.00017504	3221.8313268
0.00017535	93.6400699
0.00017535	93.6400699
0.00017535	93.6400699
0.00017535	93.6400699
0.00017535	93.6400699
0.00017535	93.6400699
0.00017535	93.6400699
0.00017535	93.6400699
0.00017535	93.6400699
0.00017535	93.6400699
0.00017535	93.6400699
0.00017535	93.6400699
0.00017503	220.89985437
0.00017503	220.89985437
0.00017503	220.89985437
0.000174	3297.5295481
0.000174	3297.5295481
0.000174	3297.5295481
0.00017385	7263.718
0.00017385	7263.718
0.00017385	7263.718
0.00017368	6043.929
0.00017368	6043.929
0.00017368	6043.929
0.00017398	220.89985437
0.00017398	220.89985437
0.00017398	220.89985437
0.0001725	3304.09653776
0.0001725	3304.09653776
0.0001725	3304.09653776
0.00017337	6453.181
0.00017337	6453.181
0.00017337	6453.181
0.000172	7297.5295481
0.000172	7297.5295481
0.000172	7297.5295481
0.00017185	5908.993
0.00017185	5908.993
0.00017185	5908.993
0.000175	7162.617
0.000175	7162.617
0.000175	7162.617
