0.01796983	74.98
0.01796983	74.98
0.01796983	74.98
0.01796959	6.102
0.01796959	6.102
0.01796959	6.102
0.01796958	6.25490418
0.01796958	6.25490418
0.01796958	6.25490418
0.0179696	0.02796709
0.0179696	0.02796709
0.0179696	0.02796709
0.0179696	0.02796709
0.0179696	0.02796709
0.0179696	0.02796709
0.01796961	0.02776486
0.01796961	0.02776486
0.01796961	0.02776486
0.01796961	0.02776486
0.01796961	0.02776486
0.01796961	0.02776486
0.01796959	1.39123931
0.01796959	1.39123931
0.01796959	1.39123931
0.01790079	73.116
0.01790079	73.116
0.01790079	73.116
0.0179696	1.41902494
0.0179696	1.41902494
0.0179696	1.41902494
0.0179796	15.92038641
0.0179796	15.92038641
0.0179796	15.92038641
0.01796961	0.02840595
0.01796961	0.02840595
0.01796961	0.02840595
0.01796961	0.02840595
0.01796961	0.02840595
0.01796961	0.02840595
0.01796962	0.02843047
0.01796962	0.02843047
0.01796962	0.02843047
0.01796962	0.02843047
0.01796962	0.02843047
0.01796962	0.02843047
0.01796963	0.02862206
0.01796963	0.02862206
0.01796963	0.02862206
0.01797964	9.66894656
0.01797964	9.66894656
0.01797964	9.66894656
0.01797968	24.928
0.01797968	24.928
0.01797968	24.928
0.01797988	22.799
0.01797988	22.799
0.01797988	22.799
0.01797969	0.02835275
0.01797969	0.02835275
0.01797969	0.02835275
0.01797969	0.02835275
0.01797969	0.02835275
0.01797969	0.02835275
0.0179797	0.02885139
0.0179797	0.02885139
0.0179797	0.02885139
0.01797973	40.79
0.01797973	40.79
0.01797973	40.79
0.01797991	8.881
0.01797991	8.881
0.01797991	8.881
0.01799006	15.91270557
0.01799006	15.91270557
0.01799006	15.91270557
0.01798037	6.25273038
0.01798037	6.25273038
0.01798037	6.25273038
0.01798069	40.79
0.01798069	40.79
0.01798069	40.79
0.01798097	53.567
0.01798097	53.567
0.01798097	53.567
0.01798076	6.24924152
0.01798076	6.24924152
0.01798076	6.24924152
0.01798095	0.02952599
0.01798095	0.02952599
0.01798095	0.02952599
0.01798095	0.02952599
0.01798095	0.02952599
0.01798095	0.02952599
0.01798096	0.03004081
0.01798096	0.03004081
0.01798096	0.03004081
0.01798097	1.39035881
0.01798097	1.39035881
0.01798097	1.39035881
0.01798097	1.41881054
0.01798097	1.41881054
0.01798097	1.41881054
0.01798097	1.41881054
0.01798097	1.41881054
0.01798097	1.41881054
0.01798098	0.02842008
0.01798098	0.02842008
0.01798098	0.02842008
0.01798098	0.02842008
0.01798098	0.02842008
0.01798098	0.02842008
0.01798099	0.02870123
0.01798099	0.02870123
0.01798099	0.02870123
0.01799099	9.6628433
0.01799099	9.6628433
0.01799099	9.6628433
0.01798107	6.24913379
0.01798107	6.24913379
0.01798107	6.24913379
0.01798108	1.3903503
0.01798108	1.3903503
0.01798108	1.3903503
0.01798109	6.24838748
0.01798109	6.24838748
0.01798109	6.24838748
0.01798109	6.24838748
0.01798109	6.24838748
0.01798109	6.24838748
0.0179911	0.02802876
0.0179911	0.02802876
0.0179911	0.02802876
0.0179911	0.02802876
0.0179911	0.02802876
0.0179911	0.02802876
0.01799111	0.02865718
0.01799111	0.02865718
0.01799111	0.02865718
0.01799112	1.38957441
0.01799112	1.38957441
0.01799112	1.38957441
0.01799112	1.41792824
0.01799112	1.41792824
0.01799112	1.41792824
0.01799112	1.41792824
0.01799112	1.41792824
0.01799112	1.41792824
0.01799112	1.38957441
0.01799112	1.38957441
0.01799112	1.38957441
0.01799112	1.38957441
0.01799112	1.38957441
0.01799112	1.38957441
0.01799112	1.38957441
0.01799112	1.38957441
0.01799112	1.38957441
0.01799113	1.38957364
0.01799113	1.38957364
0.01799113	1.38957364
0.01799113	1.38957364
0.01799113	1.38957364
0.01799113	1.38957364
0.01799122	75.913
0.01799122	75.913
0.01799122	75.913
0.0179914	6.23867092
0.0179914	6.23867092
0.0179914	6.23867092
0.01799153	6.23862585
0.01799153	6.23862585
0.01799153	6.23862585
0.0179917	75.835
0.0179917	75.835
0.0179917	75.835
0.01799185	72.727
0.01799185	72.727
0.01799185	72.727
0.01799205	71.329
0.01799205	71.329
0.01799205	71.329
0.0179922	70.396
0.0179922	70.396
0.0179922	70.396
0.01799238	74.437
0.01799238	74.437
0.01799238	74.437
0.01799253	70.163
0.01799253	70.163
0.01799253	70.163
0.01799268	69.464
0.01799268	69.464
0.01799268	69.464
0.01799285	6.2386426
0.01799285	6.2386426
0.01799285	6.2386426
0.01799294	72.883
0.01799294	72.883
0.01799294	72.883
0.01799309	73.66
0.01799309	73.66
0.01799309	73.66
0.01799326	75.835
0.01799326	75.835
0.01799326	75.835
0.01799344	68.998
0.01799344	68.998
0.01799344	68.998
0.01799361	76.69
0.01799361	76.69
0.01799361	76.69
0.0179938	6.22619524
0.0179938	6.22619524
0.0179938	6.22619524
0.01799396	69.153
0.01799396	69.153
0.01799396	69.153
0.01799385	6.22617794
0.01799385	6.22617794
0.01799385	6.22617794
0.01799408	0.02874574
0.01799408	0.02874574
0.01799408	0.02874574
0.01799408	0.02874574
0.01799408	0.02874574
0.01799408	0.02874574
0.01799408	0.02874574
0.01799408	0.02874574
0.01799408	0.02874574
0.01799409	0.0294016
0.01799409	0.0294016
0.01799409	0.0294016
0.0179941	1.38934429
0.0179941	1.38934429
0.0179941	1.38934429
0.0179941	1.41832093
0.0179941	1.41832093
0.0179941	1.41832093
0.0179941	1.41832093
0.0179941	1.41832093
0.0179941	1.41832093
0.0179941	1.38934429
0.0179941	1.38934429
0.0179941	1.38934429
0.0178217	448.69
0.0178217	448.69
0.0178217	448.69
0.01799412	0.02840441
0.01799412	0.02840441
0.01799412	0.02840441
0.01799412	0.02840441
0.01799412	0.02840441
0.01799412	0.02840441
0.01783196	70.707
0.01783196	70.707
0.01783196	70.707
0.01783196	70.707
0.01783196	70.707
0.01783196	70.707
0.01783204	72.65
0.01783204	72.65
0.01783204	72.65
0.0178321	76.845
0.0178321	76.845
0.0178321	76.845
0.01783212	71.639
0.01783212	71.639
0.01783212	71.639
0.01783212	71.639
0.01783212	71.639
0.01783212	71.639
0.01783213	0.02904316
0.01783213	0.02904316
0.01783213	0.02904316
0.01783216	70.396
0.01783216	70.396
0.01783216	70.396
0.0178322	70.629
0.0178322	70.629
0.0178322	70.629
0.01783222	70.629
0.01783222	70.629
0.01783222	70.629
0.01783222	70.629
0.01783222	70.629
0.01783222	70.629
0.01783253	73.116
0.01783253	73.116
0.01783253	73.116
0.01783353	44.60308823
0.01783353	44.60308823
0.01783353	44.60308823
0.01783392	448.69
0.01783392	448.69
0.01783392	448.69
0.01783446	73.737
0.01783446	73.737
0.01783446	73.737
0.01783522	77.622
0.01783522	77.622
0.01783522	77.622
0.01783625	27.76233883
0.01783625	27.76233883
0.01783625	27.76233883
0.01783721	520.019
0.01783721	520.019
0.01783721	520.019
0.01784806	27.76233883
0.01784806	27.76233883
0.01784806	27.76233883
0.01784895	522.427
0.01784895	522.427
0.01784895	522.427
0.01784974	74.98
0.01784974	74.98
0.01784974	74.98
0.01784995	40.79
0.01784995	40.79
0.01784995	40.79
0.01785028	75.602
0.01785028	75.602
0.01785028	75.602
0.01785059	0.88889777
0.01785059	0.88889777
0.01785059	0.88889777
0.01785073	40.79
0.01785073	40.79
0.01785073	40.79
0.017851	74.281
0.017851	74.281
0.017851	74.281
0.01785125	40.79
0.01785125	40.79
0.01785125	40.79
0.01785146	75.136
0.01785146	75.136
0.01785146	75.136
0.01785146	75.136
0.01785146	75.136
0.01785146	75.136
0.01785146	75.136
0.01785146	75.136
0.01785146	75.136
0.01785146	75.136
0.01785146	75.136
0.01785146	75.136
0.0178515	70.396
0.0178515	70.396
0.0178515	70.396
0.01785152	73.349
0.01785152	73.349
0.01785152	73.349
0.01785152	73.349
0.01785152	73.349
0.01785152	73.349
0.01786153	50.853
0.01786153	50.853
0.01786153	50.853
0.01786153	50.853
0.01786153	50.853
0.01786153	50.853
0.01786153	50.853
0.01786153	50.853
0.01786153	50.853
0.01787154	41.934
0.01787154	41.934
0.01787154	41.934
0.01787154	41.934
0.01787154	41.934
0.01787154	41.934
0.01788154	9.32891507
0.01788154	9.32891507
0.01788154	9.32891507
0.01788154	9.32891507
0.01788154	9.32891507
0.01788154	9.32891507
0.01788154	9.32891507
0.01788154	9.32891507
0.01788154	9.32891507
0.01788154	9.32891507
0.01788154	9.32891507
0.01788154	9.32891507
0.01783003	72.96
0.01783003	72.96
0.01783003	72.96
0.01783003	70.862
0.01783003	70.862
0.01783003	70.862
0.01783003	70.862
0.01783003	70.862
0.01783003	70.862
0.01783003	70.862
0.01783003	70.862
0.01783003	70.862
0.01783003	70.862
0.01783003	70.862
0.01783003	70.862
0.01783003	25.862
0.01783003	25.862
0.01783003	25.862
0.01783003	25.862
0.01783003	25.862
0.01783003	25.862
0.01783003	25.862
0.01783003	25.862
0.01783003	25.862
0.01783003	25.862
0.01783003	25.862
0.01783003	25.862
0.01783007	73.426
0.01783007	73.426
0.01783007	73.426
0.01783044	69.153
0.01783044	69.153
0.01783044	69.153
0.01783071	69.697
0.01783071	69.697
0.01783071	69.697
0.01783085	61.604
0.01783085	61.604
0.01783085	61.604
0.01783165	81.75951663
0.01783165	81.75951663
0.01783165	81.75951663
0.01783252	27.80419175
0.01783252	27.80419175
0.01783252	27.80419175
0.01783339	70.008
0.01783339	70.008
0.01783339	70.008
0.01783433	27.80419175
0.01783433	27.80419175
0.01783433	27.80419175
0.01783522	75.68
0.01783522	75.68
0.01783522	75.68
0.01784602	27.797854
0.01784602	27.797854
0.01784602	27.797854
0.01784684	112.973
0.01784684	112.973
0.01784684	112.973
0.01784779	27.80419175
0.01784779	27.80419175
0.01784779	27.80419175
0.01784867	69.075
0.01784867	69.075
0.01784867	69.075
0.01784972	71.251
0.01784972	71.251
0.01784972	71.251
0.01786053	40.79
0.01786053	40.79
0.01786053	40.79
0.01786148	69.075
0.01786148	69.075
0.01786148	69.075
0.01786234	27.78824468
0.01786234	27.78824468
0.01786234	27.78824468
0.01786323	71.562
0.01786323	71.562
0.01786323	71.562
0.01786404	27.78824468
0.01786404	27.78824468
0.01786404	27.78824468
0.01786497	76.301
0.01786497	76.301
0.01786497	76.301
0.01786578	40.79
0.01786578	40.79
0.01786578	40.79
0.01787607	40.79
0.01787607	40.79
0.01787607	40.79
0.01787638	72.805
0.01787638	72.805
0.01787638	72.805
0.01787672	71.562
0.01787672	71.562
0.01787672	71.562
0.01787701	40.79
0.01787701	40.79
0.01787701	40.79
0.01787731	40.79
0.01787731	40.79
0.01787731	40.79
0.01787752	70.474
0.01787752	70.474
0.01787752	70.474
0.01787768	69.775
0.01787768	69.775
0.01787768	69.775
0.01787768	69.775
0.01787768	69.775
0.01787768	69.775
0.01787768	69.775
0.01787768	69.775
0.01787768	69.775
0.01787768	69.775
0.01787768	69.775
0.01787768	69.775
0.01787768	69.775
0.01787768	69.775
0.01787768	69.775
0.01787768	69.775
0.01787768	69.775
0.01787768	69.775
0.01787768	69.775
0.01787768	69.775
0.01787768	69.775
0.01787768	69.775
0.01787768	69.775
0.01787768	69.775
0.01787782	71.562
0.01787782	71.562
0.01787782	71.562
0.01787808	69.697
0.01787808	69.697
0.01787808	69.697
0.01787836	73.193
0.01787836	73.193
0.01787836	73.193
0.01787866	69.93
0.01787866	69.93
0.01787866	69.93
0.01790001	70.474
0.01790001	70.474
0.01790001	70.474
0.01790001	70.474
0.01790001	70.474
0.01790001	70.474
0.01790001	70.474
0.01790001	70.474
0.01790001	70.474
0.01790001	70.54662565
0.01790001	70.54662565
0.01790001	70.54662565
0.01790001	70.474
0.01790001	70.474
0.01790001	70.474
0.01790001	70.474
0.01790001	70.474
0.01790001	70.474
0.01790001	70.474
0.01790001	70.474
0.01790001	70.474
0.01790001	70.474
0.01790001	70.474
0.01790001	70.474
0.01790001	70.474
0.01790001	70.474
0.01790001	70.474
0.01790003	74.204
0.01790003	74.204
0.01790003	74.204
0.01790005	77.467
0.01790005	77.467
0.01790005	77.467
0.01790005	77.467
0.01790005	77.467
0.01790005	77.467
0.01790005	77.467
0.01790005	77.467
0.01790005	77.467
0.01790013	76.146
0.01790013	76.146
0.01790013	76.146
0.01790092	105.2537025
0.01790092	105.2537025
0.01790092	105.2537025
0.01790182	27.62430939
0.01790182	27.62430939
0.01790182	27.62430939
0.01791267	72.65
0.01791267	72.65
0.01791267	72.65
0.01791369	61.237
0.01791369	61.237
0.01791369	61.237
0.01791458	71.251
0.01791458	71.251
0.01791458	71.251
0.01791551	77.156
0.01791551	77.156
0.01791551	77.156
0.01791636	76.457
0.01791636	76.457
0.01791636	76.457
0.01791741	72.65
0.01791741	72.65
0.01791741	72.65
0.01791841	27.58935779
0.01791841	27.58935779
0.01791841	27.58935779
0.01791945	72.106
0.01791945	72.106
0.01791945	72.106
0.01792026	77.156
0.01792026	77.156
0.01792026	77.156
0.01792105	74.67
0.01792105	74.67
0.01792105	74.67
0.0179213	69.93
0.0179213	69.93
0.0179213	69.93
0.01792199	96.56694832
0.01792199	96.56694832
0.01792199	96.56694832
0.01792282	105.02144817
0.01792282	105.02144817
0.01792282	105.02144817
0.0179238	71.795
0.0179238	71.795
0.0179238	71.795
0.01792483	27.60905577
0.01792483	27.60905577
0.01792483	27.60905577
0.01792571	107.81311724
0.01792571	107.81311724
0.01792571	107.81311724
0.0179266	75.835
0.0179266	75.835
0.0179266	75.835
0.01793749	76.224
0.01793749	76.224
0.01793749	76.224
0.01793845	69.697
0.01793845	69.697
0.01793845	69.697
0.01793946	73.271
0.01793946	73.271
0.01793946	73.271
0.01794037	71.251
0.01794037	71.251
0.01794037	71.251
0.01810724	76.923
0.01810724	76.923
0.01810724	76.923
0.01810724	76.923
0.01810724	76.923
0.01810724	76.923
0.01810724	76.923
0.01810724	76.923
0.01810724	76.923
0.01810724	76.923
0.01810724	76.923
0.01810724	76.923
0.01810725	0.34842003
0.01810725	0.34842003
0.01810725	0.34842003
0.01810725	0.34842003
0.01810725	0.34842003
0.01810725	0.34842003
0.01810725	3.61251536
0.01810725	3.61251536
0.01810725	3.61251536
0.01810725	3.61251536
0.01810725	3.61251536
0.01810725	3.61251536
0.01810725	3.61251536
0.01810725	3.61251536
0.01810725	3.61251536
0.01810725	3.61251536
0.01810725	3.61251536
0.01810725	3.61251536
0.01810725	3.61251536
0.01810725	3.61251536
0.01810725	3.61251536
0.01810725	3.61251536
0.01810725	3.61251536
0.01810725	3.61251536
0.01810725	3.61251536
0.01810725	3.61251536
0.01810725	3.61251536
0.01810725	3.61251536
0.01810725	3.61251536
0.01810725	3.61251536
0.01810725	3.61251536
0.01810725	3.61251536
0.01810725	3.61251536
0.01810725	3.61251536
0.01810725	3.61251536
0.01810725	3.61251536
0.01810725	3.61251536
0.01810725	3.61251536
0.01810725	3.61251536
0.01810725	3.61251536
0.01810725	3.61251536
0.01810725	3.61251536
0.01810725	3.61251536
0.01810725	3.61251536
0.01810725	3.61251536
0.01810725	3.61251536
0.01810725	3.61251536
0.01810725	3.61251536
0.01810725	1.34650344
0.01810725	1.34650344
0.01810725	1.34650344
0.01810725	1.34650344
0.01810725	1.34650344
0.01810725	1.34650344
0.01810725	1.34650344
0.01810725	1.34650344
0.01810725	1.34650344
0.01810725	1.34650344
0.01810725	1.34650344
0.01810725	1.34650344
0.01810725	1.34650344
0.01810725	1.34650344
0.01810725	1.34650344
0.01810725	1.34650344
0.01810725	1.34650344
0.01810725	1.34650344
0.01810725	1.34650344
0.01810725	1.34650344
0.01810725	1.34650344
0.01810725	1.34650344
0.01810725	1.34650344
0.01810725	1.34650344
0.01810725	1.34650344
0.01810725	1.34650344
0.01810725	1.34650344
0.01810725	1.34650344
0.01810725	1.34650344
0.01810725	1.34650344
0.01810725	0.87384301
0.01810725	0.87384301
0.01810725	0.87384301
0.01810725	0.87384301
0.01810725	0.87384301
0.01810725	0.87384301
0.01810725	0.87384301
0.01810725	0.87384301
0.01810725	0.87384301
0.01793977	71.95
0.01793977	71.95
0.01793977	71.95
0.0179406	70.862
0.0179406	70.862
0.0179406	70.862
0.01794141	40.79
0.01794141	40.79
0.01794141	40.79
0.01794232	3.6352915
0.01794232	3.6352915
0.01794232	3.6352915
0.01794269	0.2525412
0.01794269	0.2525412
0.01794269	0.2525412
0.01794283	73.815
0.01794283	73.815
0.01794283	73.815
0.01793116	76.457
0.01793116	76.457
0.01793116	76.457
0.01793114	72.883
0.01793114	72.883
0.01793114	72.883
0.01795101	9.11669421
0.01795101	9.11669421
0.01795101	9.11669421
0.01795106	70.707
0.01795106	70.707
0.01795106	70.707
0.01796108	44.012
0.01796108	44.012
0.01796108	44.012
0.01796108	44.012
0.01796108	44.012
0.01796108	44.012
0.01796108	44.012
0.01796108	44.012
0.01796108	44.012
0.01796138	69.308
0.01796138	69.308
0.01796138	69.308
0.01796161	40.79
0.01796161	40.79
0.01796161	40.79
0.01796186	77.078
0.01796186	77.078
0.01796186	77.078
0.01796205	76.457
0.01796205	76.457
0.01796205	76.457
0.01796205	76.457
0.01796205	76.457
0.01796205	76.457
0.01796205	76.457
0.01796205	76.457
0.01796205	76.457
0.01796205	76.457
0.01796205	76.457
0.01796205	76.457
0.01793117	40.79
0.01793117	40.79
0.01793117	40.79
0.01793134	76.845
0.01793134	76.845
0.01793134	76.845
0.0179318	74.048
0.0179318	74.048
0.0179318	74.048
0.0179318	74.048
0.0179318	74.048
0.0179318	74.048
0.01794001	71.173
0.01794001	71.173
0.01794001	71.173
0.01794001	71.173
0.01794001	71.173
0.01794001	71.173
0.01794001	71.173
0.01794001	71.173
0.01794001	71.173
0.018	6.0
0.018	6.0
0.018	6.0
0.018	6.0
0.018	6.0
0.018	6.0
0.018	6.0
0.018	6.0
0.018	6.0
0.018	6.0
0.018	6.0
0.018	6.0
0.018	6.0
0.018	6.0
0.018	6.0
0.0179311	9.759
0.0179311	9.759
0.0179311	9.759
0.0179311	9.759
0.0179311	9.759
0.0179311	9.759
0.01793111	8.666
0.01793111	8.666
0.01793111	8.666
0.01793109	9.12682778
0.01793109	9.12682778
0.01793109	9.12682778
0.01793107	9.12683796
0.01793107	9.12683796
0.01793107	9.12683796
0.01793107	9.12683796
0.01793107	9.12683796
0.01793107	9.12683796
0.01793108	22.744
0.01793108	22.744
0.01793108	22.744
0.01793115	40.79
0.01793115	40.79
0.01793115	40.79
0.01793136	75.913
0.01793136	75.913
0.01793136	75.913
0.01793159	40.79
0.01793159	40.79
0.01793159	40.79
0.01793184	72.727
0.01793184	72.727
0.01793184	72.727
0.01793197	40.79
0.01793197	40.79
0.01793197	40.79
0.01793223	40.79
0.01793223	40.79
0.01793223	40.79
0.01793247	40.79
0.01793247	40.79
0.01793247	40.79
0.01793285	110.098
0.01793285	110.098
0.01793285	110.098
0.01793369	72.106
0.01793369	72.106
0.01793369	72.106
0.01794014	70.241
0.01794014	70.241
0.01794014	70.241
0.01794036	73.504
0.01794036	73.504
0.01794036	73.504
0.0179406	73.582
0.0179406	73.582
0.0179406	73.582
0.01794082	70.008
0.01794082	70.008
0.01794082	70.008
0.01794108	73.038
0.01794108	73.038
0.01794108	73.038
0.01794139	40.79
0.01794139	40.79
0.01794139	40.79
0.01794199	115.227
0.01794199	115.227
0.01794199	115.227
0.01794283	69.231
0.01794283	69.231
0.01794283	69.231
0.01794364	69.852
0.01794364	69.852
0.01794364	69.852
0.01794446	448.69
0.01794446	448.69
0.01794446	448.69
0.01794536	117.169
0.01794536	117.169
0.01794536	117.169
0.01794611	76.768
0.01794611	76.768
0.01794611	76.768
0.0179469	73.116
0.0179469	73.116
0.0179469	73.116
0.01794769	69.231
0.01794769	69.231
0.01794769	69.231
0.01794795	40.79
0.01794795	40.79
0.01794795	40.79
0.01794817	40.79
0.01794817	40.79
0.01794817	40.79
0.01794846	72.883
0.01794846	72.883
0.01794846	72.883
0.01794876	71.872
0.01794876	71.872
0.01794876	71.872
0.01794924	0.38541259
0.01794924	0.38541259
0.01794924	0.38541259
0.01794949	76.301
0.01794949	76.301
0.01794949	76.301
0.01794976	40.79
0.01794976	40.79
0.01794976	40.79
0.01800039	69.852
0.01800039	69.852
0.01800039	69.852
0.01800153	77.545
0.01800153	77.545
0.01800153	77.545
0.01800234	4.0
0.01800234	4.0
0.01800234	4.0
0.01800335	5.40990234
0.01800335	5.40990234
0.01800335	5.40990234
0.01800242	0.46930967
0.01800242	0.46930967
0.01800242	0.46930967
0.01800001	0.46930967
0.01800001	0.46930967
0.01800001	0.46930967
0.01800001	7.61830967
0.01800001	7.61830967
0.01800001	7.61830967
0.01800001	22.22730967
0.01800001	22.22730967
0.01800001	22.22730967
0.01800002	10.0
0.01800002	10.0
0.01800002	10.0
0.01800004	0.46930888
0.01800004	0.46930888
0.01800004	0.46930888
0.01800011	19.17
0.01800011	19.17
0.01800011	19.17
0.01800009	6.852
0.01800009	6.852
0.01800009	6.852
0.01800009	7.32130757
0.01800009	7.32130757
0.01800009	7.32130757
0.01800009	7.32130757
0.01800009	7.32130757
0.01800009	7.32130757
0.0180001	0.4693073
0.0180001	0.4693073
0.0180001	0.4693073
0.0180001	0.4693073
0.0180001	0.4693073
0.0180001	0.4693073
0.0180001	0.4693073
0.0180001	0.4693073
0.0180001	0.4693073
0.0180001	0.4693073
0.0180001	0.4693073
0.0180001	0.4693073
0.0180001	0.4693073
0.0180001	0.4693073
0.0180001	0.4693073
0.0180001	0.4693073
0.0180001	0.4693073
0.0180001	0.4693073
0.0180001	0.4693073
0.0180001	0.4693073
0.0180001	0.4693073
0.0180001	0.4693073
0.0180001	0.4693073
0.0180001	0.4693073
0.0180001	0.4693073
0.0180001	0.4693073
0.0180001	0.4693073
0.0180001	0.4693073
0.0180001	0.4693073
0.0180001	0.4693073
0.0180001	0.4693073
0.0180001	0.4693073
0.0180001	0.4693073
0.01800011	71.639
0.01800011	71.639
0.01800011	71.639
0.01800034	40.79
0.01800034	40.79
0.01800034	40.79
0.01800061	76.612
0.01800061	76.612
0.01800061	76.612
0.01800091	71.096
0.01800091	71.096
0.01800091	71.096
0.0180013	75.602
0.0180013	75.602
0.0180013	75.602
0.01800181	74.281
0.01800181	74.281
0.01800181	74.281
0.01800209	74.98
0.01800209	74.98
0.01800209	74.98
0.0180024	40.79
0.0180024	40.79
0.0180024	40.79
0.01800257	69.075
0.01800257	69.075
0.01800257	69.075
0.01800285	74.204
0.01800285	74.204
0.01800285	74.204
0.01800308	40.79
0.01800308	40.79
0.01800308	40.79
0.01800337	70.552
0.01800337	70.552
0.01800337	70.552
0.01800365	76.379
0.01800365	76.379
0.01800365	76.379
0.01800377	73.504
0.01800377	73.504
0.01800377	73.504
0.01800404	40.79
0.01800404	40.79
0.01800404	40.79
0.01800435	73.66
0.01800435	73.66
0.01800435	73.66
0.018112	13.0
0.018112	13.0
0.018112	13.0
0.01811201	0.46640752
0.01811201	0.46640752
0.01811201	0.46640752
0.01811201	0.46640752
0.01811201	0.46640752
0.01811201	0.46640752
0.01811201	0.46640752
0.01811201	0.46640752
0.01811201	0.46640752
0.01811201	0.46640752
0.01811201	0.46640752
0.01811201	0.46640752
0.01800477	73.271
0.01800477	73.271
0.01800477	73.271
0.01801562	69.153
0.01801562	69.153
0.01801562	69.153
0.01801649	76.69
0.01801649	76.69
0.01801649	76.69
0.01801729	192.09662513
0.01801729	192.09662513
0.01801729	192.09662513
0.01802807	74.048
0.01802807	74.048
0.01802807	74.048
0.01805499	76.534
0.01805499	76.534
0.01805499	76.534
0.01830001	76.768
0.01830001	76.768
0.01830001	76.768
0.01806615	27.25281289
0.01806615	27.25281289
0.01806615	27.25281289
0.01830007	72.805
0.01830007	72.805
0.01830007	72.805
0.01830088	71.397
0.01830088	71.397
0.01830088	71.397
0.01830135	27.08554644
0.01830135	27.08554644
0.01830135	27.08554644
0.01830207	142.673
0.01830207	142.673
0.01830207	142.673
0.01830285	71.484
0.01830285	71.484
0.01830285	71.484
0.01830362	17.01580858
0.01830362	17.01580858
0.01830362	17.01580858
0.01830384	73.271
0.01830384	73.271
0.01830384	73.271
0.0183	5.30514757
0.0183	5.30514757
0.0183	5.30514757
0.01816938	27.29704645
0.01816938	27.29704645
0.01816938	27.29704645
0.01817013	74.514
0.01817013	74.514
0.01817013	74.514
0.01817099	454.86366174
0.01817099	454.86366174
0.01817099	454.86366174
0.01817193	27.17406072
0.01817193	27.17406072
0.01817193	27.17406072
0.01817278	27.11642327
0.01817278	27.11642327
0.01817278	27.11642327
0.01817367	522.149
0.01817367	522.149
0.01817367	522.149
0.01818404	6.08593617
0.01818404	6.08593617
0.01818404	6.08593617
0.01818463	27.01241112
0.01818463	27.01241112
0.01818463	27.01241112
0.01823704	72.572
0.01823704	72.572
0.01823704	72.572
0.01824778	140.359
0.01824778	140.359
0.01824778	140.359
0.01824873	72.028
0.01824873	72.028
0.01824873	72.028
0.01824958	26.99791306
0.01824958	26.99791306
0.01824958	26.99791306
0.01826029	71.096
0.01826029	71.096
0.01826029	71.096
0.01827087	27.09328108
0.01827087	27.09328108
0.01827087	27.09328108
0.01828177	27.13322794
0.01828177	27.13322794
0.01828177	27.13322794
0.01828256	40.79
0.01828256	40.79
0.01828256	40.79
0.01828312	2.69160567
0.01828312	2.69160567
0.01828312	2.69160567
0.01828361	62.525
0.01828361	62.525
0.01828361	62.525
0.01828375	6.04088865
0.01828375	6.04088865
0.01828375	6.04088865
0.01828393	44.074
0.01828393	44.074
0.01828393	44.074
0.01828412	6.04076641
0.01828412	6.04076641
0.01828412	6.04076641
0.01828429	6.04071024
0.01828429	6.04071024
0.01828429	6.04071024
0.01828447	6.04065077
0.01828447	6.04065077
0.01828447	6.04065077
0.01828461	35.475
0.01828461	35.475
0.01828461	35.475
0.01824912	6.0580244
0.01824912	6.0580244
0.01824912	6.0580244
0.01824908	3.436e-05
0.01824908	3.436e-05
0.01824908	3.436e-05
0.01824909	0.27398626
0.01824909	0.27398626
0.01824909	0.27398626
0.01800114	107.12803916
0.01800114	107.12803916
0.01800114	107.12803916
0.01801162	75.602
0.01801162	75.602
0.01801162	75.602
0.01801233	113.517
0.01801233	113.517
0.01801233	113.517
0.01801298	111.66881402
0.01801298	111.66881402
0.01801298	111.66881402
0.01801334	72.183
0.01801334	72.183
0.01801334	72.183
0.01801405	595.519
0.01801405	595.519
0.01801405	595.519
0.01801475	27.4122807
0.01801475	27.4122807
0.01801475	27.4122807
0.01801564	77.545
0.01801564	77.545
0.01801564	77.545
0.01801644	71.096
0.01801644	71.096
0.01801644	71.096
0.01802717	76.534
0.01802717	76.534
0.01802717	76.534
0.01802801	112.85163186
0.01802801	112.85163186
0.01802801	112.85163186
0.01802894	27.36725376
0.01802894	27.36725376
0.01802894	27.36725376
0.0180296	77.88823898
0.0180296	77.88823898
0.0180296	77.88823898
0.01803039	0.30754866
0.01803039	0.30754866
0.01803039	0.30754866
0.01803141	27.35228263
0.01803141	27.35228263
0.01803141	27.35228263
0.01804217	27.35228263
0.01804217	27.35228263
0.01804217	27.35228263
0.01804299	74.903
0.01804299	74.903
0.01804299	74.903
0.0180538	27.30918254
0.0180538	27.30918254
0.0180538	27.30918254
0.01805447	603.64210212
0.01805447	603.64210212
0.01805447	603.64210212
0.01805514	76.301
0.01805514	76.301
0.01805514	76.301
0.01805569	566.09969142
0.01805569	566.09969142
0.01805569	566.09969142
0.01805599	562.24191092
0.01805599	562.24191092
0.01805599	562.24191092
0.01805631	71.639
0.01805631	71.639
0.01805631	71.639
0.01805664	562.09006211
0.01805664	562.09006211
0.01805664	562.09006211
0.018057	72.54
0.018057	72.54
0.018057	72.54
0.01805751	107.25030267
0.01805751	107.25030267
0.01805751	107.25030267
0.01805787	77.622
0.01805787	77.622
0.01805787	77.622
0.01806825	77.234
0.01806825	77.234
0.01806825	77.234
0.01806853	6.40277289
0.01806853	6.40277289
0.01806853	6.40277289
0.0180689	72.028
0.0180689	72.028
0.0180689	72.028
0.01811022	448.69
0.01811022	448.69
0.01811022	448.69
0.01815	0.1
0.01815	0.1
0.01815	0.1
0.01817	0.1
0.01817	0.1
0.01817	0.1
0.01817	0.1
0.01817	0.1
0.01817	0.1
0.01817	0.1
0.01817	0.1
0.01817	0.1
0.01817	0.1
0.01817	0.1
0.01817	0.1
0.01817	0.1
0.01817	0.1
0.01817	0.1
0.01817	0.1
0.01817	0.1
0.01817	0.1
0.01817	0.1
0.01817	0.1
0.01817	0.1
0.01818007	74.437
0.01818007	74.437
0.01818007	74.437
0.01818057	72.572
0.01818057	72.572
0.01818057	72.572
0.01818086	75.758
0.01818086	75.758
0.01818086	75.758
0.0181915	69.075
0.0181915	69.075
0.0181915	69.075
0.0181919	70.785
0.0181919	70.785
0.0181919	70.785
0.01817	6.41333398
0.01817	6.41333398
0.01817	6.41333398
0.01808586	70.629
0.01808586	70.629
0.01808586	70.629
0.01808651	40.79
0.01808651	40.79
0.01808651	40.79
0.01808693	455.06586202
0.01808693	455.06586202
0.01808693	455.06586202
0.01808766	27.37237765
0.01808766	27.37237765
0.01808766	27.37237765
0.01808842	27.41564753
0.01808842	27.41564753
0.01808842	27.41564753
0.01808935	77.156
0.01808935	77.156
0.01808935	77.156
0.01809022	27.41560243
0.01809022	27.41560243
0.01809022	27.41560243
0.01810093	83.83793067
0.01810093	83.83793067
0.01810093	83.83793067
0.0181016	448.69
0.0181016	448.69
0.0181016	448.69
0.01810193	69.93
0.01810193	69.93
0.01810193	69.93
0.01810272	75.369
0.01810272	75.369
0.01810272	75.369
0.01810332	73.426
0.01810332	73.426
0.01810332	73.426
0.01812046	481.715
0.01812046	481.715
0.01812046	481.715
0.01814023	484.4462438
0.01814023	484.4462438
0.01814023	484.4462438
0.01814084	40.79
0.01814084	40.79
0.01814084	40.79
0.01814169	74.437
0.01814169	74.437
0.01814169	74.437
0.01814246	75.524
0.01814246	75.524
0.01814246	75.524
0.01814323	523.515
0.01814323	523.515
0.01814323	523.515
0.01814388	27.32238944
0.01814388	27.32238944
0.01814388	27.32238944
0.01814464	69.464
0.01814464	69.464
0.01814464	69.464
0.01815551	6.61328116
0.01815551	6.61328116
0.01815551	6.61328116
0.01815626	448.69
0.01815626	448.69
0.01815626	448.69
0.01815705	111.497
0.01815705	111.497
0.01815705	111.497
0.01815786	73.038
0.01815786	73.038
0.01815786	73.038
0.01815875	46.295
0.01815875	46.295
0.01815875	46.295
0.01815948	50.843
0.01815948	50.843
0.01815948	50.843
0.01817025	53.492
0.01817025	53.492
0.01817025	53.492
0.01817105	503.531
0.01817105	503.531
0.01817105	503.531
0.01817175	152.163
0.01817175	152.163
0.01817175	152.163
0.01817253	81.868
0.01817253	81.868
0.01817253	81.868
0.01820815	112.77507818
0.01820815	112.77507818
0.01820815	112.77507818
0.0182188	520.485
0.0182188	520.485
0.0182188	520.485
0.01821963	448.69
0.01821963	448.69
0.01821963	448.69
0.01822052	153.688
0.01822052	153.688
0.01822052	153.688
0.01823105	72.805
0.01823105	72.805
0.01823105	72.805
0.01823138	86.67040931
0.01823138	86.67040931
0.01823138	86.67040931
0.01823171	77.001
0.01823171	77.001
0.01823171	77.001
0.01823223	76.301
0.01823223	76.301
0.01823223	76.301
0.01823282	77.622
0.01823282	77.622
0.01823282	77.622
0.0182337	69.852
0.0182337	69.852
0.0182337	69.852
0.01823453	738.116
0.01823453	738.116
0.01823453	738.116
0.01824524	70.785
0.01824524	70.785
0.01824524	70.785
0.01824597	27.0220462
0.01824597	27.0220462
0.01824597	27.0220462
0.0182468	71.406
0.0182468	71.406
0.0182468	71.406
0.01824763	27.07152676
0.01824763	27.07152676
0.01824763	27.07152676
0.0182483	80.34693781
0.0182483	80.34693781
0.0182483	80.34693781
0.01824896	68.998
0.01824896	68.998
0.01824896	68.998
0.01825973	72.106
0.01825973	72.106
0.01825973	72.106
0.01826057	73.582
0.01826057	73.582
0.01826057	73.582
0.01826125	613.143
0.01826125	613.143
0.01826125	613.143
0.01826197	27.15909362
0.01826197	27.15909362
0.01826197	27.15909362
0.01826275	77.312
0.01826275	77.312
0.01826275	77.312
0.01826348	75.524
0.01826348	75.524
0.01826348	75.524
0.01826418	69.775
0.01826418	69.775
0.01826418	69.775
0.01827487	72.028
0.01827487	72.028
0.01827487	72.028
0.01827567	517.998
0.01827567	517.998
0.01827567	517.998
0.01827635	22.03598385
0.01827635	22.03598385
0.01827635	22.03598385
0.01827712	22.03598385
0.01827712	22.03598385
0.01827712	22.03598385
0.01827784	448.69
0.01827784	448.69
0.01827784	448.69
0.0182786	22.03598385
0.0182786	22.03598385
0.0182786	22.03598385
0.01827928	22.03598385
0.01827928	22.03598385
0.01827928	22.03598385
0.01829003	11.98510644
0.01829003	11.98510644
0.01829003	11.98510644
0.01829064	75.835
0.01829064	75.835
0.01829064	75.835
0.01829068	69.464
0.01829068	69.464
0.01829068	69.464
0.01829091	72.339
0.01829091	72.339
0.01829091	72.339
0.01829115	74.514
0.01829115	74.514
0.01829115	74.514
0.01829131	6.67121422
0.01829131	6.67121422
0.01829131	6.67121422
0.0182915	74.048
0.0182915	74.048
0.0182915	74.048
0.01829169	73.193
0.01829169	73.193
0.01829169	73.193
0.01830001	71.096
0.01830001	71.096
0.01830001	71.096
0.01831019	69.386
0.01831019	69.386
0.01831019	69.386
0.01831038	6.66426624
0.01831038	6.66426624
0.01831038	6.66426624
0.01831054	72.65
0.01831054	72.65
0.01831054	72.65
0.01831074	73.116
0.01831074	73.116
0.01831074	73.116
0.01831091	70.396
0.01831091	70.396
0.01831091	70.396
0.01831105	77.234
0.01831105	77.234
0.01831105	77.234
0.01831118	72.028
0.01831118	72.028
0.01831118	72.028
0.01831136	71.484
0.01831136	71.484
0.01831136	71.484
0.01832152	74.592
0.01832152	74.592
0.01832152	74.592
0.0183217	75.913
0.0183217	75.913
0.0183217	75.913
0.01832188	77.001
0.01832188	77.001
0.01832188	77.001
0.01832207	70.94
0.01832207	70.94
0.01832207	70.94
0.01832224	75.136
0.01832224	75.136
0.01832224	75.136
0.01832243	72.416
0.01832243	72.416
0.01832243	72.416
0.01832262	6.65981433
0.01832262	6.65981433
0.01832262	6.65981433
0.01832278	73.193
0.01832278	73.193
0.01832278	73.193
0.01832298	72.261
0.01832298	72.261
0.01832298	72.261
0.01832313	74.437
0.01832313	74.437
0.01832313	74.437
0.01832333	71.717
0.01832333	71.717
0.01832333	71.717
0.01832348	69.153
0.01832348	69.153
0.01832348	69.153
0.01832365	69.619
0.01832365	69.619
0.01832365	69.619
0.01832375	73.504
0.01832375	73.504
0.01832375	73.504
0.01832391	74.126
0.01832391	74.126
0.01832391	74.126
0.0183241	76.068
0.0183241	76.068
0.0183241	76.068
0.01832425	77.001
0.01832425	77.001
0.01832425	77.001
0.01832443	74.126
0.01832443	74.126
0.01832443	74.126
0.0183246	69.852
0.0183246	69.852
0.0183246	69.852
0.0183248	72.805
0.0183248	72.805
0.0183248	72.805
0.01832483	75.835
0.01832483	75.835
0.01832483	75.835
0.01832484	0.05066113
0.01832484	0.05066113
0.01832484	0.05066113
0.01832485	0.05036776
0.01832485	0.05036776
0.01832485	0.05036776
0.01832486	69.852
0.01832486	69.852
0.01832486	69.852
0.01832486	69.852
0.01832486	69.852
0.01832486	69.852
0.01832487	0.27285323
0.01832487	0.27285323
0.01832487	0.27285323
0.01832487	63.52385323
0.01832487	63.52385323
0.01832487	63.52385323
0.01832487	0.27285323
0.01832487	0.27285323
0.01832487	0.27285323
0.01832487	0.27285323
0.01832487	0.27285323
0.01832487	0.27285323
0.01832487	0.27285323
0.01832487	0.27285323
0.01832487	0.27285323
0.01832488	0.27285308
0.01832488	0.27285308
0.01832488	0.27285308
0.01832488	0.27285308
0.01832488	0.27285308
0.01832488	0.27285308
0.01832488	0.27285308
0.01832488	0.27285308
0.01832488	0.27285308
0.01832488	0.27285308
0.01832488	0.27285308
0.01832488	0.27285308
0.01832488	0.27285308
0.01832488	0.27285308
0.01832488	0.27285308
0.01832488	0.27285308
0.01832488	0.27285308
0.01832488	0.27285308
0.01832489	0.27285293
0.01832489	0.27285293
0.01832489	0.27285293
0.01832489	0.27285293
0.01832489	0.27285293
0.01832489	0.27285293
0.01832489	0.27285293
0.01832489	0.27285293
0.01832489	0.27285293
0.01832489	0.27285293
0.01832489	0.27285293
0.01832489	0.27285293
0.01832489	0.27285293
0.01832489	0.27285293
0.01832489	0.27285293
0.01832489	0.27285293
0.01832489	0.27285293
0.01832489	0.27285293
0.0183249	0.27285279
0.0183249	0.27285279
0.0183249	0.27285279
0.0183249	0.27285279
0.0183249	0.27285279
0.0183249	0.27285279
0.01832492	41.988
0.01832492	41.988
0.01832492	41.988
0.01832492	41.988
0.01832492	41.988
0.01832492	41.988
0.01832494	60.34
0.01832494	60.34
0.01832494	60.34
0.01832495	0.27285204
0.01832495	0.27285204
0.01832495	0.27285204
0.01832497	77.389
0.01832497	77.389
0.01832497	77.389
0.01832497	77.389
0.01832497	77.389
0.01832497	77.389
0.01832499	50.358
0.01832499	50.358
0.01832499	50.358
0.01832501	32.385
0.01832501	32.385
0.01832501	32.385
0.01832502	0.272851
0.01832502	0.272851
0.01832502	0.272851
0.01832504	52.134
0.01832504	52.134
0.01832504	52.134
0.01832519	24.59866396
0.01832519	24.59866396
0.01832519	24.59866396
0.01832545	24.59828811
0.01832545	24.59828811
0.01832545	24.59828811
0.01832572	72.572
0.01832572	72.572
0.01832572	72.572
0.0183259	25.03244924
0.0183259	25.03244924
0.0183259	25.03244924
0.01832611	75.447
0.01832611	75.447
0.01832611	75.447
0.01832632	25.03187554
0.01832632	25.03187554
0.01832632	25.03187554
0.01832652	25.03160237
0.01832652	25.03160237
0.01832652	25.03160237
0.01832676	25.03991929
0.01832676	25.03991929
0.01832676	25.03991929
0.01832699	76.301
0.01832699	76.301
0.01832699	76.301
0.01832722	25.03930447
0.01832722	25.03930447
0.01832722	25.03930447
0.01832746	25.03899024
0.01832746	25.03899024
0.01832746	25.03899024
0.01832771	69.697
0.01832771	69.697
0.01832771	69.697
0.01832795	75.291
0.01832795	75.291
0.01832795	75.291
0.01832854	117.61066326
0.01832854	117.61066326
0.01832854	117.61066326
0.01832936	101.48248945
0.01832936	101.48248945
0.01832936	101.48248945
0.01833031	120.238
0.01833031	120.238
0.01833031	120.238
0.01833844	118.412
0.01833844	118.412
0.01833844	118.412
0.01843672	73.271
0.01843672	73.271
0.01843672	73.271
0.01850001	27.42839926
0.01850001	27.42839926
0.01850001	27.42839926
0.01850303	27.33458037
0.01850303	27.33458037
0.01850303	27.33458037
0.01850303	24.33455037
0.01850303	24.33455037
0.01850303	24.33455037
0.01850305	27.04398299
0.01850305	27.04398299
0.01850305	27.04398299
0.01850305	27.04398299
0.01850305	27.04398299
0.01850305	27.04398299
0.01850307	27.04390991
0.01850307	27.04390991
0.01850307	27.04390991
0.01850307	25.04392453
0.01850307	25.04392453
0.01850307	25.04392453
0.01850314	6.58505239
0.01850314	6.58505239
0.01850314	6.58505239
0.01850317	73.426
0.01850317	73.426
0.01850317	73.426
0.0185034	26.85255131
0.0185034	26.85255131
0.0185034	26.85255131
0.01850367	70.396
0.01850367	70.396
0.01850367	70.396
0.01850392	85.32876767
0.01850392	85.32876767
0.01850392	85.32876767
0.01850416	70.474
0.01850416	70.474
0.01850416	70.474
0.0185047	73.271
0.0185047	73.271
0.0185047	73.271
0.01851004	89.734
0.01851004	89.734
0.01851004	89.734
0.0185109	100.65674403
0.0185109	100.65674403
0.0185109	100.65674403
0.01852161	26.73781063
0.01852161	26.73781063
0.01852161	26.73781063
0.01853076	76.04933452
0.01853076	76.04933452
0.01853076	76.04933452
0.0185402	26.72353434
0.0185402	26.72353434
0.0185402	26.72353434
0.01854088	71.872
0.01854088	71.872
0.01854088	71.872
0.01854114	73.893
0.01854114	73.893
0.01854114	73.893
0.01854142	71.409
0.01854142	71.409
0.01854142	71.409
0.01854168	40.79
0.01854168	40.79
0.01854168	40.79
0.01854192	38.678
0.01854192	38.678
0.01854192	38.678
0.0185422	6.50988656
0.0185422	6.50988656
0.0185422	6.50988656
0.01854251	448.69
0.01854251	448.69
0.01854251	448.69
0.01854267	40.79
0.01854267	40.79
0.01854267	40.79
0.01856128	6.50319475
0.01856128	6.50319475
0.01856128	6.50319475
0.01865263	2.99603184
0.01865263	2.99603184
0.01865263	2.99603184
0.01866024	5.0
0.01866024	5.0
0.01866024	5.0
0.01866024	5.0
0.01866024	5.0
0.01866024	5.0
0.01866025	5.0
0.01866025	5.0
0.01866025	5.0
0.01866025	4.86145277
0.01866025	4.86145277
0.01866025	4.86145277
0.01866025	4.86145277
0.01866025	4.86145277
0.01866025	4.86145277
0.01866026	0.03006614
0.01866026	0.03006614
0.01866026	0.03006614
0.01866026	0.03006614
0.01866026	0.03006614
0.01866026	0.03006614
0.01866025	0.97665951
0.01866025	0.97665951
0.01866025	0.97665951
0.01866025	0.97665951
0.01866025	0.97665951
0.01866025	0.97665951
0.01866025	0.97665951
0.01866025	0.97665951
0.01866025	0.97665951
0.01866025	0.97665951
0.01866025	0.97665951
0.01866025	0.97665951
0.01866025	0.97665951
0.01866025	0.97665951
0.01866025	0.97665951
0.01866025	0.97665951
0.01866025	0.97665951
0.01866025	0.97665951
0.01866025	0.97665951
0.01866025	0.97665951
0.01866025	0.97665951
0.01866025	1.60543692
0.01866025	1.60543692
0.01866025	1.60543692
0.01866025	0.97665951
0.01866025	0.97665951
0.01866025	0.97665951
0.01866025	0.97665951
0.01866025	0.97665951
0.01866025	0.97665951
0.01866025	0.97665951
0.01866025	0.97665951
0.01866025	0.97665951
0.01866025	0.97665951
0.01866025	0.97665951
0.01866025	0.97665951
0.01866025	0.97665951
0.01866025	0.97665951
0.01866025	0.97665951
0.01866025	0.97665951
0.01866025	0.97665951
0.01866025	0.97665951
0.01866025	0.97665951
0.01866025	0.97665951
0.01866025	0.97665951
0.01866025	0.97665951
0.01866025	0.97665951
0.01866025	0.97665951
0.01866025	0.97665951
0.01866025	0.97665951
0.01866025	0.97665951
0.01866025	0.97665951
0.01866025	0.97665951
0.01866025	0.97665951
0.01866025	0.78657249
0.01866025	0.78657249
0.01866025	0.78657249
0.01850302	0.1
0.01850302	0.1
0.01850302	0.1
0.01850302	0.1
0.01850302	0.1
0.01850302	0.1
0.01850302	0.1
0.01850302	0.1
0.01850302	0.1
0.01850302	0.1
0.01850302	0.1
0.01850302	0.1
0.01850303	0.27022601
0.01850303	0.27022601
0.01850303	0.27022601
0.01843667	0.1
0.01843667	0.1
0.01843667	0.1
0.01843667	0.1
0.01843667	0.1
0.01843667	0.1
0.01843667	0.1
0.01843667	0.1
0.01843667	0.1
0.01843667	0.1
0.01843667	0.1
0.01843667	0.1
0.01843667	0.1
0.01843667	0.1
0.01843667	0.1
0.01836655	0.1
0.01836655	0.1
0.01836655	0.1
0.01836655	0.1
0.01836655	0.1
0.01836655	0.1
0.01836655	0.1
0.01836655	0.1
0.01836655	0.1
0.01836655	0.1
0.01836655	0.1
0.01836655	0.1
0.01836655	0.1
0.01836655	0.1
0.01836655	0.1
0.01836655	0.1
0.01836655	0.1
0.01836655	0.1
0.01836655	0.1
0.01836655	0.1
0.01836655	0.1
0.01836655	0.1
0.01836655	0.1
0.01836655	0.1
0.01836655	0.1
0.01836655	0.1
0.01836655	0.1
0.01836655	0.1
0.01836655	0.1
0.01836655	0.1
0.01836655	0.1
0.01836655	0.1
0.01836655	0.1
0.01836655	0.1
0.01836655	0.1
0.01836655	0.1
0.01836718	27.0269978
0.01836718	27.0269978
0.01836718	27.0269978
0.0183703	40.79
0.0183703	40.79
0.0183703	40.79
0.01837106	69.775
0.01837106	69.775
0.01837106	69.775
0.01843001	74.437
0.01843001	74.437
0.01843001	74.437
0.01843501	27.281
0.01843501	27.281
0.01843501	27.281
0.01843501	25.784
0.01843501	25.784
0.01843501	25.784
0.01843501	43.731
0.01843501	43.731
0.01843501	43.731
0.01843502	33.213
0.01843502	33.213
0.01843502	33.213
0.0184352	448.69
0.0184352	448.69
0.0184352	448.69
0.01843544	448.69
0.01843544	448.69
0.01843544	448.69
0.01843568	69.231
0.01843568	69.231
0.01843568	69.231
0.01864714	2.1e-07
0.01864714	2.1e-07
0.01864714	2.1e-07
0.01864714	2.1e-07
0.01864714	2.1e-07
0.01864714	2.1e-07
0.0185	22.46722825
0.0185	22.46722825
0.0185	22.46722825
0.0185	22.46722825
0.0185	22.46722825
0.0185	22.46722825
0.0185	22.46722825
0.0185	22.46722825
0.0185	22.46722825
0.01850001	6.52473261
0.01850001	6.52473261
0.01850001	6.52473261
0.0185	10.46722825
0.0185	10.46722825
0.0185	10.46722825
0.01836707	70.94
0.01836707	70.94
0.01836707	70.94
0.01836757	84.19377942
0.01836757	84.19377942
0.01836757	84.19377942
0.01836788	95.29
0.01836788	95.29
0.01836788	95.29
0.01836823	522.35
0.01836823	522.35
0.01836823	522.35
0.01836854	76.923
0.01836854	76.923
0.01836854	76.923
0.01836885	448.69
0.01836885	448.69
0.01836885	448.69
0.01836956	72.028
0.01836956	72.028
0.01836956	72.028
0.01837029	73.038
0.01837029	73.038
0.01837029	73.038
0.01837111	448.69
0.01837111	448.69
0.01837111	448.69
0.01837189	448.69
0.01837189	448.69
0.01837189	448.69
0.0183727	26.93286391
0.0183727	26.93286391
0.0183727	26.93286391
0.01837349	26.92514808
0.01837349	26.92514808
0.01837349	26.92514808
0.01837441	102.457
0.01837441	102.457
0.01837441	102.457
0.0183751	69.153
0.0183751	69.153
0.0183751	69.153
0.0183754	113.673
0.0183754	113.673
0.0183754	113.673
0.0183757	74.048
0.0183757	74.048
0.0183757	74.048
0.01837602	70.419
0.01837602	70.419
0.01837602	70.419
0.01837632	455.25865023
0.01837632	455.25865023
0.01837632	455.25865023
0.01837645	6.56860376
0.01837645	6.56860376
0.01837645	6.56860376
0.01837667	51.071
0.01837667	51.071
0.01837667	51.071
0.01837699	448.69
0.01837699	448.69
0.01837699	448.69
0.01837713	455.25836071
0.01837713	455.25836071
0.01837713	455.25836071
0.01837713	455.25836071
0.01837713	455.25836071
0.01837713	455.25836071
0.01837734	40.79
0.01837734	40.79
0.01837734	40.79
0.01837744	448.69
0.01837744	448.69
0.01837744	448.69
0.01837771	455.25815341
0.01837771	455.25815341
0.01837771	455.25815341
0.01837771	455.25815341
0.01837771	455.25815341
0.01837771	455.25815341
0.01837771	455.25815341
0.01837771	455.25815341
0.01837771	455.25815341
0.01837786	33.731
0.01837786	33.731
0.01837786	33.731
0.01837818	6.56798544
0.01837818	6.56798544
0.01837818	6.56798544
0.01837825	55.76355355
0.01837825	55.76355355
0.01837825	55.76355355
0.01837825	55.76355355
0.01837825	55.76355355
0.01837825	55.76355355
0.01837825	55.76355355
0.01837825	55.76355355
0.01837825	55.76355355
0.01837831	47.35793898
0.01837831	47.35793898
0.01837831	47.35793898
0.01837832	0.27205969
0.01837832	0.27205969
0.01837832	0.27205969
0.01837836	70.241
0.01837836	70.241
0.01837836	70.241
0.01837871	448.69
0.01837871	448.69
0.01837871	448.69
0.018379	40.79
0.018379	40.79
0.018379	40.79
0.01837932	6.56757805
0.01837932	6.56757805
0.01837932	6.56757805
0.01837994	113.906
0.01837994	113.906
0.01837994	113.906
0.01838061	75.87511712
0.01838061	75.87511712
0.01838061	75.87511712
0.01839094	77.467
0.01839094	77.467
0.01839094	77.467
0.01839133	77.389
0.01839133	77.389
0.01839133	77.389
0.01839218	73.97
0.01839218	73.97
0.01839218	73.97
0.01839249	71.251
0.01839249	71.251
0.01839249	71.251
0.01839281	74.514
0.01839281	74.514
0.01839281	74.514
0.01839315	75.524
0.01839315	75.524
0.01839315	75.524
0.01839354	75.291
0.01839354	75.291
0.01839354	75.291
0.01839411	6.56229731
0.01839411	6.56229731
0.01839411	6.56229731
0.01839483	448.69
0.01839483	448.69
0.01839483	448.69
0.01839555	448.69
0.01839555	448.69
0.01839555	448.69
0.01839597	76.923
0.01839597	76.923
0.01839597	76.923
0.01839634	6.56150183
0.01839634	6.56150183
0.01839634	6.56150183
0.01839668	40.79
0.01839668	40.79
0.01839668	40.79
0.01839703	78.27825574
0.01839703	78.27825574
0.01839703	78.27825574
0.01839734	69.386
0.01839734	69.386
0.01839734	69.386
0.01839768	75.136
0.01839768	75.136
0.01839768	75.136
0.01839782	47.350974
0.01839782	47.350974
0.01839782	47.350974
0.01839782	47.350974
0.01839782	47.350974
0.01839782	47.350974
0.01839783	0.27177118
0.01839783	0.27177118
0.01839783	0.27177118
0.01839783	0.27177118
0.01839783	0.27177118
0.01839783	0.27177118
0.01839783	0.27177118
0.01839783	0.27177118
0.01839783	0.27177118
0.01839783	0.23244293
0.01839783	0.23244293
0.01839783	0.23244293
0.01839783	0.23244293
0.01839783	0.23244293
0.01839783	0.23244293
0.01839212	6.56300734
0.01839212	6.56300734
0.01839212	6.56300734
0.01839782	2.3884167
0.01839782	2.3884167
0.01839782	2.3884167
0.01839798	6.56091694
0.01839798	6.56091694
0.01839798	6.56091694
0.01839811	40.79
0.01839811	40.79
0.01839811	40.79
0.01839215	40.79
0.01839215	40.79
0.01839215	40.79
0.01839227	47.35295382
0.01839227	47.35295382
0.01839227	47.35295382
0.01839227	47.35295382
0.01839227	47.35295382
0.01839227	47.35295382
0.01839227	47.35295382
0.01839227	47.35295382
0.01839227	47.35295382
0.01839238	40.79
0.01839238	40.79
0.01839238	40.79
0.01839242	40.79
0.01839242	40.79
0.01839242	40.79
0.018392	341.10061038
0.018392	341.10061038
0.018392	341.10061038
0.018392	347.73978059
0.018392	347.73978059
0.018392	347.73978059
0.018392	347.73978059
0.018392	347.73978059
0.018392	347.73978059
0.018392	266.15978059
0.018392	266.15978059
0.018392	266.15978059
0.018392	266.08366054
0.018392	266.08366054
0.018392	266.08366054
0.018392	266.08366054
0.018392	266.08366054
0.018392	266.08366054
0.018392	266.08366054
0.018392	266.08366054
0.018392	266.08366054
0.018392	266.08366054
0.018392	266.08366054
0.018392	266.08366054
0.018392	266.08366054
0.018392	266.08366054
0.018392	266.08366054
0.018392	230.56453554
0.018392	230.56453554
0.018392	230.56453554
0.018392	211.52128854
0.018392	211.52128854
0.018392	211.52128854
0.018392	203.26369544
0.018392	203.26369544
0.018392	203.26369544
0.018392	203.26369544
0.018392	203.26369544
0.018392	203.26369544
0.018392	203.26369544
0.018392	203.26369544
0.018392	203.26369544
0.018392	203.12885172
0.018392	203.12885172
0.018392	203.12885172
0.018392	196.56580156
0.018392	196.56580156
0.018392	196.56580156
0.01836655	0.1
0.01836655	0.1
0.01836655	0.1
0.01836655	0.1
0.01836655	0.1
0.01836655	0.1
0.01836655	0.1
0.01836655	0.1
0.01836655	0.1
0.01836655	0.1
0.01836655	0.1
0.01836655	0.1
0.01836655	0.1
0.01836655	0.1
0.01836655	0.1
0.01836655	0.1
0.01836655	0.1
0.01836655	0.1
0.01836655	0.1
0.01836655	0.1
0.01836655	0.1
0.01836655	0.1
0.01836655	0.1
0.01836655	0.1
0.01836655	0.1
0.01836655	0.1
0.01836655	0.1
0.01836655	0.1
0.01836655	0.1
0.01836655	0.1
0.01836656	0.02750424
0.01836656	0.02750424
0.01836656	0.02750424
0.01836655	0.1
0.01836655	0.1
0.01836655	0.1
0.01836655	0.1
0.01836655	0.1
0.01836655	0.1
0.01836655	0.1
0.01836655	0.1
0.01836655	0.1
0.01836655	0.1
0.01836655	0.1
0.01836655	0.1
0.01836655	0.1
0.01836655	0.1
0.01836655	0.1
0.01836655	0.1
0.01836655	0.1
0.01836655	0.1
0.01836656	0.0273614
0.01836656	0.0273614
0.01836656	0.0273614
0.01836657	0.02765968
0.01836657	0.02765968
0.01836657	0.02765968
0.01836658	0.02763365
0.01836658	0.02763365
0.01836658	0.02763365
0.01836659	0.02791896
0.01836659	0.02791896
0.01836659	0.02791896
0.0183666	0.0282396
0.0183666	0.0282396
0.0183666	0.0282396
0.0183666	0.0282396
0.0183666	0.0282396
0.0183666	0.0282396
0.0183666	0.0282396
0.0183666	0.0282396
0.0183666	0.0282396
0.01835538	0.1
0.01835538	0.1
0.01835538	0.1
0.01835538	0.1
0.01835538	0.1
0.01835538	0.1
0.01826779	70.552
0.01826779	70.552
0.01826779	70.552
0.01826779	70.552
0.01826779	70.552
0.01826779	70.552
0.01826779	70.552
0.01826779	70.552
0.01826779	70.552
0.01826779	70.552
0.01826779	70.552
0.01826779	70.552
0.01826779	70.552
0.01826779	70.552
0.01826779	70.552
0.01826779	70.552
0.01826779	70.552
0.01826779	70.552
0.0182678	0.804
0.0182678	0.804
0.0182678	0.804
0.0182678	0.804
0.0182678	0.804
0.0182678	0.804
0.01827781	71.872
0.01827781	71.872
0.01827781	71.872
0.01827781	71.872
0.01827781	71.872
0.01827781	71.872
0.01827782	71.484
0.01827782	71.484
0.01827782	71.484
0.01828783	74.592
0.01828783	74.592
0.01828783	74.592
0.01830001	70.241
0.01830001	70.241
0.01830001	70.241
0.01830001	70.241
0.01830001	70.241
0.01830001	70.241
0.01830001	70.241
0.01830001	70.241
0.01830001	70.241
0.0183001	0.589
0.0183001	0.589
0.0183001	0.589
0.0183001	0.589
0.0183001	0.589
0.0183001	0.589
0.01830011	75.888
0.01830011	75.888
0.01830011	75.888
0.01830011	75.888
0.01830011	75.888
0.01830011	75.888
0.01830011	75.888
0.01830011	75.888
0.01830011	75.888
0.01830012	75.835
0.01830012	75.835
0.01830012	75.835
0.01830015	75.835
0.01830015	75.835
0.01830015	75.835
0.01830012	63.936
0.01830012	63.936
0.01830012	63.936
0.01830011	0.752
0.01830011	0.752
0.01830011	0.752
0.01830011	0.752
0.01830011	0.752
0.01830011	0.752
0.01830011	58.836
0.01830011	58.836
0.01830011	58.836
0.0183001	0.589
0.0183001	0.589
0.0183001	0.589
0.0183001	0.589
0.0183001	0.589
0.0183001	0.589
0.0183001	0.589
0.0183001	0.589
0.0183001	0.589
0.0183001	0.589
0.0183001	0.589
0.0183001	0.589
0.0183001	0.589
0.0183001	0.589
0.0183001	0.589
0.0183001	0.589
0.0183001	0.589
0.0183001	0.589
0.0183001	0.589
0.0183001	0.589
0.0183001	0.589
0.0183001	0.589
0.0183001	0.589
0.0183001	0.589
0.0183001	0.589
0.0183001	0.589
0.0183001	0.589
0.0183001	0.589
0.0183001	0.589
0.0183001	0.589
0.0183001	0.589
0.0183001	0.589
0.0183001	0.589
0.0183001	0.589
0.0183001	0.589
0.0183001	0.589
0.0183001	0.589
0.0183001	0.589
0.0183001	0.589
0.0183001	0.589
0.0183001	0.589
0.0183001	0.589
0.0183001	0.589
0.0183001	0.589
0.0183001	0.589
0.0183001	0.589
0.0183001	0.589
0.0183001	0.589
0.0183001	0.589
0.0183001	0.589
0.0183001	0.589
0.0183001	0.589
0.0183001	0.589
0.0183001	0.589
0.0183001	0.589
0.0183001	0.589
0.0183001	0.589
0.0183001	0.589
0.0183001	0.589
0.0183001	0.589
0.01813039	27.24304226
0.01813039	27.24304226
0.01813039	27.24304226
0.01813123	518.465
0.01813123	518.465
0.01813123	518.465
0.01813208	70.318
0.01813208	70.318
0.01813208	70.318
0.01813308	3.29554213
0.01813308	3.29554213
0.01813308	3.29554213
0.01813413	27.1886895
0.01813413	27.1886895
0.01813413	27.1886895
0.01814497	72.106
0.01814497	72.106
0.01814497	72.106
0.01814586	6.65207483
0.01814586	6.65207483
0.01814586	6.65207483
0.01814699	27.21829069
0.01814699	27.21829069
0.01814699	27.21829069
0.01814796	71.795
0.01814796	71.795
0.01814796	71.795
0.01814877	614.032
0.01814877	614.032
0.01814877	614.032
0.01814985	75.602
0.01814985	75.602
0.01814985	75.602
0.0181606	543.713
0.0181606	543.713
0.0181606	543.713
0.01816118	263.836
0.01816118	263.836
0.01816118	263.836
0.01816183	572.03212095
0.01816183	572.03212095
0.01816183	572.03212095
0.01816287	525.458
0.01816287	525.458
0.01816287	525.458
0.01816373	73.426
0.01816373	73.426
0.01816373	73.426
0.01816457	448.69
0.01816457	448.69
0.01816457	448.69
0.01817544	73.737
0.01817544	73.737
0.01817544	73.737
0.01817622	27.17397211
0.01817622	27.17397211
0.01817622	27.17397211
0.018177	95.08548885
0.018177	95.08548885
0.018177	95.08548885
0.0181778	72.261
0.0181778	72.261
0.0181778	72.261
0.01836821	3.44568901
0.01836821	3.44568901
0.01836821	3.44568901
0.01840368	0.09828353
0.01840368	0.09828353
0.01840368	0.09828353
0.01840425	70.862
0.01840425	70.862
0.01840425	70.862
0.01840483	40.79
0.01840483	40.79
0.01840483	40.79
0.01840504	69.852
0.01840504	69.852
0.01840504	69.852
0.01840527	40.79
0.01840527	40.79
0.01840527	40.79
0.01840558	77.545
0.01840558	77.545
0.01840558	77.545
0.01840605	10.43235032
0.01840605	10.43235032
0.01840605	10.43235032
0.01840699	77.078
0.01840699	77.078
0.01840699	77.078
0.01840735	40.79
0.01840735	40.79
0.01840735	40.79
0.0184075	40.79
0.0184075	40.79
0.0184075	40.79
0.01840765	73.97
0.01840765	73.97
0.01840765	73.97
0.01840829	70.008
0.01840829	70.008
0.01840829	70.008
0.01840909	26.9512721
0.01840909	26.9512721
0.01840909	26.9512721
0.01840979	69.386
0.01840979	69.386
0.01840979	69.386
0.01841065	26.90198369
0.01841065	26.90198369
0.01841065	26.90198369
0.01841089	70.008
0.01841089	70.008
0.01841089	70.008
0.01851087	68.998
0.01851087	68.998
0.01851087	68.998
0.01841126	74.514
0.01841126	74.514
0.01841126	74.514
0.01841219	26.90332987
0.01841219	26.90332987
0.01841219	26.90332987
0.01841276	74.514
0.01841276	74.514
0.01841276	74.514
0.01841352	26.88893418
0.01841352	26.88893418
0.01841352	26.88893418
0.01841378	76.301
0.01841378	76.301
0.01841378	76.301
0.0184141	73.116
0.0184141	73.116
0.0184141	73.116
0.01841482	73.66
0.01841482	73.66
0.01841482	73.66
0.0184157	74.98
0.0184157	74.98
0.0184157	74.98
0.01841641	71.95
0.01841641	71.95
0.01841641	71.95
0.01841657	71.10820874
0.01841657	71.10820874
0.01841657	71.10820874
0.01841657	71.10820874
0.01841657	71.10820874
0.01841657	71.10820874
0.01841657	71.10820874
0.01841657	71.10820874
0.01841657	71.10820874
0.01841657	71.10820874
0.01841657	71.10820874
0.01841657	71.10820874
0.01841658	76.301
0.01841658	76.301
0.01841658	76.301
0.01841659	57.99
0.01841659	57.99
0.01841659	57.99
0.0184166	71.639
0.0184166	71.639
0.0184166	71.639
0.0184168	75.058
0.0184168	75.058
0.0184168	75.058
0.01841702	74.437
0.01841702	74.437
0.01841702	74.437
0.01842718	70.862
0.01842718	70.862
0.01842718	70.862
0.01843739	6.55247806
0.01843739	6.55247806
0.01843739	6.55247806
0.01843757	69.075
0.01843757	69.075
0.01843757	69.075
0.01843768	75.602
0.01843768	75.602
0.01843768	75.602
0.01843769	0.02963843
0.01843769	0.02963843
0.01843769	0.02963843
0.0184377	0.02932869
0.0184377	0.02932869
0.0184377	0.02932869
0.01843771	0.02872634
0.01843771	0.02872634
0.01843771	0.02872634
0.01843772	0.02890694
0.01843772	0.02890694
0.01843772	0.02890694
0.01844775	70.862
0.01844775	70.862
0.01844775	70.862
0.01844776	0.03129162
0.01844776	0.03129162
0.01844776	0.03129162
0.01844777	0.03178124
0.01844777	0.03178124
0.01844777	0.03178124
0.01844778	0.03180771
0.01844778	0.03180771
0.01844778	0.03180771
0.01844779	0.03223328
0.01844779	0.03223328
0.01844779	0.03223328
0.0184478	0.03232143
0.0184478	0.03232143
0.0184478	0.03232143
0.01844794	69.697
0.01844794	69.697
0.01844794	69.697
0.01844809	71.406
0.01844809	71.406
0.01844809	71.406
0.01844828	6.54861014
0.01844828	6.54861014
0.01844828	6.54861014
0.01844844	75.058
0.01844844	75.058
0.01844844	75.058
0.01844864	77.234
0.01844864	77.234
0.01844864	77.234
0.01844877	73.193
0.01844877	73.193
0.01844877	73.193
0.01844892	6.54838296
0.01844892	6.54838296
0.01844892	6.54838296
0.01844908	73.349
0.01844908	73.349
0.01844908	73.349
0.01844914	70.396
0.01844914	70.396
0.01844914	70.396
0.01844915	0.02993279
0.01844915	0.02993279
0.01844915	0.02993279
0.01844916	0.02990841
0.01844916	0.02990841
0.01844916	0.02990841
0.01844917	0.03075222
0.01844917	0.03075222
0.01844917	0.03075222
0.01844918	0.03092284
0.01844918	0.03092284
0.01844918	0.03092284
0.01845001	73.815
0.01845001	73.815
0.01845001	73.815
0.01845002	0.03004121
0.01845002	0.03004121
0.01845002	0.03004121
0.01845001	10.266
0.01845001	10.266
0.01845001	10.266
0.01845003	1.43466477
0.01845003	1.43466477
0.01845003	1.43466477
0.01845003	6.16955706
0.01845003	6.16955706
0.01845003	6.16955706
0.01845003	6.16955706
0.01845003	6.16955706
0.01845003	6.16955706
0.01845004	0.0305893
0.01845004	0.0305893
0.01845004	0.0305893
0.01845005	0.03044211
0.01845005	0.03044211
0.01845005	0.03044211
0.01845006	32.61
0.01845006	32.61
0.01845006	32.61
0.01860862	30.04466134
0.01860862	30.04466134
0.01860862	30.04466134
0.01860863	0.02864402
0.01860863	0.02864402
0.01860863	0.02864402
0.0184504	32.397
0.0184504	32.397
0.0184504	32.397
0.01845055	27.77
0.01845055	27.77
0.01845055	27.77
0.01845	56.33239437
0.01845	56.33239437
0.01845	56.33239437
0.01845001	6.5479961
0.01845001	6.5479961
0.01845001	6.5479961
0.01845001	6.5479961
0.01845001	6.5479961
0.01845001	6.5479961
0.01845002	0.27100242
0.01845002	0.27100242
0.01845002	0.27100242
0.01845004	6.402
0.01845004	6.402
0.01845004	6.402
0.01845012	71.562
0.01845012	71.562
0.01845012	71.562
0.0184503	70.163
0.0184503	70.163
0.0184503	70.163
0.01845044	39.689
0.01845044	39.689
0.01845044	39.689
0.01845014	77.545
0.01845014	77.545
0.01845014	77.545
0.01845024	71.795
0.01845024	71.795
0.01845024	71.795
0.0184504	69.775
0.0184504	69.775
0.0184504	69.775
0.01845058	6.54779381
0.01845058	6.54779381
0.01845058	6.54779381
0.01845074	72.028
0.01845074	72.028
0.01845074	72.028
0.01845094	71.484
0.01845094	71.484
0.01845094	71.484
0.01845108	6.54761637
0.01845108	6.54761637
0.01845108	6.54761637
0.01845127	76.068
0.01845127	76.068
0.01845127	76.068
0.01845144	75.782
0.01845144	75.782
0.01845144	75.782
0.0184516	6.54743185
0.0184516	6.54743185
0.0184516	6.54743185
0.01845177	74.747
0.01845177	74.747
0.01845177	74.747
0.01845192	76.534
0.01845192	76.534
0.01845192	76.534
0.01845211	6.54725088
0.01845211	6.54725088
0.01845211	6.54725088
0.01845227	73.97
0.01845227	73.97
0.01845227	73.97
0.01845244	69.231
0.01845244	69.231
0.01845244	69.231
0.01845264	70.163
0.01845264	70.163
0.01845264	70.163
0.01845277	76.068
0.01845277	76.068
0.01845277	76.068
0.01845291	74.98
0.01845291	74.98
0.01845291	74.98
0.01845306	76.379
0.01845306	76.379
0.01845306	76.379
0.01845326	70.085
0.01845326	70.085
0.01845326	70.085
0.01845344	46.685
0.01845344	46.685
0.01845344	46.685
0.01845293	69.464
0.01845293	69.464
0.01845293	69.464
0.01845308	73.193
0.01845308	73.193
0.01845308	73.193
0.01845328	69.308
0.01845328	69.308
0.01845328	69.308
0.01845318	72.988
0.01845318	72.988
0.01845318	72.988
0.01845309	0.27095733
0.01845309	0.27095733
0.01845309	0.27095733
0.01845309	0.27095733
0.01845309	0.27095733
0.01845309	0.27095733
0.01845309	0.27095733
0.01845309	0.27095733
0.01845309	0.27095733
0.0184531	0.27095718
0.0184531	0.27095718
0.0184531	0.27095718
0.01845001	6.5479961
0.01845001	6.5479961
0.01845001	6.5479961
0.01845001	6.5479961
0.01845001	6.5479961
0.01845001	6.5479961
0.01845001	6.5479961
0.01845001	6.5479961
0.01845001	6.5479961
0.01845003	6.547989
0.01845003	6.547989
0.01845003	6.547989
0.01845005	39.425
0.01845005	39.425
0.01845005	39.425
0.01845019	6.54793221
0.01845019	6.54793221
0.01845019	6.54793221
0.01845011	0.03165868
0.01845011	0.03165868
0.01845011	0.03165868
0.01845011	0.03165868
0.01845011	0.03165868
0.01845011	0.03165868
0.0182677	17.5253954
0.0182677	17.5253954
0.0182677	17.5253954
0.01826868	186.536
0.01826868	186.536
0.01826868	186.536
0.01826965	103.682
0.01826965	103.682
0.01826965	103.682
0.01827056	71.872
0.01827056	71.872
0.01827056	71.872
0.01827163	27.02702702
0.01827163	27.02702702
0.01827163	27.02702702
0.01827261	77.622
0.01827261	77.622
0.01827261	77.622
0.01828366	96.68758004
0.01828366	96.68758004
0.01828366	96.68758004
0.01828477	71.717
0.01828477	71.717
0.01828477	71.717
0.0183203	75.991
0.0183203	75.991
0.0183203	75.991
0.01833081	74.048
0.01833081	74.048
0.01833081	74.048
0.01833177	69.619
0.01833177	69.619
0.01833177	69.619
0.01833272	94.384
0.01833272	94.384
0.01833272	94.384
0.01833375	72.572
0.01833375	72.572
0.01833375	72.572
0.01833457	26.9283383
0.01833457	26.9283383
0.01833457	26.9283383
0.01834545	74.903
0.01834545	74.903
0.01834545	74.903
0.01835088	72.65
0.01835088	72.65
0.01835088	72.65
0.01835177	525.302
0.01835177	525.302
0.01835177	525.302
0.0183529	72.96
0.0183529	72.96
0.0183529	72.96
0.01835385	40.79
0.01835385	40.79
0.01835385	40.79
0.01836492	11.04991463
0.01836492	11.04991463
0.01836492	11.04991463
0.01836587	73.349
0.01836587	73.349
0.01836587	73.349
0.01836683	27.0024475
0.01836683	27.0024475
0.01836683	27.0024475
0.01836772	448.69
0.01836772	448.69
0.01836772	448.69
0.01836862	74.825
0.01836862	74.825
0.01836862	74.825
0.01838886	14.79782559
0.01838886	14.79782559
0.01838886	14.79782559
0.01838934	75.758
0.01838934	75.758
0.01838934	75.758
0.01842934	77.001
0.01842934	77.001
0.01842934	77.001
0.01842934	77.001
0.01842934	77.001
0.01842934	77.001
0.01843935	72.572
0.01843935	72.572
0.01843935	72.572
0.01843935	72.572
0.01843935	72.572
0.01843935	72.572
0.01843935	72.51900945
0.01843935	72.51900945
0.01843935	72.51900945
0.01843956	74.35796
0.01843956	74.35796
0.01843956	74.35796
0.01843961	75.758
0.01843961	75.758
0.01843961	75.758
0.01843971	77.545
0.01843971	77.545
0.01843971	77.545
0.01843982	71.096
0.01843982	71.096
0.01843982	71.096
0.01844001	73.038
0.01844001	73.038
0.01844001	73.038
0.0184401	75.68
0.0184401	75.68
0.0184401	75.68
0.01844016	77.545
0.01844016	77.545
0.01844016	77.545
0.01844016	77.545
0.01844016	77.545
0.01844016	77.545
0.01844108	72.65
0.01844108	72.65
0.01844108	72.65
0.01844545	26.90049292
0.01844545	26.90049292
0.01844545	26.90049292
0.01846001	77.234
0.01846001	77.234
0.01846001	77.234
0.01847001	76.068
0.01847001	76.068
0.01847001	76.068
0.01847017	73.504
0.01847017	73.504
0.01847017	73.504
0.01848001	70.94
0.01848001	70.94
0.01848001	70.94
0.01848064	3.56919565
0.01848064	3.56919565
0.01848064	3.56919565
0.01848158	5.0023607
0.01848158	5.0023607
0.01848158	5.0023607
0.01865	49.81576371
0.01865	49.81576371
0.01865	49.81576371
0.01865	49.81576371
0.01865	49.81576371
0.01865	49.81576371
0.01865	49.81576371
0.01865	49.81576371
0.01865	49.81576371
0.01865	49.81576371
0.01865	49.81576371
0.01865	49.81576371
0.01865	49.81576371
0.01865	49.81576371
0.01865	49.81576371
0.01865	49.81576371
0.01865	49.81576371
0.01865	49.81576371
0.01865	61.65972892
0.01865	61.65972892
0.01865	61.65972892
0.01865	61.65972892
0.01865	61.65972892
0.01865	61.65972892
0.01865	49.81576371
0.01865	49.81576371
0.01865	49.81576371
0.01865	49.77892493
0.01865	49.77892493
0.01865	49.77892493
0.01865	51.97892493
0.01865	51.97892493
0.01865	51.97892493
0.01865	51.97892493
0.01865	51.97892493
0.01865	51.97892493
0.01865	51.70796775
0.01865	51.70796775
0.01865	51.70796775
0.01865	51.70796775
0.01865	51.70796775
0.01865	51.70796775
0.01865	51.70796775
0.01865	51.70796775
0.01865	51.70796775
0.01865	51.70796775
0.01865	51.70796775
0.01865	51.70796775
0.01865	51.70796775
0.01865	51.70796775
0.01865	51.70796775
0.01865	51.70796775
0.01865	51.70796775
0.01865	51.70796775
0.01865	22.91003465
0.01865	22.91003465
0.01865	22.91003465
0.01865	22.91003465
0.01865	22.91003465
0.01865	22.91003465
0.01865	22.91003465
0.01865	22.91003465
0.01865	22.91003465
0.01865	22.91003465
0.01865	22.91003465
0.01865	22.91003465
0.01865	22.91003465
0.01865	22.91003465
0.01865	22.91003465
0.01865	22.91003465
0.01865	22.91003465
0.01865	22.91003465
0.01865	26.91003465
0.01865	26.91003465
0.01865	26.91003465
0.01865	26.91003465
0.01865	26.91003465
0.01865	26.91003465
0.01865	26.91003465
0.01865	26.91003465
0.01865	26.91003465
0.01865	26.91003465
0.01865	26.91003465
0.01865	26.91003465
0.01858361	3.17251753
0.01858361	3.17251753
0.01858361	3.17251753
0.01858369	17.401
0.01858369	17.401
0.01858369	17.401
0.01850027	76.768
0.01850027	76.768
0.01850027	76.768
0.01850122	26.77396242
0.01850122	26.77396242
0.01850122	26.77396242
0.01850211	74.747
0.01850211	74.747
0.01850211	74.747
0.01850305	75.913
0.01850305	75.913
0.01850305	75.913
0.01861046	3.38732068
0.01861046	3.38732068
0.01861046	3.38732068
0.01861046	3.38732068
0.01861046	3.38732068
0.01861046	3.38732068
0.01861046	2.79549782
0.01861046	2.79549782
0.01861046	2.79549782
0.01861046	2.79549782
0.01861046	2.79549782
0.01861046	2.79549782
0.01861046	2.79549782
0.01861046	2.79549782
0.01861046	2.79549782
0.01861046	2.79549782
0.01861046	2.79549782
0.01861046	2.79549782
0.01861046	3.29549782
0.01861046	3.29549782
0.01861046	3.29549782
0.01861046	3.29549782
0.01861046	3.29549782
0.01861046	3.29549782
0.01861046	3.29549782
0.01861046	3.29549782
0.01861046	3.29549782
0.01861046	3.29549782
0.01861046	3.29549782
0.01861046	3.29549782
0.01861046	3.29549782
0.01861046	3.29549782
0.01861046	3.29549782
0.01861046	3.29549782
0.01861046	3.29549782
0.01861046	3.29549782
0.01861046	3.29549782
0.01861046	3.29549782
0.01861046	3.29549782
0.01861047	31.312
0.01861047	31.312
0.01861047	31.312
0.01861048	15.228
0.01861048	15.228
0.01861048	15.228
0.01861061	77.234
0.01861061	77.234
0.01861061	77.234
0.01861049	74.67
0.01861049	74.67
0.01861049	74.67
0.01861053	70.629
0.01861053	70.629
0.01861053	70.629
0.01861054	71.639
0.01861054	71.639
0.01861054	71.639
0.01861065	71.95
0.01861065	71.95
0.01861065	71.95
0.01861075	76.845
0.01861075	76.845
0.01861075	76.845
0.01861082	70.862
0.01861082	70.862
0.01861082	70.862
0.01861092	70.396
0.01861092	70.396
0.01861092	70.396
0.01861102	69.542
0.01861102	69.542
0.01861102	69.542
0.01861119	75.214
0.01861119	75.214
0.01861119	75.214
0.01861133	75.058
0.01861133	75.058
0.01861133	75.058
0.01861146	69.231
0.01861146	69.231
0.01861146	69.231
0.01861046	3.29549782
0.01861046	3.29549782
0.01861046	3.29549782
0.01861046	3.29549782
0.01861046	3.29549782
0.01861046	3.29549782
0.01861047	48.503
0.01861047	48.503
0.01861047	48.503
0.01861074	6.112
0.01861074	6.112
0.01861074	6.112
0.01861074	8.86
0.01861074	8.86
0.01861074	8.86
0.0186109	1.0
0.0186109	1.0
0.0186109	1.0
0.0186109	1.0
0.0186109	1.0
0.0186109	1.0
0.0186109	1.0
0.0186109	1.0
0.0186109	1.0
0.0186109	8.51219298
0.0186109	8.51219298
0.0186109	8.51219298
0.0186109	7.51219298
0.0186109	7.51219298
0.0186109	7.51219298
0.0186109	7.51219298
0.0186109	7.51219298
0.0186109	7.51219298
0.0186109	7.51219298
0.0186109	7.51219298
0.0186109	7.51219298
0.0186109	7.51219298
0.0186109	7.51219298
0.0186109	7.51219298
0.0186109	7.51219298
0.0186109	7.51219298
0.0186109	7.51219298
0.0186109	7.51219298
0.0186109	7.51219298
0.0186109	7.51219298
0.0186109	7.51219298
0.0186109	7.51219298
0.0186109	7.51219298
0.0186109	7.51219298
0.0186109	7.51219298
0.0186109	7.51219298
0.0186109	7.51219298
0.0186109	7.51219298
0.0186109	7.51219298
0.0186109	7.51219298
0.0186109	7.51219298
0.0186109	7.51219298
0.0186109	7.51219298
0.0186109	7.51219298
0.0186109	7.51219298
0.01840034	26.83959957
0.01840034	26.83959957
0.01840034	26.83959957
0.01840138	71.795
0.01840138	71.795
0.01840138	71.795
0.01840243	26.78985714
0.01840243	26.78985714
0.01840243	26.78985714
0.01840348	213.566
0.01840348	213.566
0.01840348	213.566
0.01840446	75.835
0.01840446	75.835
0.01840446	75.835
0.01841535	75.524
0.01841535	75.524
0.01841535	75.524
0.01841598	70.474
0.01841598	70.474
0.01841598	70.474
0.01841666	75.602
0.01841666	75.602
0.01841666	75.602
0.01841982	26.4447652
0.01841982	26.4447652
0.01841982	26.4447652
0.01843078	317.416
0.01843078	317.416
0.01843078	317.416
0.01851079	73.504
0.01851079	73.504
0.01851079	73.504
0.01851189	26.57738084
0.01851189	26.57738084
0.01851189	26.57738084
0.01853585	575.007
0.01853585	575.007
0.01853585	575.007
0.01854677	40.79
0.01854677	40.79
0.01854677	40.79
0.01854772	26.57393426
0.01854772	26.57393426
0.01854772	26.57393426
0.01855861	72.106
0.01855861	72.106
0.01855861	72.106
0.01855957	26.56741081
0.01855957	26.56741081
0.01855957	26.56741081
0.01856061	72.805
0.01856061	72.805
0.01856061	72.805
0.01856169	26.56734023
0.01856169	26.56734023
0.01856169	26.56734023
0.01856279	70.785
0.01856279	70.785
0.01856279	70.785
0.01857382	73.66
0.01857382	73.66
0.01857382	73.66
0.01857473	76.534
0.01857473	76.534
0.01857473	76.534
0.01857575	72.727
0.01857575	72.727
0.01857575	72.727
0.01857663	70.008
0.01857663	70.008
0.01857663	70.008
0.01857743	71.096
0.01857743	71.096
0.01857743	71.096
0.01857838	77.99248754
0.01857838	77.99248754
0.01857838	77.99248754
0.01857939	75.214
0.01857939	75.214
0.01857939	75.214
0.01858026	77.234
0.01858026	77.234
0.01858026	77.234
0.01850016	26.80963709
0.01850016	26.80963709
0.01850016	26.80963709
0.01850104	76.534
0.01850104	76.534
0.01850104	76.534
0.01851197	26.79526967
0.01851197	26.79526967
0.01851197	26.79526967
0.01851286	71.795
0.01851286	71.795
0.01851286	71.795
0.01851379	26.80939272
0.01851379	26.80939272
0.01851379	26.80939272
0.01851463	176.827
0.01851463	176.827
0.01851463	176.827
0.01851559	26.80934959
0.01851559	26.80934959
0.01851559	26.80934959
0.01857984	77.234
0.01857984	77.234
0.01857984	77.234
0.01857994	6.53739709
0.01857994	6.53739709
0.01857994	6.53739709
0.01857995	8.517
0.01857995	8.517
0.01857995	8.517
0.01857995	8.517
0.01857995	8.517
0.01857995	8.517
0.01857995	8.517
0.01857995	8.517
0.01857995	8.517
0.01857995	8.517
0.01857995	8.517
0.01857995	8.517
0.01857995	8.517
0.01857995	8.517
0.01857995	8.517
0.01857995	8.517
0.01857995	8.517
0.01857995	8.517
0.01857996	76.224
0.01857996	76.224
0.01857996	76.224
0.01857996	76.224
0.01857996	76.224
0.01857996	76.224
0.01858015	76.612
0.01858015	76.612
0.01858015	76.612
0.01858042	69.542
0.01858042	69.542
0.01858042	69.542
0.01858067	69.697
0.01858067	69.697
0.01858067	69.697
0.01858085	35.966
0.01858085	35.966
0.01858085	35.966
0.01858085	35.866
0.01858085	35.866
0.01858085	35.866
0.01858086	0.26909411
0.01858086	0.26909411
0.01858086	0.26909411
0.01858086	0.26909411
0.01858086	0.26909411
0.01858086	0.26909411
0.01858086	0.26909411
0.01858086	0.26909411
0.01858086	0.26909411
0.01858086	0.26909411
0.01858086	0.26909411
0.01858086	0.26909411
0.01858086	0.26909411
0.01858086	0.26909411
0.01858086	0.26909411
0.01858087	0.18285186
0.01858087	0.18285186
0.01858087	0.18285186
0.01858087	0.18285186
0.01858087	0.18285186
0.01858087	0.18285186
0.01858087	0.18285186
0.01858087	0.18285186
0.01858087	0.18285186
0.01857995	15.15038011
0.01857995	15.15038011
0.01857995	15.15038011
0.01857995	15.15038011
0.01857995	15.15038011
0.01857995	15.15038011
0.01857995	15.15038011
0.01857995	15.15038011
0.01857995	15.15038011
0.01857995	15.15038011
0.01857995	15.15038011
0.01857995	15.15038011
0.01857995	15.15038011
0.01857995	15.15038011
0.01857995	15.15038011
0.01857995	15.15038011
0.01857995	15.15038011
0.01857995	15.15038011
0.01857995	15.15038011
0.01857995	15.15038011
0.01857995	15.15038011
0.01857995	15.15038011
0.01857995	15.15038011
0.01857995	15.15038011
0.01857995	15.15038011
0.01857995	15.15038011
0.01857995	15.15038011
0.01857995	15.15038011
0.01857995	15.15038011
0.01857995	15.15038011
0.01857979	0.15506626
0.01857979	0.15506626
0.01857979	0.15506626
0.01857979	0.15506626
0.01857979	0.15506626
0.01857979	0.15506626
0.01857979	0.15506626
0.01857979	0.15506626
0.01857979	0.15506626
0.01857979	0.15506626
0.01857979	0.15506626
0.01857979	0.15506626
0.01857979	0.15506626
0.01857979	0.15506626
0.01857979	0.15506626
0.01857979	0.15506626
0.01857979	0.15506626
0.01857979	0.15506626
0.01857979	0.15506626
0.01857979	0.15506626
0.01857979	0.15506626
0.01857979	0.15506626
0.01857979	0.15506626
0.01857979	0.15506626
0.01858088	70.862
0.01858088	70.862
0.01858088	70.862
0.01858105	6.61468264
0.01858105	6.61468264
0.01858105	6.61468264
0.01858126	75.369
0.01858126	75.369
0.01858126	75.369
0.01858143	73.426
0.01858143	73.426
0.01858143	73.426
0.01858171	73.66544769
0.01858171	73.66544769
0.01858171	73.66544769
0.01858107	6.61467552
0.01858107	6.61467552
0.01858107	6.61467552
0.01858182	4.34518052
0.01858182	4.34518052
0.01858182	4.34518052
0.01858246	70.163
0.01858246	70.163
0.01858246	70.163
0.01858342	0.69941432
0.01858342	0.69941432
0.01858342	0.69941432
0.01858363	0.58420788
0.01858363	0.58420788
0.01858363	0.58420788
0.01858386	26.64743787
0.01858386	26.64743787
0.01858386	26.64743787
0.01858458	6.61342623
0.01858458	6.61342623
0.01858458	6.61342623
0.01858532	70.785
0.01858532	70.785
0.01858532	70.785
0.01858619	176.42
0.01858619	176.42
0.01858619	176.42
0.01858718	6.61250113
0.01858718	6.61250113
0.01858718	6.61250113
0.01858815	26.59574468
0.01858815	26.59574468
0.01858815	26.59574468
0.01858913	77.389
0.01858913	77.389
0.01858913	77.389
0.01859012	172.633
0.01859012	172.633
0.01859012	172.633
0.01859107	101.53621227
0.01859107	101.53621227
0.01859107	101.53621227
0.01859216	74.903
0.01859216	74.903
0.01859216	74.903
0.01859321	77.234
0.01859321	77.234
0.01859321	77.234
0.0185939	75.524
0.0185939	75.524
0.0185939	75.524
0.01859406	71.872
0.01859406	71.872
0.01859406	71.872
0.0186	1.0
0.0186	1.0
0.0186	1.0
0.0186	1.0
0.0186	1.0
0.0186	1.0
0.0186	1.0
0.0186	1.0
0.0186	1.0
0.0186	1.0
0.0186	1.0
0.0186	1.0
0.01858094	0.26842022
0.01858094	0.26842022
0.01858094	0.26842022
0.01858094	0.26842022
0.01858094	0.26842022
0.01858094	0.26842022
0.01858094	0.26842022
0.01858094	0.26842022
0.01858094	0.26842022
0.01858095	0.26909281
0.01858095	0.26909281
0.01858095	0.26909281
0.01858095	0.26909281
0.01858095	0.26909281
0.01858095	0.26909281
0.0185003	75.602
0.0185003	75.602
0.0185003	75.602
0.0185005	70.241
0.0185005	70.241
0.0185005	70.241
0.01850064	59.746
0.01850064	59.746
0.01850064	59.746
0.0185008	48.328
0.0185008	48.328
0.0185008	48.328
0.01850016	11.404
0.01850016	11.404
0.01850016	11.404
0.01850049	6.114
0.01850049	6.114
0.01850049	6.114
0.01864403	9.660114
0.01864403	9.660114
0.01864403	9.660114
0.01850049	75.409
0.01850049	75.409
0.01850049	75.409
0.01850101	74.98
0.01850101	74.98
0.01850101	74.98
0.01850101	74.98
0.01850101	74.98
0.01850101	74.98
0.01850101	74.98
0.01850101	74.98
0.01850101	74.98
0.01850114	71.406
0.01850114	71.406
0.01850114	71.406
0.01850146	76.301
0.01850146	76.301
0.01850146	76.301
0.01850178	75.214
0.01850178	75.214
0.01850178	75.214
0.01851206	74.903
0.01851206	74.903
0.01851206	74.903
0.01851206	74.903
0.01851206	74.903
0.01851206	74.903
0.01851206	74.903
0.01851206	74.903
0.01851206	74.903
0.01851206	74.903
0.01851206	74.903
0.01851206	74.903
0.01851206	74.903
0.01851206	74.903
0.01851206	74.903
0.01851207	24.592
0.01851207	24.592
0.01851207	24.592
0.01850117	1.35126589
0.01850117	1.35126589
0.01850117	1.35126589
0.01850117	1.35126589
0.01850117	1.35126589
0.01850117	1.35126589
0.01850117	1.35126589
0.01850117	1.35126589
0.01850117	1.35126589
0.01850117	1.35126589
0.01850117	1.35126589
0.01850117	1.35126589
0.01850117	1.35126589
0.01850117	1.35126589
0.01850117	1.35126589
0.01850117	1.35126589
0.01850117	1.35126589
0.01850117	1.35126589
0.01850117	1.16324163
0.01850117	1.16324163
0.01850117	1.16324163
0.01850117	2.95677501
0.01850117	2.95677501
0.01850117	2.95677501
0.01850117	2.95677501
0.01850117	2.95677501
0.01850117	2.95677501
0.01841574	26.84706462
0.01841574	26.84706462
0.01841574	26.84706462
0.01841574	22.91168562
0.01841574	22.91168562
0.01841574	22.91168562
0.01829906	6.71661543
0.01829906	6.71661543
0.01829906	6.71661543
0.01829922	6.71655671
0.01829922	6.71655671
0.01829922	6.71655671
0.01829936	6.71650532
0.01829936	6.71650532
0.01829936	6.71650532
0.01829937	47.50650165
0.01829937	47.50650165
0.01829937	47.50650165
0.01829937	47.50650165
0.01829937	47.50650165
0.01829937	47.50650165
0.01829937	47.50650165
0.01829937	47.50650165
0.01829937	47.50650165
0.01829901	6.71663379
0.01829901	6.71663379
0.01829901	6.71663379
0.01829901	6.71663379
0.01829901	6.71663379
0.01829901	6.71663379
0.01829957	71.562
0.01829957	71.562
0.01829957	71.562
0.01830016	34.118
0.01830016	34.118
0.01830016	34.118
0.01830035	72.572
0.01830035	72.572
0.01830035	72.572
0.01830055	74.204
0.01830055	74.204
0.01830055	74.204
0.01830134	27.100271
0.01830134	27.100271
0.01830134	27.100271
0.01830253	27.07824149
0.01830253	27.07824149
0.01830253	27.07824149
0.01830341	72.96
0.01830341	72.96
0.01830341	72.96
0.0183144	72.96
0.0183144	72.96
0.0183144	72.96
0.01831528	76.69
0.01831528	76.69
0.01831528	76.69
0.01832622	27.01095186
0.01832622	27.01095186
0.01832622	27.01095186
0.01832721	27.01451273
0.01832721	27.01451273
0.01832721	27.01451273
0.01832811	102.441
0.01832811	102.441
0.01832811	102.441
0.01832913	171.464
0.01832913	171.464
0.01832913	171.464
0.01833013	27.0065896
0.01833013	27.0065896
0.01833013	27.0065896
0.0184102	455.36606809
0.0184102	455.36606809
0.0184102	455.36606809
0.01841046	71.639
0.01841046	71.639
0.01841046	71.639
0.01841083	72.261
0.01841083	72.261
0.01841083	72.261
0.01841161	75.291
0.01841161	75.291
0.01841161	75.291
0.01841243	74.359
0.01841243	74.359
0.01841243	74.359
0.01842273	75.835
0.01842273	75.835
0.01842273	75.835
0.018423	455.36142967
0.018423	455.36142967
0.018423	455.36142967
0.01842331	72.96430608
0.01842331	72.96430608
0.01842331	72.96430608
0.01842363	69.6223389
0.01842363	69.6223389
0.01842363	69.6223389
0.0184239	448.69
0.0184239	448.69
0.0184239	448.69
0.01842426	76.923
0.01842426	76.923
0.01842426	76.923
0.01842457	76.534
0.01842457	76.534
0.01842457	76.534
0.01842487	71.795
0.01842487	71.795
0.01842487	71.795
0.01842496	70.707
0.01842496	70.707
0.01842496	70.707
