2.834e-05	4003.08198476
2.834e-05	4003.08198476
2.834e-05	4003.08198476
2.837e-05	14105.344
2.837e-05	14105.344
2.837e-05	14105.344
2.837e-05	14105.344
2.837e-05	14105.344
2.837e-05	14105.344
2.837e-05	14105.344
2.837e-05	14105.344
2.837e-05	14105.344
2.837e-05	14105.344
2.837e-05	14105.344
2.837e-05	14105.344
2.826e-05	4014.41413475
2.826e-05	4014.41413475
2.826e-05	4014.41413475
2.826e-05	4014.41413475
2.826e-05	4014.41413475
2.826e-05	4014.41413475
2.837e-05	14105.344
2.837e-05	14105.344
2.837e-05	14105.344
2.851e-05	3979.21232719
2.851e-05	3979.21232719
2.851e-05	3979.21232719
2.856e-05	10979.197
2.856e-05	10979.197
2.856e-05	10979.197
2.846e-05	3986.20321322
2.846e-05	3986.20321322
2.846e-05	3986.20321322
2.84e-05	38894.928
2.84e-05	38894.928
2.84e-05	38894.928
2.842e-05	4398.19225352
2.842e-05	4398.19225352
2.842e-05	4398.19225352
2.843e-05	15064.756
2.843e-05	15064.756
2.843e-05	15064.756
2.845e-05	135848.122
2.845e-05	135848.122
2.845e-05	135848.122
2.866e-05	3958.38602401
2.866e-05	3958.38602401
2.866e-05	3958.38602401
2.866e-05	3958.38602401
2.866e-05	3958.38602401
2.866e-05	3958.38602401
2.865e-05	1833.72461806
2.865e-05	1833.72461806
2.865e-05	1833.72461806
2.865e-05	1833.72461806
2.865e-05	1833.72461806
2.865e-05	1833.72461806
2.865e-05	1833.72461806
2.865e-05	1833.72461806
2.865e-05	1833.72461806
2.865e-05	1833.72461806
2.865e-05	1833.72461806
2.865e-05	1833.72461806
2.851e-05	132672.054
2.851e-05	132672.054
2.851e-05	132672.054
2.835e-05	305.12120752
2.835e-05	305.12120752
2.835e-05	305.12120752
2.839e-05	35.02282582
2.839e-05	35.02282582
2.839e-05	35.02282582
2.839e-05	35.02282582
2.839e-05	35.02282582
2.839e-05	35.02282582
2.839e-05	1262.9038658
2.839e-05	1262.9038658
2.839e-05	1262.9038658
2.843e-05	31501.576
2.843e-05	31501.576
2.843e-05	31501.576
2.839e-05	1262.9038658
2.839e-05	1262.9038658
2.839e-05	1262.9038658
2.835e-05	305.12120752
2.835e-05	305.12120752
2.835e-05	305.12120752
2.827e-05	1728.77691698
2.827e-05	1728.77691698
2.827e-05	1728.77691698
2.833e-05	5729.61055035
2.833e-05	5729.61055035
2.833e-05	5729.61055035
2.835e-05	305.12120752
2.835e-05	305.12120752
2.835e-05	305.12120752
2.835e-05	305.12120752
2.835e-05	305.12120752
2.835e-05	305.12120752
2.826e-05	4014.41413475
2.826e-05	4014.41413475
2.826e-05	4014.41413475
2.825e-05	7937.42799696
2.825e-05	7937.42799696
2.825e-05	7937.42799696
2.828e-05	4011.57508657
2.828e-05	4011.57508657
2.828e-05	4011.57508657
2.826e-05	4014.41413475
2.826e-05	4014.41413475
2.826e-05	4014.41413475
2.832e-05	35660.408
2.832e-05	35660.408
2.832e-05	35660.408
2.834e-05	12762.082
2.834e-05	12762.082
2.834e-05	12762.082
2.835e-05	305.12120752
2.835e-05	305.12120752
2.835e-05	305.12120752
2.835e-05	305.12120752
2.835e-05	305.12120752
2.835e-05	305.12120752
2.835e-05	305.12120752
2.835e-05	305.12120752
2.835e-05	305.12120752
2.835e-05	305.12120752
2.835e-05	305.12120752
2.835e-05	305.12120752
2.835e-05	305.12120752
2.835e-05	305.12120752
2.835e-05	305.12120752
2.835e-05	305.12120752
2.835e-05	305.12120752
2.835e-05	305.12120752
2.836e-05	4000.25893682
2.836e-05	4000.25893682
2.836e-05	4000.25893682
2.839e-05	1858.26309583
2.839e-05	1858.26309583
2.839e-05	1858.26309583
2.836e-05	4000.25893682
2.836e-05	4000.25893682
2.836e-05	4000.25893682
2.839e-05	1833.0511844
2.839e-05	1833.0511844
2.839e-05	1833.0511844
2.84e-05	3994.6247693
2.84e-05	3994.6247693
2.84e-05	3994.6247693
2.839e-05	1833.0511844
2.839e-05	1833.0511844
2.839e-05	1833.0511844
2.839e-05	1833.0511844
2.839e-05	1833.0511844
2.839e-05	1833.0511844
2.841e-05	94296.307557
2.841e-05	94296.307557
2.841e-05	94296.307557
2.84e-05	70454.298
2.84e-05	70454.298
2.84e-05	70454.298
2.84e-05	70454.298
2.84e-05	70454.298
2.84e-05	70454.298
2.841e-05	14733.105557
2.841e-05	14733.105557
2.841e-05	14733.105557
2.841e-05	14733.105557
2.841e-05	14733.105557
2.841e-05	14733.105557
2.839e-05	1833.0511844
2.839e-05	1833.0511844
2.839e-05	1833.0511844
2.842e-05	3991.81363294
2.842e-05	3991.81363294
2.842e-05	3991.81363294
2.841e-05	14633.105557
2.841e-05	14633.105557
2.841e-05	14633.105557
2.84e-05	3994.6247693
2.84e-05	3994.6247693
2.84e-05	3994.6247693
2.841e-05	14633.105557
2.841e-05	14633.105557
2.841e-05	14633.105557
2.841e-05	14633.105557
2.841e-05	14633.105557
2.841e-05	14633.105557
2.839e-05	1833.0511844
2.839e-05	1833.0511844
2.839e-05	1833.0511844
2.839e-05	1833.0511844
2.839e-05	1833.0511844
2.839e-05	1833.0511844
2.839e-05	1833.0511844
2.839e-05	1833.0511844
2.839e-05	1833.0511844
2.839e-05	1833.0511844
2.839e-05	1833.0511844
2.839e-05	1833.0511844
2.839e-05	1833.0511844
2.839e-05	1833.0511844
2.839e-05	1833.0511844
2.839e-05	1833.0511844
2.839e-05	1833.0511844
2.839e-05	1833.0511844
2.839e-05	1833.0511844
2.839e-05	1833.0511844
2.839e-05	1833.0511844
2.84e-05	3994.6247693
2.84e-05	3994.6247693
2.84e-05	3994.6247693
2.839e-05	1833.0511844
2.839e-05	1833.0511844
2.839e-05	1833.0511844
2.839e-05	1833.0511844
2.839e-05	1833.0511844
2.839e-05	1833.0511844
2.839e-05	1833.0511844
2.839e-05	1833.0511844
2.839e-05	1833.0511844
2.836e-05	4000.25893682
2.836e-05	4000.25893682
2.836e-05	4000.25893682
2.836e-05	4000.25893682
2.836e-05	4000.25893682
2.836e-05	4000.25893682
2.839e-05	1833.0511844
2.839e-05	1833.0511844
2.839e-05	1833.0511844
2.837e-05	14434.139
2.837e-05	14434.139
2.837e-05	14434.139
2.839e-05	1833.0511844
2.839e-05	1833.0511844
2.839e-05	1833.0511844
2.841e-05	14022.9371609
2.841e-05	14022.9371609
2.841e-05	14022.9371609
2.84e-05	3994.6247693
2.84e-05	3994.6247693
2.84e-05	3994.6247693
2.84e-05	3994.6247693
2.84e-05	3994.6247693
2.84e-05	3994.6247693
2.84e-05	3994.6247693
2.84e-05	3994.6247693
2.84e-05	3994.6247693
2.835e-05	1008.82491122
2.835e-05	1008.82491122
2.835e-05	1008.82491122
2.836e-05	4000.25893682
2.836e-05	4000.25893682
2.836e-05	4000.25893682
2.835e-05	1008.82491122
2.835e-05	1008.82491122
2.835e-05	1008.82491122
2.836e-05	4000.25893682
2.836e-05	4000.25893682
2.836e-05	4000.25893682
2.839e-05	1833.0511844
2.839e-05	1833.0511844
2.839e-05	1833.0511844
2.835e-05	1008.82491122
2.835e-05	1008.82491122
2.835e-05	1008.82491122
2.835e-05	1008.82491122
2.835e-05	1008.82491122
2.835e-05	1008.82491122
2.835e-05	1008.82491122
2.835e-05	1008.82491122
2.835e-05	1008.82491122
2.835e-05	1008.82491122
2.835e-05	1008.82491122
2.835e-05	1008.82491122
2.835e-05	1008.82491122
2.835e-05	1008.82491122
2.835e-05	1008.82491122
2.835e-05	1008.82491122
2.835e-05	1008.82491122
2.835e-05	1008.82491122
2.832e-05	457.31007415
2.832e-05	457.31007415
2.832e-05	457.31007415
2.826e-05	4014.41413475
2.826e-05	4014.41413475
2.826e-05	4014.41413475
2.821e-05	2517.68025434
2.821e-05	2517.68025434
2.821e-05	2517.68025434
2.825e-05	7937.42799696
2.825e-05	7937.42799696
2.825e-05	7937.42799696
2.83e-05	1741.66143551
2.83e-05	1741.66143551
2.83e-05	1741.66143551
2.826e-05	125119.036
2.826e-05	125119.036
2.826e-05	125119.036
2.827e-05	10777.9169305
2.827e-05	10777.9169305
2.827e-05	10777.9169305
2.828e-05	4011.57508657
2.828e-05	4011.57508657
2.828e-05	4011.57508657
2.822e-05	80665.0
2.822e-05	80665.0
2.822e-05	80665.0
2.822e-05	80665.0
2.822e-05	80665.0
2.822e-05	80665.0
2.825e-05	7937.42799696
2.825e-05	7937.42799696
2.825e-05	7937.42799696
2.827e-05	10105.5751164
2.827e-05	10105.5751164
2.827e-05	10105.5751164
2.822e-05	4020.10430362
2.822e-05	4020.10430362
2.822e-05	4020.10430362
2.82e-05	10803.4460763
2.82e-05	10803.4460763
2.82e-05	10803.4460763
2.818e-05	707.94889993
2.818e-05	707.94889993
2.818e-05	707.94889993
2.818e-05	707.94889993
2.818e-05	707.94889993
2.818e-05	707.94889993
2.819e-05	4024.38252743
2.819e-05	4024.38252743
2.819e-05	4024.38252743
2.818e-05	707.94889993
2.818e-05	707.94889993
2.818e-05	707.94889993
2.818e-05	707.94889993
2.818e-05	707.94889993
2.818e-05	707.94889993
2.818e-05	707.94889993
2.818e-05	707.94889993
2.818e-05	707.94889993
2.821e-05	1000.0
2.821e-05	1000.0
2.821e-05	1000.0
2.82e-05	5758.3312494
2.82e-05	5758.3312494
2.82e-05	5758.3312494
2.819e-05	4024.38252743
2.819e-05	4024.38252743
2.819e-05	4024.38252743
2.818e-05	707.94889993
2.818e-05	707.94889993
2.818e-05	707.94889993
2.819e-05	937.13338063
2.819e-05	937.13338063
2.819e-05	937.13338063
2.818e-05	707.94889993
2.818e-05	707.94889993
2.818e-05	707.94889993
2.816e-05	6510.50361594
2.816e-05	6510.50361594
2.816e-05	6510.50361594
2.816e-05	6510.50361594
2.816e-05	6510.50361594
2.816e-05	6510.50361594
2.816e-05	6510.50361594
2.816e-05	6510.50361594
2.816e-05	6510.50361594
2.816e-05	6510.50361594
2.816e-05	6510.50361594
2.816e-05	6510.50361594
2.816e-05	6510.50361594
2.816e-05	6510.50361594
2.816e-05	6510.50361594
2.816e-05	6510.50361594
2.816e-05	6510.50361594
2.816e-05	6510.50361594
2.817e-05	4027.23973902
2.817e-05	4027.23973902
2.817e-05	4027.23973902
2.816e-05	6510.50361594
2.816e-05	6510.50361594
2.816e-05	6510.50361594
2.816e-05	10539.1734827
2.816e-05	10539.1734827
2.816e-05	10539.1734827
2.816e-05	10539.1734827
2.816e-05	10539.1734827
2.816e-05	10539.1734827
2.816e-05	6510.50361594
2.816e-05	6510.50361594
2.816e-05	6510.50361594
2.816e-05	6510.50361594
2.816e-05	6510.50361594
2.816e-05	6510.50361594
2.816e-05	6510.50361594
2.816e-05	6510.50361594
2.816e-05	6510.50361594
2.816e-05	6510.50361594
2.816e-05	6510.50361594
2.816e-05	6510.50361594
2.818e-05	19090.5178999
2.818e-05	19090.5178999
2.818e-05	19090.5178999
2.818e-05	707.94889993
2.818e-05	707.94889993
2.818e-05	707.94889993
2.818e-05	707.94889993
2.818e-05	707.94889993
2.818e-05	707.94889993
2.82e-05	17861.7527909
2.82e-05	17861.7527909
2.82e-05	17861.7527909
2.82e-05	17861.7527909
2.82e-05	17861.7527909
2.82e-05	17861.7527909
2.816e-05	6510.50361594
2.816e-05	6510.50361594
2.816e-05	6510.50361594
2.816e-05	6510.50361594
2.816e-05	6510.50361594
2.816e-05	6510.50361594
2.816e-05	6510.50361594
2.816e-05	6510.50361594
2.816e-05	6510.50361594
2.815e-05	3228.90998046
2.815e-05	3228.90998046
2.815e-05	3228.90998046
2.815e-05	3228.90998046
2.815e-05	3228.90998046
2.815e-05	3228.90998046
2.802e-05	4048.79883826
2.802e-05	4048.79883826
2.802e-05	4048.79883826
2.815e-05	3228.90998046
2.815e-05	3228.90998046
2.815e-05	3228.90998046
2.815e-05	3228.90998046
2.815e-05	3228.90998046
2.815e-05	3228.90998046
2.815e-05	3228.90998046
2.815e-05	3228.90998046
2.815e-05	3228.90998046
2.802e-05	4048.79883826
2.802e-05	4048.79883826
2.802e-05	4048.79883826
2.802e-05	84508.7988383
2.802e-05	84508.7988383
2.802e-05	84508.7988383
2.804e-05	4045.91096463
2.804e-05	4045.91096463
2.804e-05	4045.91096463
2.806e-05	19568.86
2.806e-05	19568.86
2.806e-05	19568.86
2.802e-05	94484.7988383
2.802e-05	94484.7988383
2.802e-05	94484.7988383
2.801e-05	24050.2443216
2.801e-05	24050.2443216
2.801e-05	24050.2443216
2.801e-05	24050.2443216
2.801e-05	24050.2443216
2.801e-05	24050.2443216
2.803e-05	4047.35438631
2.803e-05	4047.35438631
2.803e-05	4047.35438631
2.803e-05	4047.35438631
2.803e-05	4047.35438631
2.803e-05	4047.35438631
2.804e-05	38021.59
2.804e-05	38021.59
2.804e-05	38021.59
2.815e-05	3228.90998046
2.815e-05	3228.90998046
2.815e-05	3228.90998046
2.815e-05	3228.90998046
2.815e-05	3228.90998046
2.815e-05	3228.90998046
2.815e-05	3228.90998046
2.815e-05	3228.90998046
2.815e-05	3228.90998046
2.807e-05	66888.741
2.807e-05	66888.741
2.807e-05	66888.741
2.807e-05	20548.052
2.807e-05	20548.052
2.807e-05	20548.052
2.806e-05	19263.055
2.806e-05	19263.055
2.806e-05	19263.055
2.805e-05	34980.471
2.805e-05	34980.471
2.805e-05	34980.471
2.806e-05	4043.0272077
2.806e-05	4043.0272077
2.806e-05	4043.0272077
2.805e-05	15547.161
2.805e-05	15547.161
2.805e-05	15547.161
2.805e-05	15547.161
2.805e-05	15547.161
2.805e-05	15547.161
2.815e-05	3228.90998046
2.815e-05	3228.90998046
2.815e-05	3228.90998046
2.815e-05	3228.90998046
2.815e-05	3228.90998046
2.815e-05	3228.90998046
2.815e-05	3228.90998046
2.815e-05	3228.90998046
2.815e-05	3228.90998046
2.815e-05	3228.90998046
2.815e-05	3228.90998046
2.815e-05	3228.90998046
2.816e-05	84014.0240501
2.816e-05	84014.0240501
2.816e-05	84014.0240501
2.816e-05	84014.0240501
2.816e-05	84014.0240501
2.816e-05	84014.0240501
2.816e-05	84014.0240501
2.816e-05	84014.0240501
2.816e-05	84014.0240501
2.816e-05	84014.0240501
2.816e-05	84014.0240501
2.816e-05	84014.0240501
2.815e-05	3228.90998046
2.815e-05	3228.90998046
2.815e-05	3228.90998046
2.811e-05	3548.55923159
2.811e-05	3548.55923159
2.811e-05	3548.55923159
2.811e-05	3548.55923159
2.811e-05	3548.55923159
2.811e-05	3548.55923159
2.811e-05	3548.55923159
2.811e-05	3548.55923159
2.811e-05	3548.55923159
2.815e-05	3228.90998046
2.815e-05	3228.90998046
2.815e-05	3228.90998046
2.811e-05	3548.55923159
2.811e-05	3548.55923159
2.811e-05	3548.55923159
2.801e-05	20000.0
2.801e-05	20000.0
2.801e-05	20000.0
2.8e-05	30821.1125313
2.8e-05	30821.1125313
2.8e-05	30821.1125313
2.8e-05	30821.1125313
2.8e-05	30821.1125313
2.8e-05	30821.1125313
2.8e-05	30821.1125313
2.8e-05	30821.1125313
2.8e-05	30821.1125313
2.801e-05	24050.2443216
2.801e-05	24050.2443216
2.801e-05	24050.2443216
2.8e-05	30821.1125313
2.8e-05	30821.1125313
2.8e-05	30821.1125313
2.801e-05	20000.0
2.801e-05	20000.0
2.801e-05	20000.0
2.8e-05	30821.1125313
2.8e-05	30821.1125313
2.8e-05	30821.1125313
2.8e-05	34383.6125313
2.8e-05	34383.6125313
2.8e-05	34383.6125313
2.8e-05	30821.1125313
2.8e-05	30821.1125313
2.8e-05	30821.1125313
2.8e-05	30821.1125313
2.8e-05	30821.1125313
2.8e-05	30821.1125313
2.8e-05	30821.1125313
2.8e-05	30821.1125313
2.8e-05	30821.1125313
2.8e-05	30821.1125313
2.8e-05	30821.1125313
2.8e-05	30821.1125313
2.8e-05	30821.1125313
2.8e-05	30821.1125313
2.8e-05	30821.1125313
2.8e-05	30821.1125313
2.8e-05	30821.1125313
2.8e-05	30821.1125313
2.8e-05	30821.1125313
2.8e-05	30821.1125313
2.8e-05	30821.1125313
2.8e-05	30821.1125313
2.8e-05	30821.1125313
2.8e-05	30821.1125313
2.8e-05	30821.1125313
2.8e-05	30821.1125313
2.8e-05	30821.1125313
2.8e-05	30821.1125313
2.8e-05	30821.1125313
2.8e-05	30821.1125313
2.797e-05	71.50518412
2.797e-05	71.50518412
2.797e-05	71.50518412
2.797e-05	71.50518412
2.797e-05	71.50518412
2.797e-05	71.50518412
2.787e-05	29031.4475888
2.787e-05	29031.4475888
2.787e-05	29031.4475888
2.782e-05	32870.5995723
2.782e-05	32870.5995723
2.782e-05	32870.5995723
2.782e-05	32870.5995723
2.782e-05	32870.5995723
2.782e-05	32870.5995723
2.787e-05	29031.4475888
2.787e-05	29031.4475888
2.787e-05	29031.4475888
2.76e-05	4000.0
2.76e-05	4000.0
2.76e-05	4000.0
2.761e-05	1527.24222745
2.761e-05	1527.24222745
2.761e-05	1527.24222745
2.766e-05	3607.59493671
2.766e-05	3607.59493671
2.766e-05	3607.59493671
2.766e-05	3607.59493671
2.766e-05	3607.59493671
2.766e-05	3607.59493671
2.767e-05	4100.01241229
2.767e-05	4100.01241229
2.767e-05	4100.01241229
2.767e-05	4100.01241229
2.767e-05	4100.01241229
2.767e-05	4100.01241229
2.779e-05	5077.67678575
2.779e-05	5077.67678575
2.779e-05	5077.67678575
2.775e-05	949.78571081
2.775e-05	949.78571081
2.775e-05	949.78571081
2.776e-05	4086.71986485
2.776e-05	4086.71986485
2.776e-05	4086.71986485
2.776e-05	4086.71986485
2.776e-05	4086.71986485
2.776e-05	4086.71986485
2.776e-05	4086.71986485
2.776e-05	4086.71986485
2.776e-05	4086.71986485
2.789e-05	645.92372276
2.789e-05	645.92372276
2.789e-05	645.92372276
2.775e-05	949.78571081
2.775e-05	949.78571081
2.775e-05	949.78571081
2.776e-05	14086.7198648
2.776e-05	14086.7198648
2.776e-05	14086.7198648
2.789e-05	4222.47445779
2.789e-05	4222.47445779
2.789e-05	4222.47445779
2.79e-05	4066.21302682
2.79e-05	4066.21302682
2.79e-05	4066.21302682
2.792e-05	35727.0773639
2.792e-05	35727.0773639
2.792e-05	35727.0773639
2.792e-05	39790.3776307
2.792e-05	39790.3776307
2.792e-05	39790.3776307
2.79e-05	4066.21302682
2.79e-05	4066.21302682
2.79e-05	4066.21302682
2.789e-05	3792.67534879
2.789e-05	3792.67534879
2.789e-05	3792.67534879
2.789e-05	3792.67534879
2.789e-05	3792.67534879
2.789e-05	3792.67534879
2.79e-05	4066.21302682
2.79e-05	4066.21302682
2.79e-05	4066.21302682
2.792e-05	35727.0773639
2.792e-05	35727.0773639
2.792e-05	35727.0773639
2.792e-05	35727.0773639
2.792e-05	35727.0773639
2.792e-05	35727.0773639
2.792e-05	35727.0773639
2.792e-05	35727.0773639
2.792e-05	35727.0773639
2.794e-05	126343.69
2.794e-05	126343.69
2.794e-05	126343.69
2.793e-05	1769.3375
2.793e-05	1769.3375
2.793e-05	1769.3375
2.794e-05	135848.122
2.794e-05	135848.122
2.794e-05	135848.122
2.794e-05	4060.39167674
2.794e-05	4060.39167674
2.794e-05	4060.39167674
2.794e-05	4060.39167674
2.794e-05	4060.39167674
2.794e-05	4060.39167674
2.794e-05	4060.39167674
2.794e-05	4060.39167674
2.794e-05	4060.39167674
2.794e-05	4060.39167674
2.794e-05	4060.39167674
2.794e-05	4060.39167674
2.794e-05	4060.39167674
2.794e-05	4060.39167674
2.794e-05	4060.39167674
2.794e-05	4060.39167674
2.794e-05	4060.39167674
2.794e-05	4060.39167674
2.794e-05	4060.39167674
2.794e-05	4060.39167674
2.794e-05	4060.39167674
2.795e-05	107327.428
2.795e-05	107327.428
2.795e-05	107327.428
2.796e-05	4057.48724779
2.796e-05	4057.48724779
2.796e-05	4057.48724779
2.796e-05	4057.48724779
2.796e-05	4057.48724779
2.796e-05	4057.48724779
2.797e-05	70090.618
2.797e-05	70090.618
2.797e-05	70090.618
2.801e-05	1138.18491075
2.801e-05	1138.18491075
2.801e-05	1138.18491075
2.801e-05	1138.18491075
2.801e-05	1138.18491075
2.801e-05	1138.18491075
2.801e-05	1138.18491075
2.801e-05	1138.18491075
2.801e-05	1138.18491075
2.802e-05	566.95913544
2.802e-05	566.95913544
2.802e-05	566.95913544
2.806e-05	25.50841646
2.806e-05	25.50841646
2.806e-05	25.50841646
2.803e-05	3302.9783696
2.803e-05	3302.9783696
2.803e-05	3302.9783696
2.803e-05	3302.9783696
2.803e-05	3302.9783696
2.803e-05	3302.9783696
2.802e-05	4615.7579737
2.802e-05	4615.7579737
2.802e-05	4615.7579737
2.805e-05	25.51751037
2.805e-05	25.51751037
2.805e-05	25.51751037
2.805e-05	123448.192
2.805e-05	123448.192
2.805e-05	123448.192
2.811e-05	100810.89
2.811e-05	100810.89
2.811e-05	100810.89
2.806e-05	25.50841645
2.806e-05	25.50841645
2.806e-05	25.50841645
2.803e-05	3302.9783696
2.803e-05	3302.9783696
2.803e-05	3302.9783696
2.804e-05	4045.91096463
2.804e-05	4045.91096463
2.804e-05	4045.91096463
2.804e-05	4045.91096463
2.804e-05	4045.91096463
2.804e-05	4045.91096463
2.812e-05	99970.258
2.812e-05	99970.258
2.812e-05	99970.258
2.812e-05	99970.258
2.812e-05	99970.258
2.812e-05	99970.258
2.813e-05	4058.41129094
2.813e-05	4058.41129094
2.813e-05	4058.41129094
2.813e-05	4058.41129094
2.813e-05	4058.41129094
2.813e-05	4058.41129094
2.814e-05	25.43589786
2.814e-05	25.43589786
2.814e-05	25.43589786
2.816e-05	3542.25852273
2.816e-05	3542.25852273
2.816e-05	3542.25852273
2.804e-05	4045.91096463
2.804e-05	4045.91096463
2.804e-05	4045.91096463
2.818e-05	25.39979297
2.818e-05	25.39979297
2.818e-05	25.39979297
2.812e-05	4034.40054937
2.812e-05	4034.40054937
2.812e-05	4034.40054937
2.821e-05	27199.338
2.821e-05	27199.338
2.821e-05	27199.338
2.818e-05	35397.4449965
2.818e-05	35397.4449965
2.818e-05	35397.4449965
2.818e-05	35397.4449965
2.818e-05	35397.4449965
2.818e-05	35397.4449965
2.823e-05	4044.03505539
2.823e-05	4044.03505539
2.823e-05	4044.03505539
2.823e-05	4044.03505539
2.823e-05	4044.03505539
2.823e-05	4044.03505539
2.822e-05	25.36379042
2.822e-05	25.36379042
2.822e-05	25.36379042
2.824e-05	5077.67678575
2.824e-05	5077.67678575
2.824e-05	5077.67678575
2.826e-05	110771.49
2.826e-05	110771.49
2.826e-05	110771.49
2.827e-05	25.31893051
2.827e-05	25.31893051
2.827e-05	25.31893051
2.819e-05	4024.38252743
2.819e-05	4024.38252743
2.819e-05	4024.38252743
2.819e-05	4024.38252743
2.819e-05	4024.38252743
2.819e-05	4024.38252743
2.818e-05	35425.1856155
2.818e-05	35425.1856155
2.818e-05	35425.1856155
2.82e-05	20796.8793202
2.82e-05	20796.8793202
2.82e-05	20796.8793202
2.818e-05	35425.1856155
2.818e-05	35425.1856155
2.818e-05	35425.1856155
2.82e-05	50.0
2.82e-05	50.0
2.82e-05	50.0
2.821e-05	4021.52936718
2.821e-05	4021.52936718
2.821e-05	4021.52936718
2.842e-05	3671.59287562
2.842e-05	3671.59287562
2.842e-05	3671.59287562
2.843e-05	3990.40954795
2.843e-05	3990.40954795
2.843e-05	3990.40954795
2.849e-05	20332.592
2.849e-05	20332.592
2.849e-05	20332.592
2.82e-05	50.0
2.82e-05	50.0
2.82e-05	50.0
2.842e-05	3671.59287562
2.842e-05	3671.59287562
2.842e-05	3671.59287562
2.842e-05	3671.59287562
2.842e-05	3671.59287562
2.842e-05	3671.59287562
2.82e-05	2152.85851868
2.82e-05	2152.85851868
2.82e-05	2152.85851868
2.821e-05	125210.284
2.821e-05	125210.284
2.821e-05	125210.284
2.82e-05	2152.85851868
2.82e-05	2152.85851868
2.82e-05	2152.85851868
2.821e-05	17400.402
2.821e-05	17400.402
2.821e-05	17400.402
2.82e-05	2152.85851868
2.82e-05	2152.85851868
2.82e-05	2152.85851868
2.818e-05	35425.1856155
2.818e-05	35425.1856155
2.818e-05	35425.1856155
2.818e-05	35425.1856155
2.818e-05	35425.1856155
2.818e-05	35425.1856155
2.818e-05	35425.1856155
2.818e-05	35425.1856155
2.818e-05	35425.1856155
2.82e-05	2152.85851868
2.82e-05	2152.85851868
2.82e-05	2152.85851868
2.824e-05	4017.25720426
2.824e-05	4017.25720426
2.824e-05	4017.25720426
2.828e-05	10443.1098386
2.828e-05	10443.1098386
2.828e-05	10443.1098386
2.828e-05	10443.1098386
2.828e-05	10443.1098386
2.828e-05	10443.1098386
2.819e-05	100.0
2.819e-05	100.0
2.819e-05	100.0
2.818e-05	35425.1856155
2.818e-05	35425.1856155
2.818e-05	35425.1856155
2.818e-05	35425.1856155
2.818e-05	35425.1856155
2.818e-05	35425.1856155
2.819e-05	4124.38252743
2.819e-05	4124.38252743
2.819e-05	4124.38252743
2.819e-05	4124.38252743
2.819e-05	4124.38252743
2.819e-05	4124.38252743
2.818e-05	35425.1856155
2.818e-05	35425.1856155
2.818e-05	35425.1856155
2.818e-05	35425.1856155
2.818e-05	35425.1856155
2.818e-05	35425.1856155
2.818e-05	35425.1856155
2.818e-05	35425.1856155
2.818e-05	35425.1856155
2.818e-05	35425.1856155
2.818e-05	35425.1856155
2.818e-05	35425.1856155
2.819e-05	100.0
2.819e-05	100.0
2.819e-05	100.0
2.818e-05	35425.1856155
2.818e-05	35425.1856155
2.818e-05	35425.1856155
2.819e-05	60144.438
2.819e-05	60144.438
2.819e-05	60144.438
2.818e-05	35425.1856155
2.818e-05	35425.1856155
2.818e-05	35425.1856155
2.819e-05	100.0
2.819e-05	100.0
2.819e-05	100.0
2.82e-05	52102.8585187
2.82e-05	52102.8585187
2.82e-05	52102.8585187
2.819e-05	66713.225
2.819e-05	66713.225
2.819e-05	66713.225
2.819e-05	100.0
2.819e-05	100.0
2.819e-05	100.0
2.82e-05	2102.85851868
2.82e-05	2102.85851868
2.82e-05	2102.85851868
2.821e-05	1505.36328164
2.821e-05	1505.36328164
2.821e-05	1505.36328164
2.822e-05	25.36379042
2.822e-05	25.36379042
2.822e-05	25.36379042
2.822e-05	25.36379042
2.822e-05	25.36379042
2.822e-05	25.36379042
2.823e-05	4044.03505539
2.823e-05	4044.03505539
2.823e-05	4044.03505539
2.824e-05	1042.03851629
2.824e-05	1042.03851629
2.824e-05	1042.03851629
2.825e-05	28310.037
2.825e-05	28310.037
2.825e-05	28310.037
2.825e-05	4015.83516631
2.825e-05	4015.83516631
2.825e-05	4015.83516631
2.825e-05	4015.83516631
2.825e-05	4015.83516631
2.825e-05	4015.83516631
2.825e-05	4015.83516631
2.825e-05	4015.83516631
2.825e-05	4015.83516631
2.822e-05	4020.10430362
2.822e-05	4020.10430362
2.822e-05	4020.10430362
2.822e-05	4020.10430362
2.822e-05	4020.10430362
2.822e-05	4020.10430362
2.822e-05	4020.10430362
2.822e-05	4020.10430362
2.822e-05	4020.10430362
2.822e-05	4020.10430362
2.822e-05	4020.10430362
2.822e-05	4020.10430362
2.827e-05	21999.705
2.827e-05	21999.705
2.827e-05	21999.705
2.821e-05	44740.0006067
2.821e-05	44740.0006067
2.821e-05	44740.0006067
2.821e-05	462.2166067
2.821e-05	462.2166067
2.821e-05	462.2166067
2.821e-05	462.2166067
2.821e-05	462.2166067
2.821e-05	462.2166067
2.835e-05	49242.6678206
2.835e-05	49242.6678206
2.835e-05	49242.6678206
2.835e-05	49242.6678206
2.835e-05	49242.6678206
2.835e-05	49242.6678206
2.821e-05	462.2166067
2.821e-05	462.2166067
2.821e-05	462.2166067
2.82e-05	2302.85851868
2.82e-05	2302.85851868
2.82e-05	2302.85851868
2.821e-05	462.2166067
2.821e-05	462.2166067
2.821e-05	462.2166067
2.821e-05	462.2166067
2.821e-05	462.2166067
2.821e-05	462.2166067
2.821e-05	462.2166067
2.821e-05	462.2166067
2.821e-05	462.2166067
2.821e-05	13460.6296067
2.821e-05	13460.6296067
2.821e-05	13460.6296067
2.826e-05	4014.41413475
2.826e-05	4014.41413475
2.826e-05	4014.41413475
2.826e-05	4014.41413475
2.826e-05	4014.41413475
2.826e-05	4014.41413475
2.827e-05	4012.99410853
2.827e-05	4012.99410853
2.827e-05	4012.99410853
2.827e-05	4012.99410853
2.827e-05	4012.99410853
2.827e-05	4012.99410853
2.826e-05	4014.41413475
2.826e-05	4014.41413475
2.826e-05	4014.41413475
2.826e-05	4014.41413475
2.826e-05	4014.41413475
2.826e-05	4014.41413475
2.827e-05	4012.99410853
2.827e-05	4012.99410853
2.827e-05	4012.99410853
2.827e-05	4012.99410853
2.827e-05	4012.99410853
2.827e-05	4012.99410853
2.827e-05	4012.99410853
2.827e-05	4012.99410853
2.827e-05	4012.99410853
2.833e-05	54708.604
2.833e-05	54708.604
2.833e-05	54708.604
2.826e-05	4014.41413475
2.826e-05	4014.41413475
2.826e-05	4014.41413475
2.825e-05	353.09734513
2.825e-05	353.09734513
2.825e-05	353.09734513
2.826e-05	4014.41413475
2.826e-05	4014.41413475
2.826e-05	4014.41413475
2.826e-05	4014.41413475
2.826e-05	4014.41413475
2.826e-05	4014.41413475
2.826e-05	4014.41413475
2.826e-05	4014.41413475
2.826e-05	4014.41413475
2.835e-05	32541.113608
2.835e-05	32541.113608
2.835e-05	32541.113608
2.843e-05	3990.40954795
2.843e-05	3990.40954795
2.843e-05	3990.40954795
2.843e-05	3990.40954795
2.843e-05	3990.40954795
2.843e-05	3990.40954795
2.858e-05	129923.711
2.858e-05	129923.711
2.858e-05	129923.711
2.843e-05	3990.40954795
2.843e-05	3990.40954795
2.843e-05	3990.40954795
2.86e-05	145.5140271
2.86e-05	145.5140271
2.86e-05	145.5140271
2.862e-05	109.36339846
2.862e-05	109.36339846
2.862e-05	109.36339846
2.861e-05	3965.30386047
2.861e-05	3965.30386047
2.861e-05	3965.30386047
2.865e-05	88977.949
2.865e-05	88977.949
2.865e-05	88977.949
2.86e-05	120.0
2.86e-05	120.0
2.86e-05	120.0
2.842e-05	5077.67678575
2.842e-05	5077.67678575
2.842e-05	5077.67678575
2.836e-05	63000.0
2.836e-05	63000.0
2.836e-05	63000.0
2.842e-05	5077.67678575
2.842e-05	5077.67678575
2.842e-05	5077.67678575
2.835e-05	1000.0
2.835e-05	1000.0
2.835e-05	1000.0
2.842e-05	5077.67678575
2.842e-05	5077.67678575
2.842e-05	5077.67678575
2.842e-05	5077.67678575
2.842e-05	5077.67678575
2.842e-05	5077.67678575
2.842e-05	5077.67678575
2.842e-05	5077.67678575
2.842e-05	5077.67678575
2.842e-05	5077.67678575
2.842e-05	5077.67678575
2.842e-05	5077.67678575
2.861e-05	16444.775
2.861e-05	16444.775
2.861e-05	16444.775
2.846e-05	3986.20321322
2.846e-05	3986.20321322
2.846e-05	3986.20321322
2.843e-05	3990.40954795
2.843e-05	3990.40954795
2.843e-05	3990.40954795
2.868e-05	103905.734
2.868e-05	103905.734
2.868e-05	103905.734
2.868e-05	103905.734
2.868e-05	103905.734
2.868e-05	103905.734
2.87e-05	11242.351
2.87e-05	11242.351
2.87e-05	11242.351
2.873e-05	52141.24
2.873e-05	52141.24
2.873e-05	52141.24
2.874e-05	38301.6582514
2.874e-05	38301.6582514
2.874e-05	38301.6582514
2.874e-05	38301.6582514
2.874e-05	38301.6582514
2.874e-05	38301.6582514
2.875e-05	6739.13043478
2.875e-05	6739.13043478
2.875e-05	6739.13043478
2.876e-05	100.15891951
2.876e-05	100.15891951
2.876e-05	100.15891951
2.875e-05	6739.13043478
2.875e-05	6739.13043478
2.875e-05	6739.13043478
2.875e-05	6739.13043478
2.875e-05	6739.13043478
2.875e-05	6739.13043478
2.874e-05	38301.6582514
2.874e-05	38301.6582514
2.874e-05	38301.6582514
2.851e-05	55285.326
2.851e-05	55285.326
2.851e-05	55285.326
2.851e-05	55285.326
2.851e-05	55285.326
2.851e-05	55285.326
2.85e-05	134679.446683
2.85e-05	134679.446683
2.85e-05	134679.446683
2.843e-05	23452.399
2.843e-05	23452.399
2.843e-05	23452.399
2.846e-05	3986.20321322
2.846e-05	3986.20321322
2.846e-05	3986.20321322
2.842e-05	5077.67678575
2.842e-05	5077.67678575
2.842e-05	5077.67678575
2.842e-05	5077.67678575
2.842e-05	5077.67678575
2.842e-05	5077.67678575
2.845e-05	10626.2959745
2.845e-05	10626.2959745
2.845e-05	10626.2959745
2.845e-05	10626.2959745
2.845e-05	10626.2959745
2.845e-05	10626.2959745
2.842e-05	5077.67678575
2.842e-05	5077.67678575
2.842e-05	5077.67678575
2.842e-05	5077.67678575
2.842e-05	5077.67678575
2.842e-05	5077.67678575
2.845e-05	10626.2959745
2.845e-05	10626.2959745
2.845e-05	10626.2959745
2.836e-05	4000.25893682
2.836e-05	4000.25893682
2.836e-05	4000.25893682
2.845e-05	10626.2959745
2.845e-05	10626.2959745
2.845e-05	10626.2959745
2.845e-05	10626.2959745
2.845e-05	10626.2959745
2.845e-05	10626.2959745
2.845e-05	10626.2959745
2.845e-05	10626.2959745
2.845e-05	10626.2959745
2.845e-05	27374.6039209
2.845e-05	27374.6039209
2.845e-05	27374.6039209
2.845e-05	27374.6039209
2.845e-05	27374.6039209
2.845e-05	27374.6039209
2.854e-05	25.07940314
2.854e-05	25.07940314
2.854e-05	25.07940314
2.854e-05	25.07940314
2.854e-05	25.07940314
2.854e-05	25.07940314
2.851e-05	3979.21232719
2.851e-05	3979.21232719
2.851e-05	3979.21232719
2.846e-05	3986.20321322
2.846e-05	3986.20321322
2.846e-05	3986.20321322
2.854e-05	25.07940314
2.854e-05	25.07940314
2.854e-05	25.07940314
2.854e-05	25.07940314
2.854e-05	25.07940314
2.854e-05	25.07940314
2.844e-05	701.47679325
2.844e-05	701.47679325
2.844e-05	701.47679325
2.844e-05	701.47679325
2.844e-05	701.47679325
2.844e-05	701.47679325
2.844e-05	701.47679325
2.844e-05	701.47679325
2.844e-05	701.47679325
2.836e-05	12428.646
2.836e-05	12428.646
2.836e-05	12428.646
2.835e-05	1000.0
2.835e-05	1000.0
2.835e-05	1000.0
2.834e-05	32721.4
2.834e-05	32721.4
2.834e-05	32721.4
2.825e-05	353.09734513
2.825e-05	353.09734513
2.825e-05	353.09734513
2.827e-05	98383.039
2.827e-05	98383.039
2.827e-05	98383.039
2.825e-05	600.90777079
2.825e-05	600.90777079
2.825e-05	600.90777079
2.829e-05	4374.63886437
2.829e-05	4374.63886437
2.829e-05	4374.63886437
2.825e-05	600.90777079
2.825e-05	600.90777079
2.825e-05	600.90777079
2.825e-05	600.90777079
2.825e-05	600.90777079
2.825e-05	600.90777079
2.845e-05	131301.481
2.845e-05	131301.481
2.845e-05	131301.481
2.836e-05	70345.5571227
2.836e-05	70345.5571227
2.836e-05	70345.5571227
2.837e-05	4165.46760986
2.837e-05	4165.46760986
2.837e-05	4165.46760986
2.837e-05	4165.46760986
2.837e-05	4165.46760986
2.837e-05	4165.46760986
2.841e-05	4159.60281914
2.841e-05	4159.60281914
2.841e-05	4159.60281914
2.844e-05	25.16758669
2.844e-05	25.16758669
2.844e-05	25.16758669
2.838e-05	10754.344
2.838e-05	10754.344
2.838e-05	10754.344
2.837e-05	4165.46760986
2.837e-05	4165.46760986
2.837e-05	4165.46760986
2.842e-05	4158.13920098
2.842e-05	4158.13920098
2.842e-05	4158.13920098
2.837e-05	4165.46760986
2.837e-05	4165.46760986
2.837e-05	4165.46760986
2.838e-05	4163.99986229
2.838e-05	4163.99986229
2.838e-05	4163.99986229
2.844e-05	25.16758669
2.844e-05	25.16758669
2.844e-05	25.16758669
2.838e-05	8524.76566472
2.838e-05	8524.76566472
2.838e-05	8524.76566472
2.845e-05	200.59505448
2.845e-05	200.59505448
2.845e-05	200.59505448
2.837e-05	4165.46760986
2.837e-05	4165.46760986
2.837e-05	4165.46760986
2.838e-05	4163.99986229
2.838e-05	4163.99986229
2.838e-05	4163.99986229
2.835e-05	1000.0
2.835e-05	1000.0
2.835e-05	1000.0
2.836e-05	70345.5571227
2.836e-05	70345.5571227
2.836e-05	70345.5571227
2.836e-05	70345.5571227
2.836e-05	70345.5571227
2.836e-05	70345.5571227
2.836e-05	70345.5571227
2.836e-05	70345.5571227
2.836e-05	70345.5571227
2.836e-05	10861.014
2.836e-05	10861.014
2.836e-05	10861.014
2.837e-05	11284.738
2.837e-05	11284.738
2.837e-05	11284.738
2.839e-05	10951.798
2.839e-05	10951.798
2.839e-05	10951.798
2.838e-05	123861.523
2.838e-05	123861.523
2.838e-05	123861.523
2.84e-05	4161.06746802
2.84e-05	4161.06746802
2.84e-05	4161.06746802
2.836e-05	4166.93639252
2.836e-05	4166.93639252
2.836e-05	4166.93639252
2.835e-05	1000.0
2.835e-05	1000.0
2.835e-05	1000.0
2.836e-05	26676.5292297
2.836e-05	26676.5292297
2.836e-05	26676.5292297
2.835e-05	1000.0
2.835e-05	1000.0
2.835e-05	1000.0
2.86e-05	500.0
2.86e-05	500.0
2.86e-05	500.0
2.855e-05	34169.064
2.855e-05	34169.064
2.855e-05	34169.064
2.86e-05	500.0
2.86e-05	500.0
2.86e-05	500.0
2.86e-05	500.0
2.86e-05	500.0
2.86e-05	500.0
2.86e-05	500.0
2.86e-05	500.0
2.86e-05	500.0
2.86e-05	500.0
2.86e-05	500.0
2.86e-05	500.0
2.863e-05	14661.501
2.863e-05	14661.501
2.863e-05	14661.501
2.861e-05	313.95519311
2.861e-05	313.95519311
2.861e-05	313.95519311
2.861e-05	313.95519311
2.861e-05	313.95519311
2.861e-05	313.95519311
2.861e-05	313.95519311
2.861e-05	313.95519311
2.861e-05	313.95519311
2.861e-05	313.95519311
2.861e-05	313.95519311
2.861e-05	313.95519311
2.861e-05	313.95519311
2.861e-05	313.95519311
2.861e-05	313.95519311
2.861e-05	313.95519311
2.861e-05	313.95519311
2.861e-05	313.95519311
2.861e-05	313.95519311
2.861e-05	313.95519311
2.861e-05	313.95519311
2.861e-05	313.95519311
2.861e-05	313.95519311
2.861e-05	313.95519311
2.837e-05	123585.969
2.837e-05	123585.969
2.837e-05	123585.969
2.85e-05	4148.01442056
2.85e-05	4148.01442056
2.85e-05	4148.01442056
2.844e-05	132484.523918
2.844e-05	132484.523918
2.844e-05	132484.523918
2.845e-05	133643.69
2.845e-05	133643.69
2.845e-05	133643.69
2.86e-05	500.0
2.86e-05	500.0
2.86e-05	500.0
2.86e-05	500.0
2.86e-05	500.0
2.86e-05	500.0
2.86e-05	500.0
2.86e-05	500.0
2.86e-05	500.0
2.86e-05	500.0
2.86e-05	500.0
2.86e-05	500.0
2.86e-05	500.0
2.86e-05	500.0
2.86e-05	500.0
2.825e-05	353698.252904
2.825e-05	353698.252904
2.825e-05	353698.252904
2.825e-05	353698.252904
2.825e-05	353698.252904
2.825e-05	353698.252904
2.834e-05	4172.98891602
2.834e-05	4172.98891602
2.834e-05	4172.98891602
2.821e-05	4192.21927969
2.821e-05	4192.21927969
2.821e-05	4192.21927969
2.825e-05	353698.252904
2.825e-05	353698.252904
2.825e-05	353698.252904
2.829e-05	70519.6182397
2.829e-05	70519.6182397
2.829e-05	70519.6182397
2.829e-05	70519.6182397
2.829e-05	70519.6182397
2.829e-05	70519.6182397
2.829e-05	70519.6182397
2.829e-05	70519.6182397
2.829e-05	70519.6182397
2.829e-05	70519.6182397
2.829e-05	70519.6182397
2.829e-05	70519.6182397
2.825e-05	353698.252904
2.825e-05	353698.252904
2.825e-05	353698.252904
2.829e-05	70519.6182397
2.829e-05	70519.6182397
2.829e-05	70519.6182397
2.829e-05	70519.6182397
2.829e-05	70519.6182397
2.829e-05	70519.6182397
2.83e-05	4194.46836822
2.83e-05	4194.46836822
2.83e-05	4194.46836822
2.831e-05	4192.98674746
2.831e-05	4192.98674746
2.831e-05	4192.98674746
2.847e-05	61.96587724
2.847e-05	61.96587724
2.847e-05	61.96587724
2.847e-05	61.96587724
2.847e-05	61.96587724
2.847e-05	61.96587724
2.847e-05	61.96587724
2.847e-05	61.96587724
2.847e-05	61.96587724
2.847e-05	61.96587724
2.847e-05	61.96587724
2.847e-05	61.96587724
2.848e-05	4167.95838556
2.848e-05	4167.95838556
2.848e-05	4167.95838556
2.85e-05	1402.0818
2.85e-05	1402.0818
2.85e-05	1402.0818
2.851e-05	4163.57259981
2.851e-05	4163.57259981
2.851e-05	4163.57259981
2.853e-05	4160.65386683
2.853e-05	4160.65386683
2.853e-05	4160.65386683
2.851e-05	122759.307
2.851e-05	122759.307
2.851e-05	122759.307
2.853e-05	84549.079
2.853e-05	84549.079
2.853e-05	84549.079
2.854e-05	40734.225
2.854e-05	40734.225
2.854e-05	40734.225
2.847e-05	61.96587724
2.847e-05	61.96587724
2.847e-05	61.96587724
2.847e-05	61.96587724
2.847e-05	61.96587724
2.847e-05	61.96587724
2.85e-05	4165.03350248
2.85e-05	4165.03350248
2.85e-05	4165.03350248
2.851e-05	83180.216
2.851e-05	83180.216
2.851e-05	83180.216
2.852e-05	71015.592
2.852e-05	71015.592
2.852e-05	71015.592
2.851e-05	55768.477
2.851e-05	55768.477
2.851e-05	55768.477
2.848e-05	4167.95838556
2.848e-05	4167.95838556
2.848e-05	4167.95838556
2.853e-05	109973.512
2.853e-05	109973.512
2.853e-05	109973.512
2.849e-05	125928.178
2.849e-05	125928.178
2.849e-05	125928.178
2.857e-05	7492.99969111
2.857e-05	7492.99969111
2.857e-05	7492.99969111
2.849e-05	123012.481
2.849e-05	123012.481
2.849e-05	123012.481
2.85e-05	4165.03350248
2.85e-05	4165.03350248
2.85e-05	4165.03350248
2.857e-05	443.49017588
2.857e-05	443.49017588
2.857e-05	443.49017588
2.848e-05	4167.95838556
2.848e-05	4167.95838556
2.848e-05	4167.95838556
2.848e-05	4167.95838556
2.848e-05	4167.95838556
2.848e-05	4167.95838556
2.847e-05	61.96587724
2.847e-05	61.96587724
2.847e-05	61.96587724
2.848e-05	24982.102
2.848e-05	24982.102
2.848e-05	24982.102
2.852e-05	25994.52
2.852e-05	25994.52
2.852e-05	25994.52
2.853e-05	4160.65386683
2.853e-05	4160.65386683
2.853e-05	4160.65386683
2.857e-05	443.49017588
2.857e-05	443.49017588
2.857e-05	443.49017588
2.851e-05	23697.637
2.851e-05	23697.637
2.851e-05	23697.637
2.857e-05	443.49017588
2.857e-05	443.49017588
2.857e-05	443.49017588
2.857e-05	443.49017588
2.857e-05	443.49017588
2.857e-05	443.49017588
2.857e-05	443.49017588
2.857e-05	443.49017588
2.857e-05	443.49017588
2.84e-05	117296.876
2.84e-05	117296.876
2.84e-05	117296.876
2.827e-05	131577.035
2.827e-05	131577.035
2.827e-05	131577.035
2.829e-05	107822.041
2.829e-05	107822.041
2.829e-05	107822.041
2.825e-05	600.90777079
2.825e-05	600.90777079
2.825e-05	600.90777079
2.825e-05	600.90777079
2.825e-05	600.90777079
2.825e-05	600.90777079
2.841e-05	4198.40508425
2.841e-05	4198.40508425
2.841e-05	4198.40508425
2.84e-05	1189.8798169
2.84e-05	1189.8798169
2.84e-05	1189.8798169
2.84e-05	1189.8798169
2.84e-05	1189.8798169
2.84e-05	1189.8798169
2.841e-05	4201.50926546
2.841e-05	4201.50926546
2.841e-05	4201.50926546
2.845e-05	4195.6020468
2.845e-05	4195.6020468
2.845e-05	4195.6020468
2.851e-05	12227.172
2.851e-05	12227.172
2.851e-05	12227.172
2.851e-05	1000.0
2.851e-05	1000.0
2.851e-05	1000.0
2.841e-05	21921.8413855
2.841e-05	21921.8413855
2.841e-05	21921.8413855
2.854e-05	8544.99515989
2.854e-05	8544.99515989
2.854e-05	8544.99515989
2.853e-05	54758.023
2.853e-05	54758.023
2.853e-05	54758.023
2.86e-05	19772.458
2.86e-05	19772.458
2.86e-05	19772.458
2.841e-05	4201.50926546
2.841e-05	4201.50926546
2.841e-05	4201.50926546
2.863e-05	4169.22382926
2.863e-05	4169.22382926
2.863e-05	4169.22382926
2.862e-05	69706.4989518
2.862e-05	69706.4989518
2.862e-05	69706.4989518
2.862e-05	69706.4989518
2.862e-05	69706.4989518
2.862e-05	69706.4989518
2.869e-05	33314.414
2.869e-05	33314.414
2.869e-05	33314.414
2.869e-05	4160.50464383
2.869e-05	4160.50464383
2.869e-05	4160.50464383
2.865e-05	83046.639
2.865e-05	83046.639
2.865e-05	83046.639
2.862e-05	69706.4989518
2.862e-05	69706.4989518
2.862e-05	69706.4989518
2.862e-05	69706.4989518
2.862e-05	69706.4989518
2.862e-05	69706.4989518
2.842e-05	130612.596
2.842e-05	130612.596
2.842e-05	130612.596
2.854e-05	4182.37134659
2.854e-05	4182.37134659
2.854e-05	4182.37134659
2.862e-05	69706.4989518
2.862e-05	69706.4989518
2.862e-05	69706.4989518
2.862e-05	69706.4989518
2.862e-05	69706.4989518
2.862e-05	69706.4989518
2.865e-05	29637.8812016
2.865e-05	29637.8812016
2.865e-05	29637.8812016
2.862e-05	69706.4989518
2.862e-05	69706.4989518
2.862e-05	69706.4989518
2.865e-05	29637.8812016
2.865e-05	29637.8812016
2.865e-05	29637.8812016
2.863e-05	126341.509
2.863e-05	126341.509
2.863e-05	126341.509
2.863e-05	129510.38
2.863e-05	129510.38
2.863e-05	129510.38
2.865e-05	29637.8812016
2.865e-05	29637.8812016
2.865e-05	29637.8812016
2.866e-05	4164.85967312
2.866e-05	4164.85967312
2.866e-05	4164.85967312
2.868e-05	124550.408
2.868e-05	124550.408
2.868e-05	124550.408
2.869e-05	116316.766
2.869e-05	116316.766
2.869e-05	116316.766
2.866e-05	4164.85967312
2.866e-05	4164.85967312
2.866e-05	4164.85967312
2.866e-05	4164.85967312
2.866e-05	4164.85967312
2.866e-05	4164.85967312
2.867e-05	107419.532
2.867e-05	107419.532
2.867e-05	107419.532
2.866e-05	4164.85967312
2.866e-05	4164.85967312
2.866e-05	4164.85967312
2.878e-05	50.00000006
2.878e-05	50.00000006
2.878e-05	50.00000006
2.885e-05	24.80991908
2.885e-05	24.80991908
2.885e-05	24.80991908
2.884e-05	345.87378641
2.884e-05	345.87378641
2.884e-05	345.87378641
2.884e-05	345.87378641
2.884e-05	345.87378641
2.884e-05	345.87378641
2.883e-05	47894.638
2.883e-05	47894.638
2.883e-05	47894.638
2.887e-05	24.79273175
2.887e-05	24.79273175
2.887e-05	24.79273175
2.888e-05	4133.13290276
2.888e-05	4133.13290276
2.888e-05	4133.13290276
2.892e-05	4127.41625974
2.892e-05	4127.41625974
2.892e-05	4127.41625974
2.893e-05	20264.233
2.893e-05	20264.233
2.893e-05	20264.233
2.894e-05	4124.56386426
2.894e-05	4124.56386426
2.894e-05	4124.56386426
2.887e-05	24.79273175
2.887e-05	24.79273175
2.887e-05	24.79273175
2.89e-05	278.52393885
2.89e-05	278.52393885
2.89e-05	278.52393885
2.894e-05	10763.059
2.894e-05	10763.059
2.894e-05	10763.059
2.893e-05	4125.98956901
2.893e-05	4125.98956901
2.893e-05	4125.98956901
2.893e-05	4125.98956901
2.893e-05	4125.98956901
2.893e-05	4125.98956901
2.895e-05	19273.4406683
2.895e-05	19273.4406683
2.895e-05	19273.4406683
2.896e-05	4121.71540855
2.896e-05	4121.71540855
2.896e-05	4121.71540855
2.903e-05	94742.089
2.903e-05	94742.089
2.903e-05	94742.089
2.901e-05	102876.996
2.901e-05	102876.996
2.901e-05	102876.996
2.896e-05	4121.71540855
2.896e-05	4121.71540855
2.896e-05	4121.71540855
2.896e-05	4121.71540855
2.896e-05	4121.71540855
2.896e-05	4121.71540855
2.904e-05	49.99999999
2.904e-05	49.99999999
2.904e-05	49.99999999
2.905e-05	50336.4804578
2.905e-05	50336.4804578
2.905e-05	50336.4804578
2.896e-05	4121.71540855
2.896e-05	4121.71540855
2.896e-05	4121.71540855
2.906e-05	4107.5319419
2.906e-05	4107.5319419
2.906e-05	4107.5319419
2.906e-05	4107.5319419
2.906e-05	4107.5319419
2.906e-05	4107.5319419
2.905e-05	15521.9340542
2.905e-05	15521.9340542
2.905e-05	15521.9340542
2.909e-05	122856.767
2.909e-05	122856.767
2.909e-05	122856.767
2.905e-05	1786.99429518
2.905e-05	1786.99429518
2.905e-05	1786.99429518
2.906e-05	4107.5319419
2.906e-05	4107.5319419
2.906e-05	4107.5319419
2.923e-05	119977.1
2.923e-05	119977.1
2.923e-05	119977.1
2.931e-05	108120.729
2.931e-05	108120.729
2.931e-05	108120.729
2.918e-05	21327.7872108
2.918e-05	21327.7872108
2.918e-05	21327.7872108
2.925e-05	36.57523097
2.925e-05	36.57523097
2.925e-05	36.57523097
2.924e-05	4098.95263067
2.924e-05	4098.95263067
2.924e-05	4098.95263067
2.927e-05	85855.6501695
2.927e-05	85855.6501695
2.927e-05	85855.6501695
2.927e-05	89950.4016187
2.927e-05	89950.4016187
2.927e-05	89950.4016187
2.927e-05	3721.64216946
2.927e-05	3721.64216946
2.927e-05	3721.64216946
2.927e-05	17141.4911695
2.927e-05	17141.4911695
2.927e-05	17141.4911695
2.927e-05	22627.8851695
2.927e-05	22627.8851695
2.927e-05	22627.8851695
2.936e-05	191.57831006
2.936e-05	191.57831006
2.936e-05	191.57831006
2.927e-05	3721.64216946
2.927e-05	3721.64216946
2.927e-05	3721.64216946
2.928e-05	125336.364
2.928e-05	125336.364
2.928e-05	125336.364
2.949e-05	4030.05099026
2.949e-05	4030.05099026
2.949e-05	4030.05099026
2.94e-05	25462.3055893
2.94e-05	25462.3055893
2.94e-05	25462.3055893
2.928e-05	108110.572
2.928e-05	108110.572
2.928e-05	108110.572
2.94e-05	22053.71
2.94e-05	22053.71
2.94e-05	22053.71
2.927e-05	7781.9839427
2.927e-05	7781.9839427
2.927e-05	7781.9839427
2.926e-05	17045.4545455
2.926e-05	17045.4545455
2.926e-05	17045.4545455
2.914e-05	111861.072
2.914e-05	111861.072
2.914e-05	111861.072
2.906e-05	4089.68354105
2.906e-05	4089.68354105
2.906e-05	4089.68354105
2.912e-05	29159.5225421
2.912e-05	29159.5225421
2.912e-05	29159.5225421
2.932e-05	129372.603
2.932e-05	129372.603
2.932e-05	129372.603
2.949e-05	47034.221
2.949e-05	47034.221
2.949e-05	47034.221
2.948e-05	3399.3456691
2.948e-05	3399.3456691
2.948e-05	3399.3456691
2.951e-05	11419.993
2.951e-05	11419.993
2.951e-05	11419.993
2.95e-05	17274.2529127
2.95e-05	17274.2529127
2.95e-05	17274.2529127
2.924e-05	4066.00250444
2.924e-05	4066.00250444
2.924e-05	4066.00250444
2.939e-05	53537.4262208
2.939e-05	53537.4262208
2.939e-05	53537.4262208
2.94e-05	4039.8008509
2.94e-05	4039.8008509
2.94e-05	4039.8008509
2.939e-05	36140.1156856
2.939e-05	36140.1156856
2.939e-05	36140.1156856
2.939e-05	36140.1156856
2.939e-05	36140.1156856
2.939e-05	36140.1156856
2.947e-05	4030.20512441
2.947e-05	4030.20512441
2.947e-05	4030.20512441
2.948e-05	3552.17836924
2.948e-05	3552.17836924
2.948e-05	3552.17836924
2.948e-05	3552.17836924
2.948e-05	3552.17836924
2.948e-05	3552.17836924
2.947e-05	4030.20512441
2.947e-05	4030.20512441
2.947e-05	4030.20512441
2.939e-05	38140.1156856
2.939e-05	38140.1156856
2.939e-05	38140.1156856
2.939e-05	38140.1156856
2.939e-05	38140.1156856
2.939e-05	38140.1156856
2.939e-05	38140.1156856
2.939e-05	38140.1156856
2.939e-05	38140.1156856
2.939e-05	38140.1156856
2.939e-05	38140.1156856
2.939e-05	38140.1156856
2.947e-05	14152.9999089
2.947e-05	14152.9999089
2.947e-05	14152.9999089
2.947e-05	14152.9999089
2.947e-05	14152.9999089
2.947e-05	14152.9999089
2.939e-05	38140.1156856
2.939e-05	38140.1156856
2.939e-05	38140.1156856
2.939e-05	38140.1156856
2.939e-05	38140.1156856
2.939e-05	38140.1156856
2.937e-05	200.0
2.937e-05	200.0
2.937e-05	200.0
2.937e-05	200.0
2.937e-05	200.0
2.937e-05	200.0
2.937e-05	200.0
2.937e-05	200.0
2.937e-05	200.0
2.937e-05	200.0
2.937e-05	200.0
2.937e-05	200.0
2.937e-05	200.0
2.937e-05	200.0
2.937e-05	200.0
2.935e-05	200.0
2.935e-05	200.0
2.935e-05	200.0
2.935e-05	200.0
2.935e-05	200.0
2.935e-05	200.0
2.935e-05	200.0
2.935e-05	200.0
2.935e-05	200.0
2.935e-05	200.0
2.935e-05	200.0
2.935e-05	200.0
2.935e-05	200.0
2.935e-05	200.0
2.935e-05	200.0
2.935e-05	200.0
2.935e-05	200.0
2.935e-05	200.0
2.935e-05	200.0
2.935e-05	200.0
2.935e-05	200.0
2.935e-05	200.0
2.935e-05	200.0
2.935e-05	200.0
2.925e-05	200.0
2.925e-05	200.0
2.925e-05	200.0
2.915e-05	200.0
2.915e-05	200.0
2.915e-05	200.0
2.912e-05	29159.5225421
2.912e-05	29159.5225421
2.912e-05	29159.5225421
2.912e-05	29159.5225421
2.912e-05	29159.5225421
2.912e-05	29159.5225421
2.912e-05	29159.5225421
2.912e-05	29159.5225421
2.912e-05	29159.5225421
2.915e-05	200.0
2.915e-05	200.0
2.915e-05	200.0
2.916e-05	119800.274
2.916e-05	119800.274
2.916e-05	119800.274
2.915e-05	200.0
2.915e-05	200.0
2.915e-05	200.0
2.915e-05	200.0
2.915e-05	200.0
2.915e-05	200.0
2.915e-05	200.0
2.915e-05	200.0
2.915e-05	200.0
2.916e-05	14962.594
2.916e-05	14962.594
2.916e-05	14962.594
2.915e-05	200.0
2.915e-05	200.0
2.915e-05	200.0
2.915e-05	200.0
2.915e-05	200.0
2.915e-05	200.0
2.925e-05	200.0
2.925e-05	200.0
2.925e-05	200.0
2.925e-05	200.0
2.925e-05	200.0
2.925e-05	200.0
2.925e-05	200.0
2.925e-05	200.0
2.925e-05	200.0
2.925e-05	200.0
2.925e-05	200.0
2.925e-05	200.0
2.926e-05	22693.3044348
2.926e-05	22693.3044348
2.926e-05	22693.3044348
2.926e-05	22693.3044348
2.926e-05	22693.3044348
2.926e-05	22693.3044348
2.901e-05	116718.772
2.901e-05	116718.772
2.901e-05	116718.772
2.905e-05	6003.20914458
2.905e-05	6003.20914458
2.905e-05	6003.20914458
2.906e-05	4100.58962377
2.906e-05	4100.58962377
2.906e-05	4100.58962377
2.906e-05	4100.58962377
2.906e-05	4100.58962377
2.906e-05	4100.58962377
2.912e-05	22015.260654
2.912e-05	22015.260654
2.912e-05	22015.260654
2.912e-05	22015.260654
2.912e-05	22015.260654
2.912e-05	22015.260654
2.912e-05	22015.260654
2.912e-05	22015.260654
2.912e-05	22015.260654
2.912e-05	22015.260654
2.912e-05	22015.260654
2.912e-05	22015.260654
2.912e-05	21990.6807719
2.912e-05	21990.6807719
2.912e-05	21990.6807719
2.912e-05	21990.6807719
2.912e-05	21990.6807719
2.912e-05	21990.6807719
2.905e-05	6003.20914458
2.905e-05	6003.20914458
2.905e-05	6003.20914458
2.905e-05	6003.20914458
2.905e-05	6003.20914458
2.905e-05	6003.20914458
2.908e-05	123310.415
2.908e-05	123310.415
2.908e-05	123310.415
2.905e-05	6003.20914458
2.905e-05	6003.20914458
2.905e-05	6003.20914458
2.91e-05	15337.202
2.91e-05	15337.202
2.91e-05	15337.202
2.908e-05	4097.76941082
2.908e-05	4097.76941082
2.908e-05	4097.76941082
2.91e-05	4094.95307446
2.91e-05	4094.95307446
2.91e-05	4094.95307446
2.907e-05	114000.982
2.907e-05	114000.982
2.907e-05	114000.982
2.907e-05	130061.488
2.907e-05	130061.488
2.907e-05	130061.488
2.911e-05	15839.6153575
2.911e-05	15839.6153575
2.911e-05	15839.6153575
2.912e-05	4092.14060669
2.912e-05	4092.14060669
2.912e-05	4092.14060669
2.92e-05	38826.9284435
2.92e-05	38826.9284435
2.92e-05	38826.9284435
2.911e-05	4093.5463575
2.911e-05	4093.5463575
2.911e-05	4093.5463575
2.906e-05	4100.58962377
2.906e-05	4100.58962377
2.906e-05	4100.58962377
2.906e-05	4100.58962377
2.906e-05	4100.58962377
2.906e-05	4100.58962377
2.906e-05	4100.58962377
2.906e-05	4100.58962377
2.906e-05	4100.58962377
2.906e-05	4100.58962377
2.906e-05	4100.58962377
2.906e-05	4100.58962377
2.926e-05	3409.09090909
2.926e-05	3409.09090909
2.926e-05	3409.09090909
2.926e-05	31842.896
2.926e-05	31842.896
2.926e-05	31842.896
2.906e-05	4100.58962377
2.906e-05	4100.58962377
2.906e-05	4100.58962377
2.913e-05	124137.077
2.913e-05	124137.077
2.913e-05	124137.077
2.906e-05	4100.58962377
2.906e-05	4100.58962377
2.906e-05	4100.58962377
2.919e-05	113807.711
2.919e-05	113807.711
2.919e-05	113807.711
2.923e-05	112409.663
2.923e-05	112409.663
2.923e-05	112409.663
2.93e-05	2955.72555106
2.93e-05	2955.72555106
2.93e-05	2955.72555106
2.923e-05	129372.603
2.923e-05	129372.603
2.923e-05	129372.603
2.916e-05	4089.52213497
2.916e-05	4089.52213497
2.916e-05	4089.52213497
2.915e-05	50938.026
2.915e-05	50938.026
2.915e-05	50938.026
2.92e-05	4083.92004985
2.92e-05	4083.92004985
2.92e-05	4083.92004985
2.921e-05	21219.337
2.921e-05	21219.337
2.921e-05	21219.337
2.921e-05	10714.865
2.921e-05	10714.865
2.921e-05	10714.865
2.905e-05	6003.20914458
2.905e-05	6003.20914458
2.905e-05	6003.20914458
2.907e-05	54695.1885196
2.907e-05	54695.1885196
2.907e-05	54695.1885196
2.908e-05	4100.77253974
2.908e-05	4100.77253974
2.908e-05	4100.77253974
2.912e-05	35.0
2.912e-05	35.0
2.912e-05	35.0
2.913e-05	4093.73379525
2.913e-05	4093.73379525
2.913e-05	4093.73379525
2.914e-05	12378.851
2.914e-05	12378.851
2.914e-05	12378.851
2.916e-05	12211.974
2.916e-05	12211.974
2.916e-05	12211.974
2.915e-05	4090.92505852
2.915e-05	4090.92505852
2.915e-05	4090.92505852
2.917e-05	4088.12017332
2.917e-05	4088.12017332
2.917e-05	4088.12017332
2.913e-05	4093.73379525
2.913e-05	4093.73379525
2.913e-05	4093.73379525
2.918e-05	34952.845
2.918e-05	34952.845
2.918e-05	34952.845
2.912e-05	35.0
2.912e-05	35.0
2.912e-05	35.0
2.912e-05	35.0
2.912e-05	35.0
2.912e-05	35.0
2.912e-05	35.0
2.912e-05	35.0
2.912e-05	35.0
2.919e-05	4085.31913175
2.919e-05	4085.31913175
2.919e-05	4085.31913175
2.912e-05	35.0
2.912e-05	35.0
2.912e-05	35.0
2.91e-05	4097.95413937
2.91e-05	4097.95413937
2.91e-05	4097.95413937
2.905e-05	6003.20914458
2.905e-05	6003.20914458
2.905e-05	6003.20914458
2.9e-05	45295.6099267
2.9e-05	45295.6099267
2.9e-05	45295.6099267
2.9e-05	45295.6099267
2.9e-05	45295.6099267
2.9e-05	45295.6099267
2.901e-05	4110.66754415
2.901e-05	4110.66754415
2.901e-05	4110.66754415
2.901e-05	8774.16754415
2.901e-05	8774.16754415
2.901e-05	8774.16754415
2.906e-05	21.15516948
2.906e-05	21.15516948
2.906e-05	21.15516948
2.907e-05	4102.18319421
2.907e-05	4102.18319421
2.907e-05	4102.18319421
2.915e-05	11745.479
2.915e-05	11745.479
2.915e-05	11745.479
2.922e-05	17938.916
2.922e-05	17938.916
2.922e-05	17938.916
2.919e-05	21067.237
2.919e-05	21067.237
2.919e-05	21067.237
2.901e-05	4663.5
2.901e-05	4663.5
2.901e-05	4663.5
2.901e-05	4663.5
2.901e-05	4663.5
2.901e-05	4663.5
2.9e-05	45295.6099267
2.9e-05	45295.6099267
2.9e-05	45295.6099267
2.895e-05	24.73276315
2.895e-05	24.73276315
2.895e-05	24.73276315
2.894e-05	24.73276315
2.894e-05	24.73276315
2.894e-05	24.73276315
2.894e-05	24.73276315
2.894e-05	24.73276315
2.894e-05	24.73276315
2.895e-05	24.73276315
2.895e-05	24.73276315
2.895e-05	24.73276315
2.892e-05	4124.96994987
2.892e-05	4124.96994987
2.892e-05	4124.96994987
2.892e-05	4124.96994987
2.892e-05	4124.96994987
2.892e-05	4124.96994987
2.892e-05	4124.96994987
2.892e-05	4124.96994987
2.892e-05	4124.96994987
2.892e-05	4124.96994987
2.892e-05	4124.96994987
2.892e-05	4124.96994987
2.893e-05	41655.255
2.893e-05	41655.255
2.893e-05	41655.255
2.898e-05	4116.42963941
2.898e-05	4116.42963941
2.898e-05	4116.42963941
2.897e-05	18710.1140421
2.897e-05	18710.1140421
2.897e-05	18710.1140421
2.9e-05	4113.59072242
2.9e-05	4113.59072242
2.9e-05	4113.59072242
2.899e-05	34698.505
2.899e-05	34698.505
2.899e-05	34698.505
2.907e-05	88724.683
2.907e-05	88724.683
2.907e-05	88724.683
2.898e-05	123310.415
2.898e-05	123310.415
2.898e-05	123310.415
2.897e-05	1790.77349586
2.897e-05	1790.77349586
2.897e-05	1790.77349586
2.9e-05	4113.59072242
2.9e-05	4113.59072242
2.9e-05	4113.59072242
2.902e-05	132499.649
2.902e-05	132499.649
2.902e-05	132499.649
2.901e-05	4112.17273182
2.901e-05	4112.17273182
2.901e-05	4112.17273182
2.898e-05	26265.815
2.898e-05	26265.815
2.898e-05	26265.815
2.896e-05	4119.27247756
2.896e-05	4119.27247756
2.896e-05	4119.27247756
2.897e-05	1790.77349586
2.897e-05	1790.77349586
2.897e-05	1790.77349586
2.899e-05	11736.349
2.899e-05	11736.349
2.899e-05	11736.349
2.897e-05	1790.77349586
2.897e-05	1790.77349586
2.897e-05	1790.77349586
2.898e-05	172101.449275
2.898e-05	172101.449275
2.898e-05	172101.449275
2.898e-05	172101.449275
2.898e-05	172101.449275
2.898e-05	172101.449275
2.903e-05	24.61369208
2.903e-05	24.61369208
2.903e-05	24.61369208
2.903e-05	24.61369208
2.903e-05	24.61369208
2.903e-05	24.61369208
2.898e-05	172101.449275
2.898e-05	172101.449275
2.898e-05	172101.449275
2.9e-05	38043.026
2.9e-05	38043.026
2.9e-05	38043.026
2.91e-05	5048.16793814
2.91e-05	5048.16793814
2.91e-05	5048.16793814
2.911e-05	4098.04640846
2.911e-05	4098.04640846
2.911e-05	4098.04640846
2.912e-05	16176.38
2.912e-05	16176.38
2.912e-05	16176.38
2.908e-05	33729.293
2.908e-05	33729.293
2.908e-05	33729.293
2.912e-05	4096.6391123
2.912e-05	4096.6391123
2.912e-05	4096.6391123
2.911e-05	4098.04640846
2.911e-05	4098.04640846
2.911e-05	4098.04640846
2.911e-05	4098.04640846
2.911e-05	4098.04640846
2.911e-05	4098.04640846
2.911e-05	4098.04640846
2.911e-05	4098.04640846
2.911e-05	4098.04640846
2.91e-05	5048.16793814
2.91e-05	5048.16793814
2.91e-05	5048.16793814
2.91e-05	5048.16793814
2.91e-05	5048.16793814
2.91e-05	5048.16793814
2.91e-05	5048.16793814
2.91e-05	5048.16793814
2.91e-05	5048.16793814
2.91e-05	5048.16793814
2.91e-05	5048.16793814
2.91e-05	5048.16793814
2.911e-05	4098.04640846
2.911e-05	4098.04640846
2.911e-05	4098.04640846
2.91e-05	5048.16793814
2.91e-05	5048.16793814
2.91e-05	5048.16793814
2.91e-05	5048.16793814
2.91e-05	5048.16793814
2.91e-05	5048.16793814
2.91e-05	5048.16793814
2.91e-05	5048.16793814
2.91e-05	5048.16793814
2.914e-05	17256.46
2.914e-05	17256.46
2.914e-05	17256.46
2.905e-05	4829.90873494
2.905e-05	4829.90873494
2.905e-05	4829.90873494
2.91e-05	5048.16793814
2.91e-05	5048.16793814
2.91e-05	5048.16793814
2.907e-05	38247.794
2.907e-05	38247.794
2.907e-05	38247.794
2.906e-05	4105.09741742
2.906e-05	4105.09741742
2.906e-05	4105.09741742
2.91e-05	5048.16793814
2.91e-05	5048.16793814
2.91e-05	5048.16793814
2.91e-05	5048.16793814
2.91e-05	5048.16793814
2.91e-05	5048.16793814
2.915e-05	1564.10119211
2.915e-05	1564.10119211
2.915e-05	1564.10119211
2.911e-05	4098.04640846
2.911e-05	4098.04640846
2.911e-05	4098.04640846
2.91e-05	5048.16793814
2.91e-05	5048.16793814
2.91e-05	5048.16793814
2.915e-05	1539.54660666
2.915e-05	1539.54660666
2.915e-05	1539.54660666
2.915e-05	1539.54660666
2.915e-05	1539.54660666
2.915e-05	1539.54660666
2.913e-05	4095.23278236
2.913e-05	4095.23278236
2.913e-05	4095.23278236
2.916e-05	109940.383
2.916e-05	109940.383
2.916e-05	109940.383
2.917e-05	124412.631
2.917e-05	124412.631
2.917e-05	124412.631
2.911e-05	4098.04640846
2.911e-05	4098.04640846
2.911e-05	4098.04640846
2.911e-05	4098.04640846
2.911e-05	4098.04640846
2.911e-05	4098.04640846
2.916e-05	122974.177
2.916e-05	122974.177
2.916e-05	122974.177
2.916e-05	4091.01957991
2.916e-05	4091.01957991
2.916e-05	4091.01957991
2.915e-05	1539.54660666
2.915e-05	1539.54660666
2.915e-05	1539.54660666
2.911e-05	4098.04640846
2.911e-05	4098.04640846
2.911e-05	4098.04640846
2.915e-05	1539.54660666
2.915e-05	1539.54660666
2.915e-05	1539.54660666
2.915e-05	1539.54660666
2.915e-05	1539.54660666
2.915e-05	1539.54660666
2.915e-05	1539.54660666
2.915e-05	1539.54660666
2.915e-05	1539.54660666
2.919e-05	24.52093751
2.919e-05	24.52093751
2.919e-05	24.52093751
2.92e-05	5098.06467637
2.92e-05	5098.06467637
2.92e-05	5098.06467637
2.921e-05	112907.492148
2.921e-05	112907.492148
2.921e-05	112907.492148
2.922e-05	25647.103762
2.922e-05	25647.103762
2.922e-05	25647.103762
2.921e-05	107580.566148
2.921e-05	107580.566148
2.921e-05	107580.566148
2.921e-05	107580.566148
2.921e-05	107580.566148
2.921e-05	107580.566148
2.923e-05	95433.458
2.923e-05	95433.458
2.923e-05	95433.458
2.92e-05	5823.30934932
2.92e-05	5823.30934932
2.92e-05	5823.30934932
2.922e-05	25622.608
2.922e-05	25622.608
2.922e-05	25622.608
2.923e-05	95433.458
2.923e-05	95433.458
2.923e-05	95433.458
2.92e-05	5823.30934932
2.92e-05	5823.30934932
2.92e-05	5823.30934932
2.92e-05	5823.30934932
2.92e-05	5823.30934932
2.92e-05	5823.30934932
2.925e-05	24773.2426128
2.925e-05	24773.2426128
2.925e-05	24773.2426128
2.921e-05	119364.457
2.921e-05	119364.457
2.921e-05	119364.457
2.925e-05	24773.2426128
2.925e-05	24773.2426128
2.925e-05	24773.2426128
2.925e-05	24773.2426128
2.925e-05	24773.2426128
2.925e-05	24773.2426128
2.92e-05	55641.7606729
2.92e-05	55641.7606729
2.92e-05	55641.7606729
2.925e-05	24773.2426128
2.925e-05	24773.2426128
2.925e-05	24773.2426128
2.917e-05	10989.279
2.917e-05	10989.279
2.917e-05	10989.279
2.915e-05	1539.54660666
2.915e-05	1539.54660666
2.915e-05	1539.54660666
2.915e-05	1539.54660666
2.915e-05	1539.54660666
2.915e-05	1539.54660666
2.905e-05	6596.72262651
2.905e-05	6596.72262651
2.905e-05	6596.72262651
2.906e-05	4105.09741742
2.906e-05	4105.09741742
2.906e-05	4105.09741742
2.91e-05	5048.16793814
2.91e-05	5048.16793814
2.91e-05	5048.16793814
2.91e-05	5048.16793814
2.91e-05	5048.16793814
2.91e-05	5048.16793814
2.91e-05	5048.16793814
2.91e-05	5048.16793814
2.91e-05	5048.16793814
2.908e-05	33976.833
2.908e-05	33976.833
2.908e-05	33976.833
2.911e-05	4098.04640846
2.911e-05	4098.04640846
2.911e-05	4098.04640846
2.915e-05	198536.87708
2.915e-05	198536.87708
2.915e-05	198536.87708
2.911e-05	4098.04640846
2.911e-05	4098.04640846
2.911e-05	4098.04640846
2.911e-05	4098.04640846
2.911e-05	4098.04640846
2.911e-05	4098.04640846
2.911e-05	4098.04640846
2.911e-05	4098.04640846
2.911e-05	4098.04640846
2.911e-05	4098.04640846
2.911e-05	4098.04640846
2.911e-05	4098.04640846
2.915e-05	198951.65161
2.915e-05	198951.65161
2.915e-05	198951.65161
2.915e-05	198951.65161
2.915e-05	198951.65161
2.915e-05	198951.65161
2.915e-05	168951.65161
2.915e-05	168951.65161
2.915e-05	168951.65161
2.915e-05	168951.65161
2.915e-05	168951.65161
2.915e-05	168951.65161
2.911e-05	4098.04640846
2.911e-05	4098.04640846
2.911e-05	4098.04640846
2.906e-05	4105.09741742
2.906e-05	4105.09741742
2.906e-05	4105.09741742
2.905e-05	6596.72262651
2.905e-05	6596.72262651
2.905e-05	6596.72262651
2.905e-05	6596.72262651
2.905e-05	6596.72262651
2.905e-05	6596.72262651
2.899e-05	4115.00969128
2.899e-05	4115.00969128
2.899e-05	4115.00969128
2.899e-05	4115.00969128
2.899e-05	4115.00969128
2.899e-05	4115.00969128
2.899e-05	4115.00969128
2.899e-05	4115.00969128
2.899e-05	4115.00969128
2.899e-05	4115.00969128
2.899e-05	4115.00969128
2.899e-05	4115.00969128
2.897e-05	69.16493528
2.897e-05	69.16493528
2.897e-05	69.16493528
2.858e-05	66961.081
2.858e-05	66961.081
2.858e-05	66961.081
2.858e-05	66961.081
2.858e-05	66961.081
2.858e-05	66961.081
2.879e-05	4340.7800037
2.879e-05	4340.7800037
2.879e-05	4340.7800037
2.856e-05	400.0
2.856e-05	400.0
2.856e-05	400.0
2.877e-05	4700.0
2.877e-05	4700.0
2.877e-05	4700.0
2.877e-05	4700.0
2.877e-05	4700.0
2.877e-05	4700.0
2.881e-05	24.85299186
2.881e-05	24.85299186
2.881e-05	24.85299186
2.877e-05	4700.0
2.877e-05	4700.0
2.877e-05	4700.0
2.89e-05	2000.0
2.89e-05	2000.0
2.89e-05	2000.0
2.898e-05	4312.32078352
2.898e-05	4312.32078352
2.898e-05	4312.32078352
2.899e-05	36649.488
2.899e-05	36649.488
2.899e-05	36649.488
2.899e-05	36649.488
2.899e-05	36649.488
2.899e-05	36649.488
2.919e-05	24.10808996
2.919e-05	24.10808996
2.919e-05	24.10808996
2.919e-05	24.10808996
2.919e-05	24.10808996
2.919e-05	24.10808996
2.919e-05	24.10808996
2.919e-05	24.10808996
2.919e-05	24.10808996
2.919e-05	24.10808996
2.919e-05	24.10808996
2.919e-05	24.10808996
2.919e-05	24.10808996
2.919e-05	24.10808996
2.919e-05	24.10808996
2.919e-05	24.10808996
2.919e-05	24.10808996
2.919e-05	24.10808996
2.923e-05	450.0
2.923e-05	450.0
2.923e-05	450.0
2.923e-05	450.0
2.923e-05	450.0
2.923e-05	450.0
2.923e-05	450.0
2.923e-05	450.0
2.923e-05	450.0
2.9e-05	12184.7688474
2.9e-05	12184.7688474
2.9e-05	12184.7688474
2.901e-05	80370.0
2.901e-05	80370.0
2.901e-05	80370.0
2.9e-05	3639.65517241
2.9e-05	3639.65517241
2.9e-05	3639.65517241
2.904e-05	3434.91735537
2.904e-05	3434.91735537
2.904e-05	3434.91735537
2.901e-05	1000.0
2.901e-05	1000.0
2.901e-05	1000.0
2.901e-05	1000.0
2.901e-05	1000.0
2.901e-05	1000.0
2.903e-05	24.65608563
2.903e-05	24.65608563
2.903e-05	24.65608563
2.901e-05	1000.0
2.901e-05	1000.0
2.901e-05	1000.0
2.901e-05	1000.0
2.901e-05	1000.0
2.901e-05	1000.0
2.901e-05	1000.0
2.901e-05	1000.0
2.901e-05	1000.0
2.901e-05	1000.0
2.901e-05	1000.0
2.901e-05	1000.0
2.901e-05	1000.0
2.901e-05	1000.0
2.901e-05	1000.0
2.902e-05	24689.516
2.902e-05	24689.516
2.902e-05	24689.516
2.902e-05	24689.516
2.902e-05	24689.516
2.902e-05	24689.516
2.903e-05	16030.035
2.903e-05	16030.035
2.903e-05	16030.035
2.903e-05	10827.306
2.903e-05	10827.306
2.903e-05	10827.306
2.903e-05	118367.463
2.903e-05	118367.463
2.903e-05	118367.463
2.902e-05	126617.063
2.902e-05	126617.063
2.902e-05	126617.063
2.903e-05	132954.805
2.903e-05	132954.805
2.903e-05	132954.805
2.901e-05	1000.0
2.901e-05	1000.0
2.901e-05	1000.0
2.902e-05	22362.101
2.902e-05	22362.101
2.902e-05	22362.101
2.911e-05	93.0046247
2.911e-05	93.0046247
2.911e-05	93.0046247
2.912e-05	1712.74038462
2.912e-05	1712.74038462
2.912e-05	1712.74038462
2.911e-05	93.0046247
2.911e-05	93.0046247
2.911e-05	93.0046247
2.902e-05	28564.972024
2.902e-05	28564.972024
2.902e-05	28564.972024
2.902e-05	28564.972024
2.902e-05	28564.972024
2.902e-05	28564.972024
2.902e-05	13070.450024
2.902e-05	13070.450024
2.902e-05	13070.450024
2.904e-05	123448.192
2.904e-05	123448.192
2.904e-05	123448.192
2.912e-05	1712.74038462
2.912e-05	1712.74038462
2.912e-05	1712.74038462
2.912e-05	1712.74038462
2.912e-05	1712.74038462
2.912e-05	1712.74038462
2.911e-05	93.0046247
2.911e-05	93.0046247
2.911e-05	93.0046247
2.911e-05	93.0046247
2.911e-05	93.0046247
2.911e-05	93.0046247
2.911e-05	46353.5326247
2.911e-05	46353.5326247
2.911e-05	46353.5326247
2.912e-05	1712.74038462
2.912e-05	1712.74038462
2.912e-05	1712.74038462
2.913e-05	57265.508
2.913e-05	57265.508
2.913e-05	57265.508
2.913e-05	57265.508
2.913e-05	57265.508
2.913e-05	57265.508
2.92e-05	403.11639555
2.92e-05	403.11639555
2.92e-05	403.11639555
2.913e-05	57265.508
2.913e-05	57265.508
2.913e-05	57265.508
2.912e-05	5837.87003248
2.912e-05	5837.87003248
2.912e-05	5837.87003248
2.92e-05	403.11639555
2.92e-05	403.11639555
2.92e-05	403.11639555
2.92e-05	403.11639555
2.92e-05	403.11639555
2.92e-05	403.11639555
2.922e-05	10241.2731006
2.922e-05	10241.2731006
2.922e-05	10241.2731006
2.915e-05	19804.363
2.915e-05	19804.363
2.915e-05	19804.363
2.911e-05	93.0046247
2.911e-05	93.0046247
2.911e-05	93.0046247
2.901e-05	4140.77129768
2.901e-05	4140.77129768
2.901e-05	4140.77129768
2.911e-05	93.0046247
2.911e-05	93.0046247
2.911e-05	93.0046247
2.913e-05	4123.71353744
2.913e-05	4123.71353744
2.913e-05	4123.71353744
2.913e-05	4123.71353744
2.913e-05	4123.71353744
2.913e-05	4123.71353744
2.913e-05	4123.71353744
2.913e-05	4123.71353744
2.913e-05	4123.71353744
2.912e-05	1920.74038462
2.912e-05	1920.74038462
2.912e-05	1920.74038462
2.913e-05	4123.71353744
2.913e-05	4123.71353744
2.913e-05	4123.71353744
2.911e-05	93.0046247
2.911e-05	93.0046247
2.911e-05	93.0046247
2.912e-05	1920.74038462
2.912e-05	1920.74038462
2.912e-05	1920.74038462
2.912e-05	1920.74038462
2.912e-05	1920.74038462
2.912e-05	1920.74038462
2.913e-05	4123.71353744
2.913e-05	4123.71353744
2.913e-05	4123.71353744
2.913e-05	4323.71353744
2.913e-05	4323.71353744
2.913e-05	4323.71353744
2.914e-05	34806.2143094
2.914e-05	34806.2143094
2.914e-05	34806.2143094
2.914e-05	28792.2813094
2.914e-05	28792.2813094
2.914e-05	28792.2813094
2.914e-05	37.76430937
2.914e-05	37.76430937
2.914e-05	37.76430937
2.914e-05	37.76430937
2.914e-05	37.76430937
2.914e-05	37.76430937
2.907e-05	4132.22481409
2.907e-05	4132.22481409
2.907e-05	4132.22481409
2.914e-05	10611.7760673
2.914e-05	10611.7760673
2.914e-05	10611.7760673
2.912e-05	1712.74038462
2.912e-05	1712.74038462
2.912e-05	1712.74038462
2.914e-05	10611.7760673
2.914e-05	10611.7760673
2.914e-05	10611.7760673
2.914e-05	10611.7760673
2.914e-05	10611.7760673
2.914e-05	10611.7760673
2.913e-05	111668.168
2.913e-05	111668.168
2.913e-05	111668.168
2.915e-05	85676.195
2.915e-05	85676.195
2.915e-05	85676.195
2.922e-05	12012.205
2.922e-05	12012.205
2.922e-05	12012.205
2.92e-05	11001.655
2.92e-05	11001.655
2.92e-05	11001.655
2.92e-05	21409.13
2.92e-05	21409.13
2.92e-05	21409.13
2.92e-05	20367.9862529
2.92e-05	20367.9862529
2.92e-05	20367.9862529
2.919e-05	3417.27165468
2.919e-05	3417.27165468
2.919e-05	3417.27165468
2.919e-05	3417.27165468
2.919e-05	3417.27165468
2.919e-05	3417.27165468
2.919e-05	3417.27165468
2.919e-05	3417.27165468
2.919e-05	3417.27165468
2.919e-05	3417.27165468
2.919e-05	3417.27165468
2.919e-05	3417.27165468
2.919e-05	3417.27165468
2.919e-05	3417.27165468
2.919e-05	3417.27165468
2.919e-05	3417.27165468
2.919e-05	3417.27165468
2.919e-05	3417.27165468
2.919e-05	3417.27165468
2.919e-05	3417.27165468
2.919e-05	3417.27165468
2.921e-05	43274.952
2.921e-05	43274.952
2.921e-05	43274.952
2.934e-05	54353.7479541
2.934e-05	54353.7479541
2.934e-05	54353.7479541
2.913e-05	13046.416
2.913e-05	13046.416
2.913e-05	13046.416
2.913e-05	13046.416
2.913e-05	13046.416
2.913e-05	13046.416
2.934e-05	5162.95191988
2.934e-05	5162.95191988
2.934e-05	5162.95191988
2.913e-05	13525.569
2.913e-05	13525.569
2.913e-05	13525.569
2.927e-05	82884.859
2.927e-05	82884.859
2.927e-05	82884.859
2.914e-05	4138.78159866
2.914e-05	4138.78159866
2.914e-05	4138.78159866
2.913e-05	123372.638
2.913e-05	123372.638
2.913e-05	123372.638
2.921e-05	4128.86325864
2.921e-05	4128.86325864
2.921e-05	4128.86325864
2.92e-05	45023.869
2.92e-05	45023.869
2.92e-05	45023.869
2.915e-05	4137.3617765
2.915e-05	4137.3617765
2.915e-05	4137.3617765
2.919e-05	4131.692216
2.919e-05	4131.692216
2.919e-05	4131.692216
2.919e-05	4131.692216
2.919e-05	4131.692216
2.919e-05	4131.692216
2.919e-05	4131.692216
2.919e-05	4131.692216
2.919e-05	4131.692216
2.934e-05	5162.95191988
2.934e-05	5162.95191988
2.934e-05	5162.95191988
2.921e-05	4128.86325864
2.921e-05	4128.86325864
2.921e-05	4128.86325864
2.921e-05	4128.86325864
2.921e-05	4128.86325864
2.921e-05	4128.86325864
2.926e-05	4121.80778486
2.926e-05	4121.80778486
2.926e-05	4121.80778486
2.926e-05	4121.80778486
2.926e-05	4121.80778486
2.926e-05	4121.80778486
2.926e-05	4121.80778486
2.926e-05	4121.80778486
2.926e-05	4121.80778486
2.93e-05	8391.55386092
2.93e-05	8391.55386092
2.93e-05	8391.55386092
2.926e-05	4121.80778486
2.926e-05	4121.80778486
2.926e-05	4121.80778486
2.926e-05	4121.80778486
2.926e-05	4121.80778486
2.926e-05	4121.80778486
2.925e-05	34.07425897
2.925e-05	34.07425897
2.925e-05	34.07425897
2.921e-05	4128.86325864
2.921e-05	4128.86325864
2.921e-05	4128.86325864
2.921e-05	4128.86325864
2.921e-05	4128.86325864
2.921e-05	4128.86325864
2.921e-05	4128.86325864
2.921e-05	4128.86325864
2.921e-05	4128.86325864
2.917e-05	4134.52505262
2.917e-05	4134.52505262
2.917e-05	4134.52505262
2.917e-05	4134.52505262
2.917e-05	4134.52505262
2.917e-05	4134.52505262
2.916e-05	1710.3909465
2.916e-05	1710.3909465
2.916e-05	1710.3909465
2.916e-05	1710.3909465
2.916e-05	1710.3909465
2.916e-05	1710.3909465
2.916e-05	1710.3909465
2.916e-05	1710.3909465
2.916e-05	1710.3909465
2.92e-05	1114.70879607
2.92e-05	1114.70879607
2.92e-05	1114.70879607
2.905e-05	30875.7819425
2.905e-05	30875.7819425
2.905e-05	30875.7819425
2.908e-05	4147.321038
2.908e-05	4147.321038
2.908e-05	4147.321038
2.908e-05	4147.321038
2.908e-05	4147.321038
2.908e-05	4147.321038
2.908e-05	4147.321038
2.908e-05	4147.321038
2.908e-05	4147.321038
2.908e-05	4147.321038
2.908e-05	4147.321038
2.908e-05	4147.321038
2.906e-05	4150.17535392
2.906e-05	4150.17535392
2.906e-05	4150.17535392
2.91e-05	33801.3710406
2.91e-05	33801.3710406
2.91e-05	33801.3710406
2.91e-05	33801.3710406
2.91e-05	33801.3710406
2.91e-05	33801.3710406
2.91e-05	33801.3710406
2.91e-05	33801.3710406
2.91e-05	33801.3710406
2.91e-05	33801.3710406
2.91e-05	33801.3710406
2.91e-05	33801.3710406
2.91e-05	33801.3710406
2.91e-05	33801.3710406
2.91e-05	33801.3710406
2.91e-05	37945.8416861
2.91e-05	37945.8416861
2.91e-05	37945.8416861
2.914e-05	46.08422615
2.914e-05	46.08422615
2.914e-05	46.08422615
2.914e-05	46.08422615
2.914e-05	46.08422615
2.914e-05	46.08422615
2.914e-05	46.08422615
2.914e-05	46.08422615
2.914e-05	46.08422615
2.916e-05	200.0
2.916e-05	200.0
2.916e-05	200.0
2.914e-05	46.08422615
2.914e-05	46.08422615
2.914e-05	46.08422615
2.914e-05	46.08422615
2.914e-05	46.08422615
2.914e-05	46.08422615
2.914e-05	46.08422615
2.914e-05	46.08422615
2.914e-05	46.08422615
2.914e-05	46.08422615
2.914e-05	46.08422615
2.914e-05	46.08422615
2.914e-05	46.08422615
2.914e-05	46.08422615
2.914e-05	46.08422615
2.914e-05	46.08422615
2.914e-05	46.08422615
2.914e-05	46.08422615
2.916e-05	200.0
2.916e-05	200.0
2.916e-05	200.0
2.919e-05	24848.2117596
2.919e-05	24848.2117596
2.919e-05	24848.2117596
2.916e-05	200.0
2.916e-05	200.0
2.916e-05	200.0
2.916e-05	200.0
2.916e-05	200.0
2.916e-05	200.0
2.916e-05	200.0
2.916e-05	200.0
2.916e-05	200.0
2.916e-05	200.0
2.916e-05	200.0
2.916e-05	200.0
2.916e-05	200.0
2.916e-05	200.0
2.916e-05	200.0
2.916e-05	200.0
2.916e-05	200.0
2.916e-05	200.0
2.916e-05	200.0
2.916e-05	200.0
2.916e-05	200.0
2.916e-05	200.0
2.916e-05	200.0
2.916e-05	200.0
2.916e-05	200.0
2.916e-05	200.0
2.916e-05	200.0
2.916e-05	200.0
2.916e-05	200.0
2.916e-05	200.0
2.916e-05	200.0
2.916e-05	200.0
2.916e-05	200.0
2.919e-05	24677.3484502
2.919e-05	24677.3484502
2.919e-05	24677.3484502
2.912e-05	5012.51737157
2.912e-05	5012.51737157
2.912e-05	5012.51737157
2.919e-05	24677.3484502
2.919e-05	24677.3484502
2.919e-05	24677.3484502
2.919e-05	24677.3484502
2.919e-05	24677.3484502
2.919e-05	24677.3484502
2.916e-05	200.0
2.916e-05	200.0
2.916e-05	200.0
2.923e-05	4126.0381726
2.923e-05	4126.0381726
2.923e-05	4126.0381726
2.922e-05	4127.4502322
2.922e-05	4127.4502322
2.922e-05	4127.4502322
2.92e-05	4130.27725291
2.92e-05	4130.27725291
2.92e-05	4130.27725291
2.92e-05	45217.379
2.92e-05	45217.379
2.92e-05	45217.379
2.923e-05	10857.624
2.923e-05	10857.624
2.923e-05	10857.624
2.927e-05	4120.39958268
2.927e-05	4120.39958268
2.927e-05	4120.39958268
2.943e-05	455.25169445
2.943e-05	455.25169445
2.943e-05	455.25169445
2.923e-05	4126.0381726
2.923e-05	4126.0381726
2.923e-05	4126.0381726
2.919e-05	24677.3484502
2.919e-05	24677.3484502
2.919e-05	24677.3484502
2.922e-05	99761.277
2.922e-05	99761.277
2.922e-05	99761.277
2.919e-05	24677.3484502
2.919e-05	24677.3484502
2.919e-05	24677.3484502
2.92e-05	74146.389
2.92e-05	74146.389
2.92e-05	74146.389
2.922e-05	18478.322
2.922e-05	18478.322
2.922e-05	18478.322
2.927e-05	4516.32101694
2.927e-05	4516.32101694
2.927e-05	4516.32101694
2.92e-05	4130.27725291
2.92e-05	4130.27725291
2.92e-05	4130.27725291
2.919e-05	24677.3484502
2.919e-05	24677.3484502
2.919e-05	24677.3484502
2.92e-05	4130.27725291
2.92e-05	4130.27725291
2.92e-05	4130.27725291
2.92e-05	21561.6041682
2.92e-05	21561.6041682
2.92e-05	21561.6041682
2.92e-05	21561.6041682
2.92e-05	21561.6041682
2.92e-05	21561.6041682
2.922e-05	111348.767
2.922e-05	111348.767
2.922e-05	111348.767
2.927e-05	20000.0
2.927e-05	20000.0
2.927e-05	20000.0
2.955e-05	7423.67889086
2.955e-05	7423.67889086
2.955e-05	7423.67889086
2.932e-05	111869.272
2.932e-05	111869.272
2.932e-05	111869.272
2.953e-05	29616.2598945
2.953e-05	29616.2598945
2.953e-05	29616.2598945
2.955e-05	7423.67889086
2.955e-05	7423.67889086
2.955e-05	7423.67889086
2.967e-05	4074.01481329
2.967e-05	4074.01481329
2.967e-05	4074.01481329
2.955e-05	77.13527411
2.955e-05	77.13527411
2.955e-05	77.13527411
2.961e-05	19.33824935
2.961e-05	19.33824935
2.961e-05	19.33824935
2.955e-05	77.13527411
2.955e-05	77.13527411
2.955e-05	77.13527411
2.954e-05	8283.36906079
2.954e-05	8283.36906079
2.954e-05	8283.36906079
2.955e-05	77.13527411
2.955e-05	77.13527411
2.955e-05	77.13527411
2.976e-05	24514.357
2.976e-05	24514.357
2.976e-05	24514.357
2.983e-05	131577.035
2.983e-05	131577.035
2.983e-05	131577.035
2.974e-05	4024.20216852
2.974e-05	4024.20216852
2.974e-05	4024.20216852
2.98e-05	4009.41960874
2.98e-05	4009.41960874
2.98e-05	4009.41960874
2.993e-05	28422.403727
2.993e-05	28422.403727
2.993e-05	28422.403727
2.994e-05	3974.8040066
2.994e-05	3974.8040066
2.994e-05	3974.8040066
3.014e-05	23.74804796
3.014e-05	23.74804796
3.014e-05	23.74804796
3.025e-05	105990.646
3.025e-05	105990.646
3.025e-05	105990.646
3.016e-05	3917.25487365
3.016e-05	3917.25487365
3.016e-05	3917.25487365
3.037e-05	13103.8578732
3.037e-05	13103.8578732
3.037e-05	13103.8578732
3.017e-05	16943.6169786
3.017e-05	16943.6169786
3.017e-05	16943.6169786
3.038e-05	6360.65791115
3.038e-05	6360.65791115
3.038e-05	6360.65791115
3.042e-05	126203.732
3.042e-05	126203.732
3.042e-05	126203.732
3.058e-05	46592.8358162
3.058e-05	46592.8358162
3.058e-05	46592.8358162
2.984e-05	128959.272
2.984e-05	128959.272
2.984e-05	128959.272
2.99e-05	3905.0736661
2.99e-05	3905.0736661
2.99e-05	3905.0736661
3.001e-05	3890.75983393
3.001e-05	3890.75983393
3.001e-05	3890.75983393
2.995e-05	92185.037
2.995e-05	92185.037
2.995e-05	92185.037
3.015e-05	3872.69328744
3.015e-05	3872.69328744
3.015e-05	3872.69328744
3.012e-05	3876.55055167
3.012e-05	3876.55055167
3.012e-05	3876.55055167
3.009e-05	3880.41550735
3.009e-05	3880.41550735
3.009e-05	3880.41550735
3.015e-05	6641.91542289
3.015e-05	6641.91542289
3.015e-05	6641.91542289
2.995e-05	33305.509182
2.995e-05	33305.509182
2.995e-05	33305.509182
3.002e-05	11269.1455696
3.002e-05	11269.1455696
3.002e-05	11269.1455696
3.002e-05	11269.1455696
3.002e-05	11269.1455696
3.002e-05	11269.1455696
3.002e-05	11269.1455696
3.002e-05	11269.1455696
3.002e-05	11269.1455696
2.98e-05	33.44938842
2.98e-05	33.44938842
2.98e-05	33.44938842
2.971e-05	28617.7975698
2.971e-05	28617.7975698
2.971e-05	28617.7975698
2.972e-05	6712.65141319
2.972e-05	6712.65141319
2.972e-05	6712.65141319
2.972e-05	6812.65141319
2.972e-05	6812.65141319
2.972e-05	6812.65141319
2.972e-05	6712.65141319
2.972e-05	6712.65141319
2.972e-05	6712.65141319
2.972e-05	6712.65141319
2.972e-05	6712.65141319
2.972e-05	6712.65141319
2.971e-05	28617.7975698
2.971e-05	28617.7975698
2.971e-05	28617.7975698
2.975e-05	64584.2959412
2.975e-05	64584.2959412
2.975e-05	64584.2959412
2.975e-05	64584.2959412
2.975e-05	64584.2959412
2.975e-05	64584.2959412
2.975e-05	64584.2959412
2.975e-05	64584.2959412
2.975e-05	64584.2959412
2.972e-05	6712.65141319
2.972e-05	6712.65141319
2.972e-05	6712.65141319
2.971e-05	28617.7975698
2.971e-05	28617.7975698
2.971e-05	28617.7975698
2.955e-05	45722.4342741
2.955e-05	45722.4342741
2.955e-05	45722.4342741
2.955e-05	45722.4342741
2.955e-05	45722.4342741
2.955e-05	45722.4342741
2.955e-05	45722.4342741
2.955e-05	45722.4342741
2.955e-05	45722.4342741
2.972e-05	712.65141319
2.972e-05	712.65141319
2.972e-05	712.65141319
2.972e-05	712.65141319
2.972e-05	712.65141319
2.972e-05	712.65141319
2.972e-05	712.65141319
2.972e-05	712.65141319
2.972e-05	712.65141319
2.972e-05	712.65141319
2.972e-05	712.65141319
2.972e-05	712.65141319
2.986e-05	57520.678
2.986e-05	57520.678
2.986e-05	57520.678
2.973e-05	16177.5214373
2.973e-05	16177.5214373
2.973e-05	16177.5214373
2.982e-05	128821.495
2.982e-05	128821.495
2.982e-05	128821.495
2.98e-05	30394.215297
2.98e-05	30394.215297
2.98e-05	30394.215297
2.998e-05	8318.04536358
2.998e-05	8318.04536358
2.998e-05	8318.04536358
2.981e-05	3916.8635564
2.981e-05	3916.8635564
2.981e-05	3916.8635564
3.006e-05	3884.28817752
3.006e-05	3884.28817752
3.006e-05	3884.28817752
3.004e-05	31401.88
3.004e-05	31401.88
3.004e-05	31401.88
3.007e-05	3882.99642888
3.007e-05	3882.99642888
3.007e-05	3882.99642888
3.021e-05	40741.5898399
3.021e-05	40741.5898399
3.021e-05	40741.5898399
3.021e-05	8828.62550025
3.021e-05	8828.62550025
3.021e-05	8828.62550025
3.023e-05	30360.8038894
3.023e-05	30360.8038894
3.023e-05	30360.8038894
3.023e-05	398.92443682
3.023e-05	398.92443682
3.023e-05	398.92443682
3.024e-05	3861.16741456
3.024e-05	3861.16741456
3.024e-05	3861.16741456
3.024e-05	3861.16741456
3.024e-05	3861.16741456
3.024e-05	3861.16741456
3.006e-05	3884.28817752
3.006e-05	3884.28817752
3.006e-05	3884.28817752
3.013e-05	3875.26394345
3.013e-05	3875.26394345
3.013e-05	3875.26394345
3.016e-05	3871.40923794
3.016e-05	3871.40923794
3.016e-05	3871.40923794
3.004e-05	3886.87425487
3.004e-05	3886.87425487
3.004e-05	3886.87425487
3.001e-05	107066.3
3.001e-05	107066.3
3.001e-05	107066.3
3.022e-05	3863.72278677
3.022e-05	3863.72278677
3.022e-05	3863.72278677
2.999e-05	4444.37072941
2.999e-05	4444.37072941
2.999e-05	4444.37072941
3.02e-05	23.70086641
3.02e-05	23.70086641
3.02e-05	23.70086641
3.016e-05	4143.60266268
3.016e-05	4143.60266268
3.016e-05	4143.60266268
2.999e-05	20643.4119824
2.999e-05	20643.4119824
2.999e-05	20643.4119824
3.022e-05	137225.892
3.022e-05	137225.892
3.022e-05	137225.892
3.002e-05	4178.8327682
3.002e-05	4178.8327682
3.002e-05	4178.8327682
3.021e-05	3865.00174168
3.021e-05	3865.00174168
3.021e-05	3865.00174168
3.03e-05	795.37953796
3.03e-05	795.37953796
3.03e-05	795.37953796
3.001e-05	126479.286
3.001e-05	126479.286
3.001e-05	126479.286
3.001e-05	3890.75983393
3.001e-05	3890.75983393
3.001e-05	3890.75983393
3.027e-05	283.4933226
3.027e-05	283.4933226
3.027e-05	283.4933226
3.011e-05	3877.83801449
3.011e-05	3877.83801449
3.011e-05	3877.83801449
3.027e-05	600.50521556
3.027e-05	600.50521556
3.027e-05	600.50521556
3.008e-05	3881.7055391
3.008e-05	3881.7055391
3.008e-05	3881.7055391
3.01e-05	32371.722
3.01e-05	32371.722
3.01e-05	32371.722
3.006e-05	73800.0
3.006e-05	73800.0
3.006e-05	73800.0
3.008e-05	133505.913
3.008e-05	133505.913
3.008e-05	133505.913
3.007e-05	1612.9032258
3.007e-05	1612.9032258
3.007e-05	1612.9032258
3.009e-05	1611.83117315
3.009e-05	1611.83117315
3.009e-05	1611.83117315
3.006e-05	1613.4397871
3.006e-05	1613.4397871
3.006e-05	1613.4397871
3.009e-05	1262.87803257
3.009e-05	1262.87803257
3.009e-05	1262.87803257
3.001e-05	3890.75983393
3.001e-05	3890.75983393
3.001e-05	3890.75983393
3.003e-05	1265.4012654
3.003e-05	1265.4012654
3.003e-05	1265.4012654
3.001e-05	3890.75983393
3.001e-05	3890.75983393
3.001e-05	3890.75983393
3.001e-05	3890.75983393
3.001e-05	3890.75983393
3.001e-05	3890.75983393
2.999e-05	4744.37072941
2.999e-05	4744.37072941
2.999e-05	4744.37072941
2.999e-05	4744.37072941
2.999e-05	4744.37072941
2.999e-05	4744.37072941
2.991e-05	16.91514544
2.991e-05	16.91514544
2.991e-05	16.91514544
2.998e-05	1.5e-07
2.998e-05	1.5e-07
2.998e-05	1.5e-07
2.988e-05	970.54886212
2.988e-05	970.54886212
2.988e-05	970.54886212
2.986e-05	6681.17883456
2.986e-05	6681.17883456
2.986e-05	6681.17883456
2.975e-05	4216.75830929
2.975e-05	4216.75830929
2.975e-05	4216.75830929
2.971e-05	28617.7975698
2.971e-05	28617.7975698
2.971e-05	28617.7975698
2.95e-05	23669.4915254
2.95e-05	23669.4915254
2.95e-05	23669.4915254
2.95e-05	23669.4915254
2.95e-05	23669.4915254
2.95e-05	23669.4915254
2.953e-05	6755.8415171
2.953e-05	6755.8415171
2.953e-05	6755.8415171
2.95e-05	23669.4915254
2.95e-05	23669.4915254
2.95e-05	23669.4915254
2.95e-05	23669.4915254
2.95e-05	23669.4915254
2.95e-05	23669.4915254
2.95e-05	23669.4915254
2.95e-05	23669.4915254
2.95e-05	23669.4915254
2.95e-05	23669.4915254
2.95e-05	23669.4915254
2.95e-05	23669.4915254
2.95e-05	23669.4915254
2.95e-05	23669.4915254
2.95e-05	23669.4915254
2.931e-05	8806.5506653
2.931e-05	8806.5506653
2.931e-05	8806.5506653
2.929e-05	7224.8356265
2.929e-05	7224.8356265
2.929e-05	7224.8356265
2.924e-05	6822.84541724
2.924e-05	6822.84541724
2.924e-05	6822.84541724
2.925e-05	17010.5729877
2.925e-05	17010.5729877
2.925e-05	17010.5729877
2.925e-05	17010.5729877
2.925e-05	17010.5729877
2.925e-05	17010.5729877
2.93e-05	121222.048976
2.93e-05	121222.048976
2.93e-05	121222.048976
2.948e-05	1000.0
2.948e-05	1000.0
2.948e-05	1000.0
2.933e-05	20000.0
2.933e-05	20000.0
2.933e-05	20000.0
2.962e-05	3941.9886096
2.962e-05	3941.9886096
2.962e-05	3941.9886096
2.968e-05	3934.01962993
2.968e-05	3934.01962993
2.968e-05	3934.01962993
2.96e-05	1500.0
2.96e-05	1500.0
2.96e-05	1500.0
2.97e-05	119592.583
2.97e-05	119592.583
2.97e-05	119592.583
2.971e-05	18551.2820513
2.971e-05	18551.2820513
2.971e-05	18551.2820513
2.977e-05	35946.6943962
2.977e-05	35946.6943962
2.977e-05	35946.6943962
2.977e-05	35946.6943962
2.977e-05	35946.6943962
2.977e-05	35946.6943962
2.977e-05	35946.6943962
2.977e-05	35946.6943962
2.977e-05	35946.6943962
2.977e-05	35946.6943962
2.977e-05	35946.6943962
2.977e-05	35946.6943962
2.977e-05	35946.6943962
2.977e-05	35946.6943962
2.977e-05	35946.6943962
2.977e-05	35946.6943962
2.977e-05	35946.6943962
2.977e-05	35946.6943962
2.991e-05	3903.76805805
2.991e-05	3903.76805805
2.991e-05	3903.76805805
2.99e-05	3905.0736661
2.99e-05	3905.0736661
2.99e-05	3905.0736661
3.001e-05	1500.0
3.001e-05	1500.0
3.001e-05	1500.0
2.993e-05	127168.171
2.993e-05	127168.171
2.993e-05	127168.171
2.985e-05	23.97876602
2.985e-05	23.97876602
2.985e-05	23.97876602
3e-05	1000.0
3e-05	1000.0
3e-05	1000.0
3.001e-05	3890.75983393
3.001e-05	3890.75983393
3.001e-05	3890.75983393
2.979e-05	3919.49320632
2.979e-05	3919.49320632
2.979e-05	3919.49320632
2.982e-05	15953.8665149
2.982e-05	15953.8665149
2.982e-05	15953.8665149
2.978e-05	71772.1316538
2.978e-05	71772.1316538
2.978e-05	71772.1316538
2.978e-05	71772.1316538
2.978e-05	71772.1316538
2.978e-05	71772.1316538
2.99e-05	3905.0736661
2.99e-05	3905.0736661
2.99e-05	3905.0736661
3.005e-05	23.81917357
3.005e-05	23.81917357
3.005e-05	23.81917357
3.007e-05	3882.99642888
3.007e-05	3882.99642888
3.007e-05	3882.99642888
3.006e-05	331.83632735
3.006e-05	331.83632735
3.006e-05	331.83632735
3.007e-05	3882.99642888
3.007e-05	3882.99642888
3.007e-05	3882.99642888
3.013e-05	135159.237
3.013e-05	135159.237
3.013e-05	135159.237
3.015e-05	3872.69328744
3.015e-05	3872.69328744
3.015e-05	3872.69328744
3.007e-05	15827.7905201
3.007e-05	15827.7905201
3.007e-05	15827.7905201
3.013e-05	15817.3740735
3.013e-05	15817.3740735
3.013e-05	15817.3740735
3.031e-05	123448.192
3.031e-05	123448.192
3.031e-05	123448.192
3.04e-05	3840.8454808
3.04e-05	3840.8454808
3.04e-05	3840.8454808
3.043e-05	72175.141
3.043e-05	72175.141
3.043e-05	72175.141
3.019e-05	458.19447168
3.019e-05	458.19447168
3.019e-05	458.19447168
3.006e-05	331.83632735
3.006e-05	331.83632735
3.006e-05	331.83632735
2.988e-05	8182.61943472
2.988e-05	8182.61943472
2.988e-05	8182.61943472
2.987e-05	8185.35884532
2.987e-05	8185.35884532
2.987e-05	8185.35884532
2.979e-05	4287.84713304
2.979e-05	4287.84713304
2.979e-05	4287.84713304
3.014e-05	29865.2694611
3.014e-05	29865.2694611
3.014e-05	29865.2694611
3.015e-05	57369.235
3.015e-05	57369.235
3.015e-05	57369.235
3.028e-05	16471.2681638
3.028e-05	16471.2681638
3.028e-05	16471.2681638
3.028e-05	16471.2681638
3.028e-05	16471.2681638
3.028e-05	16471.2681638
3.015e-05	26702.272
3.015e-05	26702.272
3.015e-05	26702.272
3.016e-05	130474.819
3.016e-05	130474.819
3.016e-05	130474.819
3.015e-05	3872.69328744
3.015e-05	3872.69328744
3.015e-05	3872.69328744
3.015e-05	3872.69328744
3.015e-05	3872.69328744
3.015e-05	3872.69328744
3.015e-05	3872.69328744
3.015e-05	3872.69328744
3.015e-05	3872.69328744
3.015e-05	3872.69328744
3.015e-05	3872.69328744
3.015e-05	3872.69328744
3.015e-05	3872.69328744
3.015e-05	3872.69328744
3.015e-05	3872.69328744
3.015e-05	3872.69328744
3.015e-05	3872.69328744
3.015e-05	3872.69328744
3.015e-05	3872.69328744
3.015e-05	3872.69328744
3.015e-05	3872.69328744
3.028e-05	16471.2681638
3.028e-05	16471.2681638
3.028e-05	16471.2681638
3.028e-05	16471.2681638
3.028e-05	16471.2681638
3.028e-05	16471.2681638
3.028e-05	16471.2681638
3.028e-05	16471.2681638
3.028e-05	16471.2681638
3.021e-05	118533.645
3.021e-05	118533.645
3.021e-05	118533.645
3.021e-05	118533.645
3.021e-05	118533.645
3.021e-05	118533.645
3.021e-05	118533.645
3.021e-05	118533.645
3.021e-05	118533.645
3.021e-05	118533.645
3.021e-05	118533.645
3.021e-05	118533.645
3.015e-05	3872.69328744
3.015e-05	3872.69328744
3.015e-05	3872.69328744
3.016e-05	132541.474
3.016e-05	132541.474
3.016e-05	132541.474
3.028e-05	16432.2681638
3.028e-05	16432.2681638
3.028e-05	16432.2681638
3.015e-05	133092.582
3.015e-05	133092.582
3.015e-05	133092.582
3.016e-05	122759.307
3.016e-05	122759.307
3.016e-05	122759.307
3.006e-05	135021.46
3.006e-05	135021.46
3.006e-05	135021.46
3.028e-05	16432.2681638
3.028e-05	16432.2681638
3.028e-05	16432.2681638
3.014e-05	83208.494
3.014e-05	83208.494
3.014e-05	83208.494
3.008e-05	1700.0
3.008e-05	1700.0
3.008e-05	1700.0
2.985e-05	3911.61482802
2.985e-05	3911.61482802
2.985e-05	3911.61482802
2.988e-05	1700.0
2.988e-05	1700.0
2.988e-05	1700.0
2.989e-05	107054.125
2.989e-05	107054.125
2.989e-05	107054.125
3.012e-05	1948.55200199
3.012e-05	1948.55200199
3.012e-05	1948.55200199
3.014e-05	23.74804797
3.014e-05	23.74804797
3.014e-05	23.74804797
2.978e-05	75023.6952661
2.978e-05	75023.6952661
2.978e-05	75023.6952661
2.978e-05	7864.52803979
2.978e-05	7864.52803979
2.978e-05	7864.52803979
2.985e-05	98185.606
2.985e-05	98185.606
2.985e-05	98185.606
2.988e-05	3907.68750389
2.988e-05	3907.68750389
2.988e-05	3907.68750389
2.989e-05	1334.89461358
2.989e-05	1334.89461358
2.989e-05	1334.89461358
2.989e-05	1334.89461358
2.989e-05	1334.89461358
2.989e-05	1334.89461358
2.983e-05	3914.23743266
2.983e-05	3914.23743266
2.983e-05	3914.23743266
2.984e-05	39768.653
2.984e-05	39768.653
2.984e-05	39768.653
2.978e-05	7864.52803979
2.978e-05	7864.52803979
2.978e-05	7864.52803979
2.978e-05	7864.52803979
2.978e-05	7864.52803979
2.978e-05	7864.52803979
2.977e-05	35946.6943962
2.977e-05	35946.6943962
2.977e-05	35946.6943962
2.978e-05	1000.0
2.978e-05	1000.0
2.978e-05	1000.0
2.984e-05	23.9868018
2.984e-05	23.9868018
2.984e-05	23.9868018
2.985e-05	23.97876603
2.985e-05	23.97876603
2.985e-05	23.97876603
2.997e-05	3919.83546153
2.997e-05	3919.83546153
2.997e-05	3919.83546153
2.986e-05	8203.89200802
2.986e-05	8203.89200802
2.986e-05	8203.89200802
2.992e-05	122897.084
2.992e-05	122897.084
2.992e-05	122897.084
2.978e-05	1000.0
2.978e-05	1000.0
2.978e-05	1000.0
2.983e-05	3914.23743266
2.983e-05	3914.23743266
2.983e-05	3914.23743266
3e-05	16.85125543
3e-05	16.85125543
3e-05	16.85125543
3.001e-05	1421.29623459
3.001e-05	1421.29623459
3.001e-05	1421.29623459
2.987e-05	3908.9957354
2.987e-05	3908.9957354
2.987e-05	3908.9957354
3e-05	16.85125543
3e-05	16.85125543
3e-05	16.85125543
2.99e-05	134332.575
2.99e-05	134332.575
2.99e-05	134332.575
3e-05	16.85125543
3e-05	16.85125543
3e-05	16.85125543
3.001e-05	1421.29623459
3.001e-05	1421.29623459
3.001e-05	1421.29623459
3e-05	16.85125543
3e-05	16.85125543
3e-05	16.85125543
3.001e-05	1421.29623459
3.001e-05	1421.29623459
3.001e-05	1421.29623459
3.001e-05	1421.29623459
3.001e-05	1421.29623459
3.001e-05	1421.29623459
3.001e-05	1421.29623459
3.001e-05	1421.29623459
3.001e-05	1421.29623459
3.001e-05	1421.29623459
3.001e-05	1421.29623459
3.001e-05	1421.29623459
3.001e-05	1421.29623459
3.001e-05	1421.29623459
3.001e-05	1421.29623459
3.005e-05	127168.171
3.005e-05	127168.171
3.005e-05	127168.171
3.01e-05	13524.5982554
3.01e-05	13524.5982554
3.01e-05	13524.5982554
3.01e-05	13524.5982554
3.01e-05	13524.5982554
3.01e-05	13524.5982554
3.02e-05	9668.98120282
3.02e-05	9668.98120282
3.02e-05	9668.98120282
3.02e-05	9668.98120282
3.02e-05	9668.98120282
3.02e-05	9668.98120282
3.014e-05	37294.354
3.014e-05	37294.354
3.014e-05	37294.354
3.02e-05	9668.98120282
3.02e-05	9668.98120282
3.02e-05	9668.98120282
3.011e-05	3877.83801449
3.011e-05	3877.83801449
3.011e-05	3877.83801449
