0.01828995	27.65500491
0.01828995	27.65500491
0.01828995	27.65500491
0.01828905	431.11668982
0.01828905	431.11668982
0.01828905	431.11668982
0.01828805	738.51858717
0.01828805	738.51858717
0.01828805	738.51858717
0.01827703	23.75541358
0.01827703	23.75541358
0.01827703	23.75541358
0.0182762	27.77378143
0.0182762	27.77378143
0.0182762	27.77378143
0.01827559	75.524
0.01827559	75.524
0.01827559	75.524
0.01827465	72.339
0.01827465	72.339
0.01827465	72.339
0.01827376	27.76235424
0.01827376	27.76235424
0.01827376	27.76235424
0.01827291	1142.61158717
0.01827291	1142.61158717
0.01827291	1142.61158717
0.01827199	1112.46158717
0.01827199	1112.46158717
0.01827199	1112.46158717
0.01826124	75.758
0.01826124	75.758
0.01826124	75.758
0.01826038	74.98
0.01826038	74.98
0.01826038	74.98
0.01825958	736.42158717
0.01825958	736.42158717
0.01825958	736.42158717
0.01825859	91.405
0.01825859	91.405
0.01825859	91.405
0.0182577	74.903
0.0182577	74.903
0.0182577	74.903
0.0182568	27.73237371
0.0182568	27.73237371
0.0182568	27.73237371
0.01825605	82.25654524
0.01825605	82.25654524
0.01825605	82.25654524
0.01825523	6.18945621
0.01825523	6.18945621
0.01825523	6.18945621
0.0182543	74.126
0.0182543	74.126
0.0182543	74.126
0.01825343	70.94
0.01825343	70.94
0.01825343	70.94
0.0182526	27.67688017
0.0182526	27.67688017
0.0182526	27.67688017
0.01825167	27.67661973
0.01825167	27.67661973
0.01825167	27.67661973
0.01825069	6.19099588
0.01825069	6.19099588
0.01825069	6.19099588
0.01824975	70.629
0.01824975	70.629
0.01824975	70.629
0.01824884	69.93
0.01824884	69.93
0.01824884	69.93
0.01824792	88.09391636
0.01824792	88.09391636
0.01824792	88.09391636
0.01824696	72.96
0.01824696	72.96
0.01824696	72.96
0.0181998	94.71211805
0.0181998	94.71211805
0.0181998	94.71211805
0.0181994	70.862
0.0181994	70.862
0.0181994	70.862
0.01819865	77.156
0.01819865	77.156
0.01819865	77.156
0.01819813	70.396
0.01819813	70.396
0.01819813	70.396
0.01819749	71.096
0.01819749	71.096
0.01819749	71.096
0.01819706	165.065
0.01819706	165.065
0.01819706	165.065
0.01819672	70.318
0.01819672	70.318
0.01819672	70.318
0.01819595	131.039
0.01819595	131.039
0.01819595	131.039
0.0181956	540.809
0.0181956	540.809
0.0181956	540.809
0.01819522	73.271
0.01819522	73.271
0.01819522	73.271
0.01819451	71.95
0.01819451	71.95
0.01819451	71.95
0.01819364	0.63799833
0.01819364	0.63799833
0.01819364	0.63799833
0.01819289	618.679
0.01819289	618.679
0.01819289	618.679
0.01819201	6.22303411
0.01819201	6.22303411
0.01819201	6.22303411
0.01819109	448.69
0.01819109	448.69
0.01819109	448.69
0.01819031	75.602
0.01819031	75.602
0.01819031	75.602
0.01818948	608.496
0.01818948	608.496
0.01818948	608.496
0.01818845	20.24327225
0.01818845	20.24327225
0.01818845	20.24327225
0.01818754	72.339
0.01818754	72.339
0.01818754	72.339
0.01818673	74.825
0.01818673	74.825
0.01818673	74.825
0.01818612	91.738
0.01818612	91.738
0.01818612	91.738
0.01818539	95.581
0.01818539	95.581
0.01818539	95.581
0.01818473	73.97
0.01818473	73.97
0.01818473	73.97
0.01818398	5.38070298
0.01818398	5.38070298
0.01818398	5.38070298
0.01818295	211.28
0.01818295	211.28
0.01818295	211.28
0.01818194	75.058
0.01818194	75.058
0.01818194	75.058
0.018181	69.775
0.018181	69.775
0.018181	69.775
0.0181807	76.768
0.0181807	76.768
0.0181807	76.768
0.01818036	71.484
0.01818036	71.484
0.01818036	71.484
0.01818004	6.20488419
0.01818004	6.20488419
0.01818004	6.20488419
0.01817974	69.386
0.01817974	69.386
0.01817974	69.386
0.01817938	75.136
0.01817938	75.136
0.01817938	75.136
0.01817906	70.163
0.01817906	70.163
0.01817906	70.163
0.01817869	118.179
0.01817869	118.179
0.01817869	118.179
0.01817831	93.224
0.01817831	93.224
0.01817831	93.224
0.01817796	162.441
0.01817796	162.441
0.01817796	162.441
0.01817766	70.862
0.01817766	70.862
0.01817766	70.862
0.01817732	71.795
0.01817732	71.795
0.01817732	71.795
0.01817706	72.261
0.01817706	72.261
0.01817706	72.261
0.01817669	92.09
0.01817669	92.09
0.01817669	92.09
0.01817637	111.886
0.01817637	111.886
0.01817637	111.886
0.01817606	83.03965827
0.01817606	83.03965827
0.01817606	83.03965827
0.0181757	71.018
0.0181757	71.018
0.0181757	71.018
0.01817533	6.19490707
0.01817533	6.19490707
0.01817533	6.19490707
0.01817498	72.65
0.01817498	72.65
0.01817498	72.65
0.01817459	116.703
0.01817459	116.703
0.01817459	116.703
0.01817379	0.8
0.01817379	0.8
0.01817379	0.8
0.01817324	0.8
0.01817324	0.8
0.01817324	0.8
0.0181726	70.707
0.0181726	70.707
0.0181726	70.707
0.01817212	116.936
0.01817212	116.936
0.01817212	116.936
0.01817141	75.991
0.01817141	75.991
0.01817141	75.991
0.01817071	27.73581964
0.01817071	27.73581964
0.01817071	27.73581964
0.01817003	168.105
0.01817003	168.105
0.01817003	168.105
0.01816972	448.69
0.01816972	448.69
0.01816972	448.69
0.01816894	47.07226718
0.01816894	47.07226718
0.01816894	47.07226718
0.01816804	27.87068004
0.01816804	27.87068004
0.01816804	27.87068004
0.01816731	6.37869547
0.01816731	6.37869547
0.01816731	6.37869547
0.01815648	74.10374204
0.01815648	74.10374204
0.01815648	74.10374204
0.01815555	27.87069558
0.01815555	27.87069558
0.01815555	27.87069558
0.01815481	73.426
0.01815481	73.426
0.01815481	73.426
0.01815397	70.94
0.01815397	70.94
0.01815397	70.94
0.01815297	75.447
0.01815297	75.447
0.01815297	75.447
0.01815222	890.21884
0.01815222	890.21884
0.01815222	890.21884
0.01814142	155.263
0.01814142	155.263
0.01814142	155.263
0.01814062	27.85608432
0.01814062	27.85608432
0.01814062	27.85608432
0.01813975	110.487
0.01813975	110.487
0.01813975	110.487
0.01813893	522.039
0.01813893	522.039
0.01813893	522.039
0.01813808	27.79167361
0.01813808	27.79167361
0.01813808	27.79167361
0.01813739	74.514
0.01813739	74.514
0.01813739	74.514
0.01813705	74.281
0.01813705	74.281
0.01813705	74.281
0.01813668	6.35395951
0.01813668	6.35395951
0.01813668	6.35395951
0.01813631	73.737
0.01813631	73.737
0.01813631	73.737
0.01813597	6.35420826
0.01813597	6.35420826
0.01813597	6.35420826
0.01813564	74.048
0.01813564	74.048
0.01813564	74.048
0.01813522	69.308
0.01813522	69.308
0.01813522	69.308
0.01813488	164.735
0.01813488	164.735
0.01813488	164.735
0.0181345	72.028
0.0181345	72.028
0.0181345	72.028
0.01813405	81.95688103
0.01813405	81.95688103
0.01813405	81.95688103
0.01813316	116.081
0.01813316	116.081
0.01813316	116.081
0.01813217	47.14553992
0.01813217	47.14553992
0.01813217	47.14553992
0.0181312	75.602
0.0181312	75.602
0.0181312	75.602
0.01813027	407.9
0.01813027	407.9
0.01813027	407.9
0.01812932	72.572
0.01812932	72.572
0.01812932	72.572
0.01812837	407.9
0.01812837	407.9
0.01812837	407.9
0.01812763	72.494
0.01812763	72.494
0.01812763	72.494
0.01812667	525.44353388
0.01812667	525.44353388
0.01812667	525.44353388
0.0181257	74.359
0.0181257	74.359
0.0181257	74.359
0.0181248	73.737
0.0181248	73.737
0.0181248	73.737
0.01812393	27.787071
0.01812393	27.787071
0.01812393	27.787071
0.01812298	75.758
0.01812298	75.758
0.01812298	75.758
0.01812204	6.35915816
0.01812204	6.35915816
0.01812204	6.35915816
0.01812108	574.5934911
0.01812108	574.5934911
0.01812108	574.5934911
0.01812018	77.078
0.01812018	77.078
0.01812018	77.078
0.01811914	70.629
0.01811914	70.629
0.01811914	70.629
0.01811824	71.795
0.01811824	71.795
0.01811824	71.795
0.01811724	169.70084297
0.01811724	169.70084297
0.01811724	169.70084297
0.01811624	69.93
0.01811624	69.93
0.01811624	69.93
0.01811532	27.8706645
0.01811532	27.8706645
0.01811532	27.8706645
0.01811449	27.87069558
0.01811449	27.87069558
0.01811449	27.87069558
0.01811358	72.339
0.01811358	72.339
0.01811358	72.339
0.01811268	76.224
0.01811268	76.224
0.01811268	76.224
0.01811178	414.27037204
0.01811178	414.27037204
0.01811178	414.27037204
0.01811082	73.193
0.01811082	73.193
0.01811082	73.193
0.0181098	6.37106854
0.0181098	6.37106854
0.0181098	6.37106854
0.01810892	448.69
0.01810892	448.69
0.01810892	448.69
0.0181078	73.582
0.0181078	73.582
0.0181078	73.582
0.01810678	71.251
0.01810678	71.251
0.01810678	71.251
0.01810572	6.41815263
0.01810572	6.41815263
0.01810572	6.41815263
0.01810481	92.919
0.01810481	92.919
0.01810481	92.919
0.01810446	72.028
0.01810446	72.028
0.01810446	72.028
0.01810413	69.153
0.01810413	69.153
0.01810413	69.153
0.01810378	497.471
0.01810378	497.471
0.01810378	497.471
0.01810343	168.623
0.01810343	168.623
0.01810343	168.623
0.01810303	73.893
0.01810303	73.893
0.01810303	73.893
0.01810273	72.96
0.01810273	72.96
0.01810273	72.96
0.0181024	166.647
0.0181024	166.647
0.0181024	166.647
0.01810204	6.41679223
0.01810204	6.41679223
0.01810204	6.41679223
0.01810166	72.572
0.01810166	72.572
0.01810166	72.572
0.01810128	80.15406165
0.01810128	80.15406165
0.01810128	80.15406165
0.01810093	90.789
0.01810093	90.789
0.01810093	90.789
0.01810056	74.437
0.01810056	74.437
0.01810056	74.437
0.0181002	115.926
0.0181002	115.926
0.0181002	115.926
0.01809982	172.204
0.01809982	172.204
0.01809982	172.204
0.01809943	70.085
0.01809943	70.085
0.01809943	70.085
0.01809912	543.602
0.01809912	543.602
0.01809912	543.602
0.01809877	70.008
0.01809877	70.008
0.01809877	70.008
0.01809841	75.058
0.01809841	75.058
0.01809841	75.058
0.01809804	145.36437609
0.01809804	145.36437609
0.01809804	145.36437609
0.01809773	542.33
0.01809773	542.33
0.01809773	542.33
0.01809739	98.39
0.01809739	98.39
0.01809739	98.39
0.01809705	76.068
0.01809705	76.068
0.01809705	76.068
0.0180967	72.805
0.0180967	72.805
0.0180967	72.805
0.01809631	90.228
0.01809631	90.228
0.01809631	90.228
0.01809593	115.149
0.01809593	115.149
0.01809593	115.149
0.01809555	544.57
0.01809555	544.57
0.01809555	544.57
0.01809515	164.577
0.01809515	164.577
0.01809515	164.577
0.0179	0.03338355
0.0179	0.03338355
0.0179	0.03338355
0.01789999	0.14955433
0.01789999	0.14955433
0.01789999	0.14955433
0.01789999	0.14955433
0.01789999	0.14955433
0.01789999	0.14955433
0.01789998	0.61516475
0.01789998	0.61516475
0.01789998	0.61516475
0.01789998	0.61516475
0.01789998	0.61516475
0.01789998	0.61516475
0.01788888	2.7e-07
0.01788888	2.7e-07
0.01788888	2.7e-07
0.01788888	2.7e-07
0.01788888	2.7e-07
0.01788888	2.7e-07
0.01789999	0.09127167
0.01789999	0.09127167
0.01789999	0.09127167
0.01809178	72.183
0.01809178	72.183
0.01809178	72.183
0.01809138	69.775
0.01809138	69.775
0.01809138	69.775
0.01809104	73.193
0.01809104	73.193
0.01809104	73.193
0.01809067	79.25636096
0.01809067	79.25636096
0.01809067	79.25636096
0.01809031	71.251
0.01809031	71.251
0.01809031	71.251
0.01808994	71.406
0.01808994	71.406
0.01808994	71.406
0.01808963	548.05073186
0.01808963	548.05073186
0.01808963	548.05073186
0.01808928	81.19885669
0.01808928	81.19885669
0.01808928	81.19885669
0.01808897	143.864
0.01808897	143.864
0.01808897	143.864
0.01808863	95.068
0.01808863	95.068
0.01808863	95.068
0.01808827	75.369
0.01808827	75.369
0.01808827	75.369
0.018088	519.242
0.018088	519.242
0.018088	519.242
0.01808769	6.46516983
0.01808769	6.46516983
0.01808769	6.46516983
0.0180874	58.523
0.0180874	58.523
0.0180874	58.523
0.01808707	49.823
0.01808707	49.823
0.01808707	49.823
0.01808677	37.498
0.01808677	37.498
0.01808677	37.498
0.01808656	35.887
0.01808656	35.887
0.01808656	35.887
0.01808635	40.79
0.01808635	40.79
0.01808635	40.79
0.01810717	6.45821449
0.01810717	6.45821449
0.01810717	6.45821449
0.01810717	6.4581868
0.01810717	6.4581868
0.01810717	6.4581868
0.01810719	6.45817966
0.01810719	6.45817966
0.01810719	6.45817966
0.01810715	6.45819393
0.01810715	6.45819393
0.01810715	6.45819393
0.01810719	6.45817966
0.01810719	6.45817966
0.01810719	6.45817966
0.01810715	6.45819393
0.01810715	6.45819393
0.01810715	6.45819393
0.01810719	6.45817966
0.01810719	6.45817966
0.01810719	6.45817966
0.01810715	6.44723613
0.01810715	6.44723613
0.01810715	6.44723613
0.01810719	6.44668294
0.01810719	6.44668294
0.01810719	6.44668294
0.01810721	6.44667582
0.01810721	6.44667582
0.01810721	6.44667582
0.01810717	6.44669728
0.01810717	6.44669728
0.01810717	6.44669728
0.01810719	6.44669016
0.01810719	6.44669016
0.01810719	6.44669016
0.01810715	6.4467044
0.01810715	6.4467044
0.01810715	6.4467044
0.01810717	6.44669728
0.01810717	6.44669728
0.01810717	6.44669728
0.01810721	6.44579048
0.01810721	6.44579048
0.01810721	6.44579048
0.01810723	1.0
0.01810723	1.0
0.01810723	1.0
0.01810723	3.63917309
0.01810723	3.63917309
0.01810723	3.63917309
0.01810723	3.63917309
0.01810723	3.63917309
0.01810723	3.63917309
0.01810723	2.54917309
0.01810723	2.54917309
0.01810723	2.54917309
0.01810723	2.54917309
0.01810723	2.54917309
0.01810723	2.54917309
0.01810723	9e-08
0.01810723	9e-08
0.01810723	9e-08
0.01810723	9e-08
0.01810723	9e-08
0.01810723	9e-08
0.01810723	9e-08
0.01810723	9e-08
0.01810723	9e-08
0.01810725	0.23316239
0.01810725	0.23316239
0.01810725	0.23316239
0.01810725	0.23316239
0.01810725	0.23316239
0.01810725	0.23316239
0.01810725	0.20384495
0.01810725	0.20384495
0.01810725	0.20384495
0.01810725	0.20384495
0.01810725	0.20384495
0.01810725	0.20384495
0.01819999	6.41122953
0.01819999	6.41122953
0.01819999	6.41122953
0.0182	4.99496574
0.0182	4.99496574
0.0182	4.99496574
0.01819998	58.77384
0.01819998	58.77384
0.01819998	58.77384
0.0182	4.99496574
0.0182	4.99496574
0.0182	4.99496574
0.0182	4.99496574
0.0182	4.99496574
0.0182	4.99496574
0.0182	4.99496574
0.0182	4.99496574
0.0182	4.99496574
0.0182	4.99496574
0.0182	4.99496574
0.0182	4.99496574
0.0182	4.99496574
0.0182	4.99496574
0.0182	4.99496574
0.0182	5.99496574
0.0182	5.99496574
0.0182	5.99496574
0.0182	5.99496574
0.0182	5.99496574
0.0182	5.99496574
0.0182	5.99496574
0.0182	5.99496574
0.0182	5.99496574
0.01819999	40.79
0.01819999	40.79
0.01819999	40.79
0.0182	5.99496574
0.0182	5.99496574
0.0182	5.99496574
0.0182	5.99496574
0.0182	5.99496574
0.0182	5.99496574
0.01819986	93.384
0.01819986	93.384
0.01819986	93.384
0.01832545	1.26016
0.01832545	1.26016
0.01832545	1.26016
0.01831507	265.218
0.01831507	265.218
0.01831507	265.218
0.01831472	151.471
0.01831472	151.471
0.01831472	151.471
0.01831435	73.426
0.01831435	73.426
0.01831435	73.426
0.01831396	0.53805211
0.01831396	0.53805211
0.01831396	0.53805211
0.01831328	87.076
0.01831328	87.076
0.01831328	87.076
0.01830265	521.961
0.01830265	521.961
0.01830265	521.961
0.01830179	75.991
0.01830179	75.991
0.01830179	75.991
0.01830088	6.47846874
0.01830088	6.47846874
0.01830088	6.47846874
0.01829047	522.039
0.01829047	522.039
0.01829047	522.039
0.01828991	70.785
0.01828991	70.785
0.01828991	70.785
0.01827905	449.417
0.01827905	449.417
0.01827905	449.417
0.01827867	69.386
0.01827867	69.386
0.01827867	69.386
0.01827815	6.48672456
0.01827815	6.48672456
0.01827815	6.48672456
0.01827721	27.62763691
0.01827721	27.62763691
0.01827721	27.62763691
0.0182763	27.62763691
0.0182763	27.62763691
0.0182763	27.62763691
0.01827542	72.727
0.01827542	72.727
0.01827542	72.727
0.01826447	448.69
0.01826447	448.69
0.01826447	448.69
0.01826354	76.457
0.01826354	76.457
0.01826354	76.457
0.01826244	27.7126684
0.01826244	27.7126684
0.01826244	27.7126684
0.01826152	226.687
0.01826152	226.687
0.01826152	226.687
0.01826058	75.835
0.01826058	75.835
0.01826058	75.835
0.01824965	25.6211966
0.01824965	25.6211966
0.01824965	25.6211966
0.01824916	71.95
0.01824916	71.95
0.01824916	71.95
0.01824865	212.555
0.01824865	212.555
0.01824865	212.555
0.0182477	85.404
0.0182477	85.404
0.0182477	85.404
0.01824672	218.085
0.01824672	218.085
0.01824672	218.085
0.01824577	69.308
0.01824577	69.308
0.01824577	69.308
0.01823483	27.64876556
0.01823483	27.64876556
0.01823483	27.64876556
0.01823392	69.231
0.01823392	69.231
0.01823392	69.231
0.01823284	27.66394066
0.01823284	27.66394066
0.01823284	27.66394066
0.01823186	71.562
0.01823186	71.562
0.01823186	71.562
0.0182309	77.545
0.0182309	77.545
0.0182309	77.545
0.01823004	520.64
0.01823004	520.64
0.01823004	520.64
0.01821897	76.457
0.01821897	76.457
0.01821897	76.457
0.01821799	27.67324976
0.01821799	27.67324976
0.01821799	27.67324976
0.01821699	158.709
0.01821699	158.709
0.01821699	158.709
0.01821603	71.717
0.01821603	71.717
0.01821603	71.717
0.01821497	27.71620161
0.01821497	27.71620161
0.01821497	27.71620161
0.01820424	77.84637745
0.01820424	77.84637745
0.01820424	77.84637745
0.01820383	40.79
0.01820383	40.79
0.01820383	40.79
0.01820302	76.379
0.01820302	76.379
0.01820302	76.379
0.0182021	448.69
0.0182021	448.69
0.0182021	448.69
0.01820122	69.93
0.01820122	69.93
0.01820122	69.93
0.01820025	524.74002947
0.01820025	524.74002947
0.01820025	524.74002947
0.01819959	6.51859737
0.01819959	6.51859737
0.01819959	6.51859737
0.01819889	532.944
0.01819889	532.944
0.01819889	532.944
0.01819785	6.53962983
0.01819785	6.53962983
0.01819785	6.53962983
0.01819688	27.69931178
0.01819688	27.69931178
0.01819688	27.69931178
0.01819589	675.838
0.01819589	675.838
0.01819589	675.838
0.01819488	27.69931178
0.01819488	27.69931178
0.01819488	27.69931178
0.01819413	70.163
0.01819413	70.163
0.01819413	70.163
0.01819327	6.54127613
0.01819327	6.54127613
0.01819327	6.54127613
0.0181924	0.13318351
0.0181924	0.13318351
0.0181924	0.13318351
0.01819204	0.11802301
0.01819204	0.11802301
0.01819204	0.11802301
0.01819169	69.231
0.01819169	69.231
0.01819169	69.231
0.01819131	6.54198091
0.01819131	6.54198091
0.01819131	6.54198091
0.01819095	538.301
0.01819095	538.301
0.01819095	538.301
0.01819028	540.47835134
0.01819028	540.47835134
0.01819028	540.47835134
0.01817995	89.938
0.01817995	89.938
0.01817995	89.938
0.01817957	86.416
0.01817957	86.416
0.01817957	86.416
0.01816924	70.223
0.01816924	70.223
0.01816924	70.223
0.01816891	131.27
0.01816891	131.27
0.01816891	131.27
0.01816862	41.62
0.01816862	41.62
0.01816862	41.62
0.01816829	36.316
0.01816829	36.316
0.01816829	36.316
0.01816791	34.938
0.01816791	34.938
0.01816791	34.938
0.01816757	37.03
0.01816757	37.03
0.01816757	37.03
0.01816722	78.22
0.01816722	78.22
0.01816722	78.22
0.01816685	9.505
0.01816685	9.505
0.01816685	9.505
0.01816649	30.944
0.01816649	30.944
0.01816649	30.944
0.01816613	27.105
0.01816613	27.105
0.01816613	27.105
0.01816578	8.697
0.01816578	8.697
0.01816578	8.697
0.01816565	6.55122182
0.01816565	6.55122182
0.01816565	6.55122182
0.01816531	75.058
0.01816531	75.058
0.01816531	75.058
0.01816497	28.712
0.01816497	28.712
0.01816497	28.712
0.01816489	6.55149592
0.01816489	6.55149592
0.01816489	6.55149592
0.0181648	85.713
0.0181648	85.713
0.0181648	85.713
0.01816459	6.55160412
0.01816459	6.55160412
0.01816459	6.55160412
0.01816455	6.55161855
0.01816455	6.55161855
0.01816455	6.55161855
0.01816424	73.362
0.01816424	73.362
0.01816424	73.362
0.01816427	0.07341672
0.01816427	0.07341672
0.01816427	0.07341672
0.01816425	0.07418138
0.01816425	0.07418138
0.01816425	0.07418138
0.01816424	0.07390171
0.01816424	0.07390171
0.01816424	0.07390171
0.01816423	0.07414309
0.01816423	0.07414309
0.01816423	0.07414309
0.01816422	0.07502968
0.01816422	0.07502968
0.01816422	0.07502968
0.01816421	0.07490992
0.01816421	0.07490992
0.01816421	0.07490992
0.0181642	0.07527635
0.0181642	0.07527635
0.0181642	0.07527635
0.01816419	0.07518812
0.01816419	0.07518812
0.01816419	0.07518812
0.01816418	0.07472559
0.01816418	0.07472559
0.01816418	0.07472559
0.01816417	0.07523003
0.01816417	0.07523003
0.01816417	0.07523003
0.01816416	0.07555562
0.01816416	0.07555562
0.01816416	0.07555562
0.01816415	0.07527984
0.01816415	0.07527984
0.01816415	0.07527984
0.01816414	0.07545096
0.01816414	0.07545096
0.01816414	0.07545096
0.01816413	0.07556691
0.01816413	0.07556691
0.01816413	0.07556691
0.01816412	0.07534506
0.01816412	0.07534506
0.01816412	0.07534506
0.01816411	0.0754532
0.01816411	0.0754532
0.01816411	0.0754532
0.0181641	0.07524425
0.0181641	0.07524425
0.0181641	0.07524425
0.01816409	0.07491925
0.01816409	0.07491925
0.01816409	0.07491925
0.01816408	0.07480625
0.01816408	0.07480625
0.01816408	0.07480625
0.01816407	0.07509922
0.01816407	0.07509922
0.01816407	0.07509922
0.01816406	0.07514756
0.01816406	0.07514756
0.01816406	0.07514756
0.01816405	0.07550928
0.01816405	0.07550928
0.01816405	0.07550928
0.01816404	0.0754937
0.01816404	0.0754937
0.01816404	0.0754937
0.01816403	0.07542769
0.01816403	0.07542769
0.01816403	0.07542769
0.01816402	0.07512887
0.01816402	0.07512887
0.01816402	0.07512887
0.01816401	0.0750526
0.01816401	0.0750526
0.01816401	0.0750526
0.018164	0.0750484
0.018164	0.0750484
0.018164	0.0750484
0.01816399	0.07693181
0.01816399	0.07693181
0.01816399	0.07693181
0.01824709	74.592
0.01824709	74.592
0.01824709	74.592
0.01824658	73.66
0.01824658	73.66
0.01824658	73.66
0.0182363	36.296
0.0182363	36.296
0.0182363	36.296
0.01823595	83.923
0.01823595	83.923
0.01823595	83.923
0.01823567	40.79
0.01823567	40.79
0.01823567	40.79
0.0182354	6.52489419
0.0182354	6.52489419
0.0182354	6.52489419
0.01822527	111.974
0.01822527	111.974
0.01822527	111.974
0.01822493	26.69
0.01822493	26.69
0.01822493	26.69
0.01822454	58.903
0.01822454	58.903
0.01822454	58.903
0.01822417	60.14
0.01822417	60.14
0.01822417	60.14
0.01822381	71.717
0.01822381	71.717
0.01822381	71.717
0.01822347	40.007
0.01822347	40.007
0.01822347	40.007
0.01822312	6.53056133
0.01822312	6.53056133
0.01822312	6.53056133
0.01822275	37.672
0.01822275	37.672
0.01822275	37.672
0.01822238	526.36782653
0.01822238	526.36782653
0.01822238	526.36782653
0.01822197	68.544
0.01822197	68.544
0.01822197	68.544
0.01822169	448.69
0.01822169	448.69
0.01822169	448.69
0.01822138	12.149
0.01822138	12.149
0.01822138	12.149
0.01822114	33.988
0.01822114	33.988
0.01822114	33.988
0.01822098	83.49
0.01822098	83.49
0.01822098	83.49
0.0182209	123.383
0.0182209	123.383
0.0182209	123.383
0.018112	88.53285338
0.018112	88.53285338
0.018112	88.53285338
0.018112	32.47881938
0.018112	32.47881938
0.018112	32.47881938
0.018112	3.8e-07
0.018112	3.8e-07
0.018112	3.8e-07
0.018112	3.8e-07
0.018112	3.8e-07
0.018112	3.8e-07
0.01823523	0.075
0.01823523	0.075
0.01823523	0.075
0.0183	59.04824508
0.0183	59.04824508
0.0183	59.04824508
0.01830077	0.74444584
0.01830077	0.74444584
0.01830077	0.74444584
0.01830077	0.74444584
0.01830077	0.74444584
0.01830077	0.74444584
0.01830077	0.65850459
0.01830077	0.65850459
0.01830077	0.65850459
0.0184	1.02461532
0.0184	1.02461532
0.0184	1.02461532
0.0184	1.02461532
0.0184	1.02461532
0.0184	1.02461532
0.0184	3.2e-07
0.0184	3.2e-07
0.0184	3.2e-07
0.0184	3.2e-07
0.0184	3.2e-07
0.0184	3.2e-07
0.0184	3.2e-07
0.0184	3.2e-07
0.0184	3.2e-07
0.0184	1.38934461
0.0184	1.38934461
0.0184	1.38934461
0.0183999	90.147
0.0183999	90.147
0.0183999	90.147
0.01839963	6.209
0.01839963	6.209
0.01839963	6.209
0.01839952	40.79
0.01839952	40.79
0.01839952	40.79
0.0184	1.66558419
0.0184	1.66558419
0.0184	1.66558419
0.0184	1.66558419
0.0184	1.66558419
0.0184	1.66558419
0.01839998	40.79
0.01839998	40.79
0.01839998	40.79
0.01839997	40.79
0.01839997	40.79
0.01839997	40.79
0.01845	7.51435091
0.01845	7.51435091
0.01845	7.51435091
0.0185	1.7e-07
0.0185	1.7e-07
0.0185	1.7e-07
0.0185	1.7e-07
0.0185	1.7e-07
0.0185	1.7e-07
0.0185	1.7e-07
0.0185	1.7e-07
0.0185	1.7e-07
0.0185	1.7e-07
0.0185	1.7e-07
0.0185	1.7e-07
0.01849999	0.02779827
0.01849999	0.02779827
0.01849999	0.02779827
0.0185	1.7e-07
0.0185	1.7e-07
0.0185	1.7e-07
0.0185	1.7e-07
0.0185	1.7e-07
0.0185	1.7e-07
0.0185	1.7e-07
0.0185	1.7e-07
0.0185	1.7e-07
0.01849998	40.79
0.01849998	40.79
0.01849998	40.79
0.01849993	40.79
0.01849993	40.79
0.01849993	40.79
0.01849984	71.562
0.01849984	71.562
0.01849984	71.562
0.01848992	72.339
0.01848992	72.339
0.01848992	72.339
0.01848569	129.923
0.01848569	129.923
0.01848569	129.923
0.01848544	90.054
0.01848544	90.054
0.01848544	90.054
0.01848518	76.146
0.01848518	76.146
0.01848518	76.146
0.01848488	122.894
0.01848488	122.894
0.01848488	122.894
0.01848467	75.447
0.01848467	75.447
0.01848467	75.447
0.01848419	74.359
0.01848419	74.359
0.01848419	74.359
0.01847337	27.35150457
0.01847337	27.35150457
0.01847337	27.35150457
0.01847259	75.602
0.01847259	75.602
0.01847259	75.602
0.01824799	87.48
0.01824799	87.48
0.01824799	87.48
0.01847129	76.146
0.01847129	76.146
0.01847129	76.146
0.01824907	6.05803436
0.01824907	6.05803436
0.01824907	6.05803436
0.01824907	6.05803436
0.01824907	6.05803436
0.01824907	6.05803436
0.01824907	0.59200539
0.01824907	0.59200539
0.01824907	0.59200539
0.01824908	37.95741877
0.01824908	37.95741877
0.01824908	37.95741877
0.01824908	37.95741877
0.01824908	37.95741877
0.01824908	37.95741877
0.01824908	37.95741877
0.01824908	37.95741877
0.01824908	37.95741877
0.01824908	37.95741877
0.01824908	37.95741877
0.01824908	37.95741877
0.01824908	37.95741877
0.01824908	37.95741877
0.01824908	37.95741877
0.01842059	72.261
0.01842059	72.261
0.01842059	72.261
0.01842011	72.028
0.01842011	72.028
0.01842011	72.028
0.01841979	71.406
0.01841979	71.406
0.01841979	71.406
0.01841951	125.17
0.01841951	125.17
0.01841951	125.17
0.01841922	40.79
0.01841922	40.79
0.01841922	40.79
0.01841893	74.048
0.01841893	74.048
0.01841893	74.048
0.01841865	77.078
0.01841865	77.078
0.01841865	77.078
0.01841836	123.858
0.01841836	123.858
0.01841836	123.858
0.01841812	128.415
0.01841812	128.415
0.01841812	128.415
0.01841789	69.775
0.01841789	69.775
0.01841789	69.775
0.01841762	125.415
0.01841762	125.415
0.01841762	125.415
0.0184174	125.593
0.0184174	125.593
0.0184174	125.593
0.01841714	74.514
0.01841714	74.514
0.01841714	74.514
0.0184169	76.457
0.0184169	76.457
0.0184169	76.457
0.0184165	70.396
0.0184165	70.396
0.0184165	70.396
0.01841618	83.172
0.01841618	83.172
0.01841618	83.172
0.0184159	63.881
0.0184159	63.881
0.0184159	63.881
0.01841562	22.511
0.01841562	22.511
0.01841562	22.511
0.01841546	83.147
0.01841546	83.147
0.01841546	83.147
0.01841499	40.79
0.01841499	40.79
0.01841499	40.79
0.01841499	40.79
0.01841499	40.79
0.01841499	40.79
0.01841494	109.783
0.01841494	109.783
0.01841494	109.783
0.01841489	37.14397551
0.01841489	37.14397551
0.01841489	37.14397551
0.01841489	37.14397551
0.01841489	37.14397551
0.01841489	37.14397551
0.01841488	0.82871075
0.01841488	0.82871075
0.01841488	0.82871075
0.01841487	0.02840243
0.01841487	0.02840243
0.01841487	0.02840243
0.01841486	0.02882234
0.01841486	0.02882234
0.01841486	0.02882234
0.01841479	40.79
0.01841479	40.79
0.01841479	40.79
0.01841469	40.79
0.01841469	40.79
0.01841469	40.79
0.0184145	85.895
0.0184145	85.895
0.0184145	85.895
0.01841438	40.79
0.01841438	40.79
0.01841438	40.79
0.01841425	89.006
0.01841425	89.006
0.01841425	89.006
0.01841415	40.79
0.01841415	40.79
0.01841415	40.79
0.01837999	40.79
0.01837999	40.79
0.01837999	40.79
0.01836974	70.032
0.01836974	70.032
0.01836974	70.032
0.01836945	6.31333398
0.01836945	6.31333398
0.01836945	6.31333398
0.01836907	22.02
0.01836907	22.02
0.01836907	22.02
0.01836874	30.74233398
0.01836874	30.74233398
0.01836874	30.74233398
0.01836843	114.76
0.01836843	114.76
0.01836843	114.76
0.01836807	69.93
0.01836807	69.93
0.01836807	69.93
0.01836769	77.156
0.01836769	77.156
0.01836769	77.156
0.01836733	155.777
0.01836733	155.777
0.01836733	155.777
0.01836686	6.31333398
0.01836686	6.31333398
0.01836686	6.31333398
0.01836638	76.69
0.01836638	76.69
0.01836638	76.69
0.01836606	25.891
0.01836606	25.891
0.01836606	25.891
0.01836579	40.79
0.01836579	40.79
0.01836579	40.79
0.01836562	6.27514023
0.01836562	6.27514023
0.01836562	6.27514023
0.01836559	0.02955559
0.01836559	0.02955559
0.01836559	0.02955559
0.01836558	0.02943866
0.01836558	0.02943866
0.01836558	0.02943866
0.01836557	0.02925187
0.01836557	0.02925187
0.01836557	0.02925187
0.01838	142.58
0.01838	142.58
0.01838	142.58
0.01845044	71.173
0.01845044	71.173
0.01845044	71.173
0.01845011	6.31333398
0.01845011	6.31333398
0.01845011	6.31333398
0.01844981	74.747
0.01844981	74.747
0.01844981	74.747
0.01844945	72.262
0.01844945	72.262
0.01844945	72.262
0.01844878	1.01931553
0.01844878	1.01931553
0.01844878	1.01931553
0.01844804	69.464
0.01844804	69.464
0.01844804	69.464
0.01844769	71.058
0.01844769	71.058
0.01844769	71.058
0.01839998	69.697
0.01839998	69.697
0.01839998	69.697
0.01839967	77.614
0.01839967	77.614
0.01839967	77.614
0.01839942	46.112
0.01839942	46.112
0.01839942	46.112
0.01839983	75.522
0.01839983	75.522
0.01839983	75.522
0.01839998	28.032
0.01839998	28.032
0.01839998	28.032
0.01839999	10.0
0.01839999	10.0
0.01839999	10.0
0.01844781	0.27398626
0.01844781	0.27398626
0.01844781	0.27398626
0.01848	12.98376937
0.01848	12.98376937
0.01848	12.98376937
0.01848	12.98376937
0.01848	12.98376937
0.01848	12.98376937
0.01847998	26.392
0.01847998	26.392
0.01847998	26.392
0.01848	12.98376937
0.01848	12.98376937
0.01848	12.98376937
0.01848	12.98376937
0.01848	12.98376937
0.01848	12.98376937
0.01847999	26.954
0.01847999	26.954
0.01847999	26.954
0.01848	12.98376937
0.01848	12.98376937
0.01848	12.98376937
0.01848	12.98376937
0.01848	12.98376937
0.01848	12.98376937
0.01848	12.98376937
0.01848	12.98376937
0.01848	12.98376937
0.01848	36.42844582
0.01848	36.42844582
0.01848	36.42844582
0.01861382	20.35
0.01861382	20.35
0.01861382	20.35
0.01861356	70.785
0.01861356	70.785
0.01861356	70.785
0.01863964	71.795
0.01863964	71.795
0.01863964	71.795
0.01861354	0.0294845
0.01861354	0.0294845
0.01861354	0.0294845
0.01860344	73.914
0.01860344	73.914
0.01860344	73.914
0.01860313	76.301
0.01860313	76.301
0.01860313	76.301
0.01860289	75.68
0.01860289	75.68
0.01860289	75.68
0.0186031	0.02888943
0.0186031	0.02888943
0.0186031	0.02888943
0.0186031	0.02888943
0.0186031	0.02888943
0.0186031	0.02888943
0.01860309	0.0285967
0.01860309	0.0285967
0.01860309	0.0285967
0.01860262	82.764
0.01860262	82.764
0.01860262	82.764
0.01860308	0.0286472
0.01860308	0.0286472
0.01860308	0.0286472
0.01860263	27.14442298
0.01860263	27.14442298
0.01860263	27.14442298
0.01860194	72.183
0.01860194	72.183
0.01860194	72.183
0.01860109	72.028
0.01860109	72.028
0.01860109	72.028
0.01860021	70.862
0.01860021	70.862
0.01860021	70.862
0.01859948	71.173
0.01859948	71.173
0.01859948	71.173
0.01859913	72.028
0.01859913	72.028
0.01859913	72.028
0.01859877	74.592
0.01859877	74.592
0.01859877	74.592
0.01859842	70.552
0.01859842	70.552
0.01859842	70.552
0.01859811	40.79
0.01859811	40.79
0.01859811	40.79
0.01859781	76.69
0.01859781	76.69
0.01859781	76.69
0.01859753	40.79
0.01859753	40.79
0.01859753	40.79
0.01859715	74.747
0.01859715	74.747
0.01859715	74.747
0.01859635	70.629
0.01859635	70.629
0.01859635	70.629
0.0185956	152.96
0.0185956	152.96
0.0185956	152.96
0.01859467	76.224
0.01859467	76.224
0.01859467	76.224
0.01859387	72.261
0.01859387	72.261
0.01859387	72.261
0.01859316	72.96
0.01859316	72.96
0.01859316	72.96
0.01859233	78.31310187
0.01859233	78.31310187
0.01859233	78.31310187
0.01859153	70.785
0.01859153	70.785
0.01859153	70.785
0.01859082	27.17124022
0.01859082	27.17124022
0.01859082	27.17124022
0.01859008	531.75
0.01859008	531.75
0.01859008	531.75
0.01858965	71.173
0.01858965	71.173
0.01858965	71.173
0.01858927	79.821
0.01858927	79.821
0.01858927	79.821
0.01858843	448.69
0.01858843	448.69
0.01858843	448.69
0.01858792	160.15
0.01858792	160.15
0.01858792	160.15
0.01858757	78.6
0.01858757	78.6
0.01858757	78.6
0.0185872	72.883
0.0185872	72.883
0.0185872	72.883
0.0185868	150.882
0.0185868	150.882
0.0185868	150.882
0.01858622	0.90796132
0.01858622	0.90796132
0.01858622	0.90796132
0.01858595	113.129
0.01858595	113.129
0.01858595	113.129
0.01858559	75.136
0.01858559	75.136
0.01858559	75.136
0.0185852	40.79
0.0185852	40.79
0.0185852	40.79
0.01858483	70.241
0.01858483	70.241
0.01858483	70.241
0.0185843	153.461
0.0185843	153.461
0.0185843	153.461
0.01858392	72.261
0.01858392	72.261
0.01858392	72.261
0.01858356	121.421
0.01858356	121.421
0.01858356	121.421
0.01858319	83.465
0.01858319	83.465
0.01858319	83.465
0.01858285	75.369
0.01858285	75.369
0.01858285	75.369
0.01857243	71.173
0.01857243	71.173
0.01857243	71.173
0.01857209	75.991
0.01857209	75.991
0.01857209	75.991
0.01857173	40.79
0.01857173	40.79
0.01857173	40.79
0.01857134	520.329
0.01857134	520.329
0.01857134	520.329
0.01857099	77.001
0.01857099	77.001
0.01857099	77.001
0.01857062	414.50381305
0.01857062	414.50381305
0.01857062	414.50381305
0.01857026	448.69
0.01857026	448.69
0.01857026	448.69
0.0185699	193.513
0.0185699	193.513
0.0185699	193.513
0.01842419	10.02579882
0.01842419	10.02579882
0.01842419	10.02579882
0.01842419	10.02579882
0.01842419	10.02579882
0.01842419	10.02579882
0.01842419	10.02579882
0.01842419	10.02579882
0.01842419	10.02579882
0.01842418	40.79
0.01842418	40.79
0.01842418	40.79
0.01842418	40.79
0.01842418	40.79
0.01842418	40.79
0.01842418	40.79
0.01842418	40.79
0.01842418	40.79
0.01842418	40.79
0.01842418	40.79
0.01842418	40.79
0.01842418	40.79
0.01842418	40.79
0.01842418	40.79
0.01842418	40.79
0.01842418	40.79
0.01842418	40.79
0.01842418	40.79
0.01842418	40.79
0.01842418	40.79
0.01842418	39.99581312
0.01842418	39.99581312
0.01842418	39.99581312
0.01842419	10.02579882
0.01842419	10.02579882
0.01842419	10.02579882
0.01842418	40.79
0.01842418	40.79
0.01842418	40.79
0.01842418	40.79
0.01842418	40.79
0.01842418	40.79
0.01842419	10.02579882
0.01842419	10.02579882
0.01842419	10.02579882
0.01842419	10.02579882
0.01842419	10.02579882
0.01842419	10.02579882
0.01842419	10.02579882
0.01842419	10.02579882
0.01842419	10.02579882
0.01842419	10.02579882
0.01842419	10.02579882
0.01842419	10.02579882
0.01842419	10.02579882
0.01842419	10.02579882
0.01842419	10.02579882
0.01842418	81.6182864
0.01842418	81.6182864
0.01842418	81.6182864
0.01842417	40.79
0.01842417	40.79
0.01842417	40.79
0.01842418	81.6182864
0.01842418	81.6182864
0.01842418	81.6182864
0.01842418	40.79
0.01842418	40.79
0.01842418	40.79
0.01842418	40.79
0.01842418	40.79
0.01842418	40.79
0.01842417	6.23019218
0.01842417	6.23019218
0.01842417	6.23019218
0.01842417	6.23019218
0.01842417	6.23019218
0.01842417	6.23019218
0.01842418	6.23019218
0.01842418	6.23019218
0.01842418	6.23019218
0.01839418	10.02579882
0.01839418	10.02579882
0.01839418	10.02579882
0.01839417	6.23019218
0.01839417	6.23019218
0.01839417	6.23019218
0.01839417	6.23019218
0.01839417	6.23019218
0.01839417	6.23019218
0.01839417	6.23019218
0.01839417	6.23019218
0.01839417	6.23019218
0.01839417	6.23019218
0.01839417	6.23019218
0.01839417	6.23019218
0.01839417	6.23019218
0.01839417	6.23019218
0.01839417	6.23019218
0.01839417	6.23019218
0.01839417	6.23019218
0.01839417	6.23019218
0.01839417	6.23019218
0.01839417	6.23019218
0.01839417	6.23019218
0.01839417	6.23019218
0.01839417	6.23019218
0.01839417	6.23019218
0.01839417	6.23019218
0.01839417	6.23019218
0.01839417	6.23019218
0.01839417	6.23019218
0.01839417	6.23019218
0.01839417	6.23019218
0.01839417	6.23019218
0.01839417	6.23019218
0.01839417	6.23019218
0.01839417	6.23019218
0.01839417	6.23019218
0.01839417	6.23019218
0.01839417	6.23019218
0.01839417	6.23019218
0.01839417	6.23019218
0.01839417	6.23019218
0.01839417	6.23019218
0.01839417	6.23019218
0.01839417	6.23019218
0.01839417	6.23019218
0.01839417	6.23019218
0.01839417	6.23019218
0.01839417	6.23019218
0.01839417	6.23019218
0.01839417	6.23019218
0.01839417	6.23019218
0.01839417	6.23019218
0.01839417	0.79368702
0.01839417	0.79368702
0.01839417	0.79368702
0.01839417	0.79368702
0.01839417	0.79368702
0.01839417	0.79368702
0.01855334	6.60996363
0.01855334	6.60996363
0.01855334	6.60996363
0.01855318	6.61002064
0.01855318	6.61002064
0.01855318	6.61002064
0.01855309	40.79
0.01855309	40.79
0.01855309	40.79
0.0185529	40.79
0.0185529	40.79
0.0185529	40.79
0.01863752	19.284
0.01863752	19.284
0.01863752	19.284
0.0186374	40.79
0.0186374	40.79
0.0186374	40.79
0.0186374	40.79
0.0186374	40.79
0.0186374	40.79
0.01863739	0.02884266
0.01863739	0.02884266
0.01863739	0.02884266
0.01863739	0.02884266
0.01863739	0.02884266
0.01863739	0.02884266
0.01863738	7.278e-05
0.01863738	7.278e-05
0.01863738	7.278e-05
0.01863738	7.278e-05
0.01863738	7.278e-05
0.01863738	7.278e-05
0.01863734	6.57040617
0.01863734	6.57040617
0.01863734	6.57040617
0.01867647	146.437
0.01867647	146.437
0.01867647	146.437
0.01867617	143.07
0.01867617	143.07
0.01867617	143.07
0.01867583	105.2
0.01867583	105.2
0.01867583	105.2
0.01867554	74.126
0.01867554	74.126
0.01867554	74.126
0.01867524	71.872
0.01867524	71.872
0.01867524	71.872
0.01867496	40.79
0.01867496	40.79
0.01867496	40.79
0.01867493	40.79
0.01867493	40.79
0.01867493	40.79
0.01867493	40.79
0.01867493	40.79
0.01867493	40.79
0.01867493	40.79
0.01867493	40.79
0.01867493	40.79
0.0188432	70.785
0.0188432	70.785
0.0188432	70.785
0.01884288	73.68416144
0.01884288	73.68416144
0.01884288	73.68416144
0.01884256	72.416
0.01884256	72.416
0.01884256	72.416
0.01884221	70.862
0.01884221	70.862
0.01884221	70.862
0.01884151	19.14779995
0.01884151	19.14779995
0.01884151	19.14779995
0.01884057	75.913
0.01884057	75.913
0.01884057	75.913
0.01883983	115.848
0.01883983	115.848
0.01883983	115.848
0.01883904	26.81420917
0.01883904	26.81420917
0.01883904	26.81420917
0.01881941	71.329
0.01881941	71.329
0.01881941	71.329
0.01881865	116.02816144
0.01881865	116.02816144
0.01881865	116.02816144
0.01879943	175.816
0.01879943	175.816
0.01879943	175.816
0.01879867	57.03316144
0.01879867	57.03316144
0.01879867	57.03316144
0.01879786	113.051
0.01879786	113.051
0.01879786	113.051
0.01868889	0.79280015
0.01868889	0.79280015
0.01868889	0.79280015
0.01868889	0.79280015
0.01868889	0.79280015
0.01868889	0.79280015
0.01868889	0.79280015
0.01868889	0.79280015
0.01868889	0.79280015
0.01868889	0.79280015
0.01868889	0.79280015
0.01868889	0.79280015
0.01868889	0.79280015
0.01868889	0.79280015
0.01868889	0.79280015
0.01868889	0.79280015
0.01868889	0.79280015
0.01868889	0.79280015
0.01868889	0.79280015
0.01868889	0.79280015
0.01868889	0.79280015
0.01868889	0.79280015
0.01868889	0.79280015
0.01868889	0.79280015
0.01868889	0.79280015
0.01868889	0.79280015
0.01868889	0.79280015
0.01868889	0.79280015
0.01868889	0.79280015
0.01868889	0.79280015
0.01868889	0.79280015
0.01868889	0.79280015
0.01868889	0.79280015
0.01868889	0.79280015
0.01868889	0.79280015
0.01868889	0.79280015
0.01879444	69.93
0.01879444	69.93
0.01879444	69.93
0.0187	70.0
0.0187	70.0
0.0187	70.0
0.0187	70.0
0.0187	70.0
0.0187	70.0
0.0187	69.37255916
0.0187	69.37255916
0.0187	69.37255916
0.0187	69.37255916
0.0187	69.37255916
0.0187	69.37255916
0.0187	69.37255916
0.0187	69.37255916
0.0187	69.37255916
0.0187	69.37255916
0.0187	69.37255916
0.0187	69.37255916
0.0187	69.37255916
0.0187	69.37255916
0.0187	69.37255916
0.0187	69.37255916
0.0187	69.37255916
0.0187	69.37255916
0.0187	69.37255916
0.0187	69.37255916
0.0187	69.37255916
0.0187	65.30215058
0.0187	65.30215058
0.0187	65.30215058
0.01869994	4.0
0.01869994	4.0
0.01869994	4.0
0.01869987	59.052
0.01869987	59.052
0.01869987	59.052
0.01869957	70.627
0.01869957	70.627
0.01869957	70.627
0.01866022	69.464
0.01866022	69.464
0.01866022	69.464
0.01866003	129.551
0.01866003	129.551
0.01866003	129.551
0.01865922	73.271
0.01865922	73.271
0.01865922	73.271
0.01865858	75.136
0.01865858	75.136
0.01865858	75.136
0.01865786	69.852
0.01865786	69.852
0.01865786	69.852
0.01864733	117.91272
0.01864733	117.91272
0.01864733	117.91272
0.01864688	711.139059
0.01864688	711.139059
0.01864688	711.139059
0.01864607	27.21829069
0.01864607	27.21829069
0.01864607	27.21829069
0.01849999	74.359
0.01849999	74.359
0.01849999	74.359
0.01849928	71.562
0.01849928	71.562
0.01849928	71.562
0.01849877	69.619
0.01849877	69.619
0.01849877	69.619
0.01849861	73.582
0.01849861	73.582
0.01849861	73.582
0.01849841	69.153
0.01849841	69.153
0.01849841	69.153
0.01849805	0.88651526
0.01849805	0.88651526
0.01849805	0.88651526
0.01849799	26.179
0.01849799	26.179
0.01849799	26.179
0.01849795	42.857
0.01849795	42.857
0.01849795	42.857
0.01864336	71.872
0.01864336	71.872
0.01864336	71.872
0.01863258	73.271
0.01863258	73.271
0.01863258	73.271
0.01863164	70.008
0.01863164	70.008
0.01863164	70.008
0.01862092	77.312
0.01862092	77.312
0.01862092	77.312
0.0185	19.99088725
0.0185	19.99088725
0.0185	19.99088725
0.0185	19.99088725
0.0185	19.99088725
0.0185	19.99088725
0.0185	16.92098502
0.0185	16.92098502
0.0185	16.92098502
0.0185	16.92098502
0.0185	16.92098502
0.0185	16.92098502
0.0185	16.92098502
0.0185	16.92098502
0.0185	16.92098502
0.0185	16.92098502
0.0185	16.92098502
0.0185	16.92098502
0.0185	16.92098502
0.0185	16.92098502
0.0185	16.92098502
0.0185	16.92098502
0.0185	16.92098502
0.0185	16.92098502
0.0185	16.92098502
0.0185	16.92098502
0.0185	16.92098502
0.0185	16.92098502
0.0185	16.92098502
0.0185	16.92098502
0.01864708	0.80116144
0.01864708	0.80116144
0.01864708	0.80116144
0.01864714	0.80116144
0.01864714	0.80116144
0.01864714	0.80116144
0.01864714	0.80116144
0.01864714	0.80116144
0.01864714	0.80116144
0.01864715	60.331
0.01864715	60.331
0.01864715	60.331
0.01864716	25.6211966
0.01864716	25.6211966
0.01864716	25.6211966
0.01864714	0.68094172
0.01864714	0.68094172
0.01864714	0.68094172
0.01864701	4.0
0.01864701	4.0
0.01864701	4.0
0.01864696	31.804
0.01864696	31.804
0.01864696	31.804
0.01864696	31.804
0.01864696	31.804
0.01864696	31.804
0.01863694	40.79
0.01863694	40.79
0.01863694	40.79
0.01863683	27.811
0.01863683	27.811
0.01863683	27.811
0.01863673	73.193
0.01863673	73.193
0.01863673	73.193
0.01863641	59.325
0.01863641	59.325
0.01863641	59.325
0.01863598	75.835
0.01863598	75.835
0.01863598	75.835
0.01863567	69.075
0.01863567	69.075
0.01863567	69.075
0.01863494	133.432
0.01863494	133.432
0.01863494	133.432
0.01864712	38.535
0.01864712	38.535
0.01864712	38.535
0.01864713	6.50570191
0.01864713	6.50570191
0.01864713	6.50570191
0.01863713	25.6211966
0.01863713	25.6211966
0.01863713	25.6211966
0.01863713	0.06250842
0.01863713	0.06250842
0.01863713	0.06250842
0.01863714	25.6211966
0.01863714	25.6211966
0.01863714	25.6211966
0.01863713	0.06250842
0.01863713	0.06250842
0.01863713	0.06250842
0.01863713	0.06250842
0.01863713	0.06250842
0.01863713	0.06250842
0.01863709	54.849
0.01863709	54.849
0.01863709	54.849
0.01863685	64.284
0.01863685	64.284
0.01863685	64.284
0.01863657	72.339
0.01863657	72.339
0.01863657	72.339
0.01863629	74.008
0.01863629	74.008
0.01863629	74.008
0.0186358	27.09153416
0.0186358	27.09153416
0.0186358	27.09153416
0.01862961	74.204
0.01862961	74.204
0.01862961	74.204
0.01862897	27.06065537
0.01862897	27.06065537
0.01862897	27.06065537
0.01861958	59.029
0.01861958	59.029
0.01861958	59.029
0.01861872	56.535
0.01861872	56.535
0.01861872	56.535
0.01861806	77.622
0.01861806	77.622
0.01861806	77.622
0.01861719	76.845
0.01861719	76.845
0.01861719	76.845
0.01861634	71.251
0.01861634	71.251
0.01861634	71.251
0.01861562	143.3049929
0.01861562	143.3049929
0.01861562	143.3049929
0.01861174	56.763
0.01861174	56.763
0.01861174	56.763
0.01861085	60.135
0.01861085	60.135
0.01861085	60.135
0.01861022	70.474
0.01861022	70.474
0.01861022	70.474
0.01860949	69.697
0.01860949	69.697
0.01860949	69.697
0.01860866	73.349
0.01860866	73.349
0.01860866	73.349
0.01860798	75.136
0.01860798	75.136
0.01860798	75.136
0.01860732	74.514
0.01860732	74.514
0.01860732	74.514
0.01860652	112.429
0.01860652	112.429
0.01860652	112.429
0.0186057	135.205
0.0186057	135.205
0.0186057	135.205
0.01860499	6.41
0.01860499	6.41
0.01860499	6.41
0.01860495	25.754
0.01860495	25.754
0.01860495	25.754
0.01861195	69.852
0.01861195	69.852
0.01861195	69.852
0.01861191	54.013
0.01861191	54.013
0.01861191	54.013
0.01861199	34.32628571
0.01861199	34.32628571
0.01861199	34.32628571
0.01861197	42.868
0.01861197	42.868
0.01861197	42.868
0.01861197	42.868
0.01861197	42.868
0.01861197	42.868
0.01861197	42.868
0.01861197	42.868
0.01861197	42.868
0.01861196	40.492
0.01861196	40.492
0.01861196	40.492
0.01861195	30.57
0.01861195	30.57
0.01861195	30.57
0.01861199	42.718
0.01861199	42.718
0.01861199	42.718
0.01861198	20.689
0.01861198	20.689
0.01861198	20.689
0.018612	4.98191635
0.018612	4.98191635
0.018612	4.98191635
0.018612	4.98191635
0.018612	4.98191635
0.018612	4.98191635
0.018612	4.98191635
0.018612	4.98191635
0.018612	4.98191635
0.01861197	31.529
0.01861197	31.529
0.01861197	31.529
0.01861198	10.61066641
0.01861198	10.61066641
0.01861198	10.61066641
0.01861193	71.694
0.01861193	71.694
0.01861193	71.694
0.01861191	37.143
0.01861191	37.143
0.01861191	37.143
0.01861181	67.7
0.01861181	67.7
0.01861181	67.7
0.01861163	40.79
0.01861163	40.79
0.01861163	40.79
0.01861152	72.028
0.01861152	72.028
0.01861152	72.028
0.01861093	72.883
0.01861093	72.883
0.01861093	72.883
0.01861028	74.747
0.01861028	74.747
0.01861028	74.747
0.01860938	98.115
0.01860938	98.115
0.01860938	98.115
0.01860852	134.58
0.01860852	134.58
0.01860852	134.58
0.01860735	59.573
0.01860735	59.573
0.01860735	59.573
0.01860647	27.15714645
0.01860647	27.15714645
0.01860647	27.15714645
0.01860377	27.15714645
0.01860377	27.15714645
0.01860377	27.15714645
0.01860156	70.629
0.01860156	70.629
0.01860156	70.629
0.01860012	133.749
0.01860012	133.749
0.01860012	133.749
0.01859923	71.484
0.01859923	71.484
0.01859923	71.484
0.01859832	74.98
0.01859832	74.98
0.01859832	74.98
0.01859755	582.205
0.01859755	582.205
0.01859755	582.205
0.01859664	183.55652
0.01859664	183.55652
0.01859664	183.55652
0.01859566	6.52370872
0.01859566	6.52370872
0.01859566	6.52370872
0.0185949	70.085
0.0185949	70.085
0.0185949	70.085
0.01859411	17.82797805
0.01859411	17.82797805
0.01859411	17.82797805
0.01859328	74.747
0.01859328	74.747
0.01859328	74.747
0.01859248	69.386
0.01859248	69.386
0.01859248	69.386
0.01859182	27.15915263
0.01859182	27.15915263
0.01859182	27.15915263
0.01859087	71.795
0.01859087	71.795
0.01859087	71.795
0.01858992	70.785
0.01858992	70.785
0.01858992	70.785
0.01858896	70.008
0.01858896	70.008
0.01858896	70.008
0.01858809	794.8214245
0.01858809	794.8214245
0.01858809	794.8214245
0.01858732	787.207059
0.01858732	787.207059
0.01858732	787.207059
0.01858651	77.467
0.01858651	77.467
0.01858651	77.467
0.01858551	75.758
0.01858551	75.758
0.01858551	75.758
0.01858469	77.85655948
0.01858469	77.85655948
0.01858469	77.85655948
0.01858386	934.340059
0.01858386	934.340059
0.01858386	934.340059
0.0185829	70.241
0.0185829	70.241
0.0185829	70.241
0.01858197	72.106
0.01858197	72.106
0.01858197	72.106
0.01858112	6.52881362
0.01858112	6.52881362
0.01858112	6.52881362
0.01858034	72.73140102
0.01858034	72.73140102
0.01858034	72.73140102
0.01857943	186.92524
0.01857943	186.92524
0.01857943	186.92524
0.01836822	1431.92863543
0.01836822	1431.92863543
0.01836822	1431.92863543
0.01836822	1431.92863543
0.01836822	1431.92863543
0.01836822	1431.92863543
0.01836822	1431.92863543
0.01836822	1431.92863543
0.01836822	1431.92863543
0.01836822	1417.64148345
0.01836822	1417.64148345
0.01836822	1417.64148345
0.01836822	1417.64148345
0.01836822	1417.64148345
0.01836822	1417.64148345
0.01836822	1417.64148345
0.01836822	1417.64148345
0.01836822	1417.64148345
0.01836822	1417.64148345
0.01836822	1417.64148345
0.01836822	1417.64148345
0.01836822	1417.64148345
0.01836822	1417.64148345
0.01836822	1417.64148345
0.01836822	1417.64148345
0.01836822	1417.64148345
0.01836822	1417.64148345
0.01836822	1417.64148345
0.01836822	1417.64148345
0.01836822	1417.64148345
0.01836822	1417.64148345
0.01836822	1417.64148345
0.01836822	1417.64148345
0.01836822	1417.64148345
0.01836822	1417.64148345
0.01836822	1417.64148345
0.01836822	1417.64148345
0.01836822	1417.64148345
0.01836822	1417.64148345
0.01836822	1417.64148345
0.01836822	1417.64148345
0.01836822	1417.64148345
0.01836822	1420.51148345
0.01836822	1420.51148345
0.01836822	1420.51148345
0.01836822	1420.51148345
0.01836822	1420.51148345
0.01836822	1420.51148345
0.01836822	1420.51148345
0.01836822	1420.51148345
0.01836822	1420.51148345
0.01836822	1420.51148345
0.01836822	1420.51148345
0.01836822	1420.51148345
0.01836822	1420.51148345
0.01836822	1420.51148345
0.01836822	1420.51148345
0.01836822	1420.51148345
0.01836822	1420.51148345
0.01836822	1420.51148345
0.01836822	1420.51148345
0.01836822	1420.51148345
0.01836822	1420.51148345
0.01836822	1420.51148345
0.01836822	1420.51148345
0.01836822	1420.51148345
0.01836822	1416.04469345
0.01836822	1416.04469345
0.01836822	1416.04469345
0.01836822	1416.04469345
0.01836822	1416.04469345
0.01836822	1416.04469345
0.018366	2.7417604
0.018366	2.7417604
0.018366	2.7417604
0.01836822	1413.17469345
0.01836822	1413.17469345
0.01836822	1413.17469345
0.01836822	1413.17469345
0.01836822	1413.17469345
0.01836822	1413.17469345
0.01836822	1413.17469345
0.01836822	1413.17469345
0.01836822	1413.17469345
0.01836822	1413.17469345
0.01836822	1413.17469345
0.01836822	1413.17469345
0.01836822	1413.17469345
0.01836822	1413.17469345
0.01836822	1413.17469345
0.01836822	1413.17469345
0.01836822	1413.17469345
0.01836822	1413.17469345
0.01836522	44.24962906
0.01836522	44.24962906
0.01836522	44.24962906
0.01836522	44.22098696
0.01836522	44.22098696
0.01836522	44.22098696
0.01836522	44.22098696
0.01836522	44.22098696
0.01836522	44.22098696
0.01836521	0.02848482
0.01836521	0.02848482
0.01836521	0.02848482
0.01836519	0.02851074
0.01836519	0.02851074
0.01836519	0.02851074
0.01836518	0.02798132
0.01836518	0.02798132
0.01836518	0.02798132
0.01836518	0.02798132
0.01836518	0.02798132
0.01836518	0.02798132
0.01836516	0.0366611
0.01836516	0.0366611
0.01836516	0.0366611
0.01836522	12.74975881
0.01836522	12.74975881
0.01836522	12.74975881
0.01836522	12.74975881
0.01836522	12.74975881
0.01836522	12.74975881
0.01836522	12.74975881
0.01836522	12.74975881
0.01836522	12.74975881
0.01836522	12.74975881
0.01836522	12.74975881
0.01836522	12.74975881
0.01836522	12.74975881
0.01836522	12.74975881
0.01836522	12.74975881
0.0183652	0.1179558
0.0183652	0.1179558
0.0183652	0.1179558
0.0183652	0.1179558
0.0183652	0.1179558
0.0183652	0.1179558
0.0183652	0.1179558
0.0183652	0.1179558
0.0183652	0.1179558
0.0183652	0.1179558
0.0183652	0.1179558
0.0183652	0.1179558
0.0183652	0.1179558
0.0183652	0.1179558
0.0183652	0.1179558
0.0183652	0.1179558
0.0183652	0.1179558
0.0183652	0.1179558
0.0183652	0.1179558
0.0183652	0.1179558
0.0183652	0.1179558
0.0183652	0.1179558
0.0183652	0.1179558
0.0183652	0.1179558
0.0183652	0.1179558
0.0183652	0.1179558
0.0183652	0.1179558
0.0183652	0.1179558
0.0183652	0.1179558
0.0183652	0.1179558
0.0183652	0.1179558
0.0183652	0.1179558
0.0183652	0.1179558
0.0183652	0.1179558
0.0183652	0.1179558
0.0183652	0.1179558
0.0183652	0.1179558
0.0183652	0.1179558
0.0183652	0.1179558
0.0183652	0.1179558
0.0183652	0.1179558
0.0183652	0.1179558
0.0183652	0.1179558
0.0183652	0.1179558
0.0183652	0.1179558
0.0183652	0.1179558
0.0183652	0.1179558
0.0183652	0.1179558
0.0183652	0.1179558
0.0183652	0.1179558
0.0183652	0.1179558
0.0183652	0.1179558
0.0183652	0.1179558
0.0183652	0.1179558
0.0183652	0.1179558
0.0183652	0.1179558
0.0183652	0.1179558
0.0183652	0.1179558
0.0183652	0.1179558
0.0183652	0.1179558
0.0183652	0.1179558
0.0183652	0.1179558
0.0183652	0.1179558
0.01836522	8.1996243
0.01836522	8.1996243
0.01836522	8.1996243
0.01836522	8.1996243
0.01836522	8.1996243
0.01836522	8.1996243
0.01836522	8.1996243
0.01836522	8.1996243
0.01836522	8.1996243
0.01836522	8.1996243
0.01836522	8.1996243
0.01836522	8.1996243
0.01836522	8.1996243
0.01836522	8.1996243
0.01836522	8.1996243
0.01836522	8.1996243
0.01836522	8.1996243
0.01836522	8.1996243
0.01836522	8.1996243
0.01836522	8.1996243
0.01836522	8.1996243
0.01836522	8.1996243
0.01836522	8.1996243
0.01836522	8.1996243
0.01836821	6.60449055
0.01836821	6.60449055
0.01836821	6.60449055
0.01836821	6.60449055
0.01836821	6.60449055
0.01836821	6.60449055
0.01836821	6.60449055
0.01836821	6.60449055
0.01836821	6.60449055
0.01836821	6.60449055
0.01836821	6.60449055
0.01836821	6.60449055
0.01836822	1372.38469345
0.01836822	1372.38469345
0.01836822	1372.38469345
0.01836822	1372.38469345
0.01836822	1372.38469345
0.01836822	1372.38469345
0.01836822	1372.38469345
0.01836822	1372.38469345
0.01836822	1372.38469345
0.01836822	1290.49424321
0.01836822	1290.49424321
0.01836822	1290.49424321
0.01836821	6.49786671
0.01836821	6.49786671
0.01836821	6.49786671
0.01836821	6.49786671
0.01836821	6.49786671
0.01836821	6.49786671
0.01836821	6.49786671
0.01836821	6.49786671
0.01836821	6.49786671
0.01836821	6.47020876
0.01836821	6.47020876
0.01836821	6.47020876
0.01836821	6.47020876
0.01836821	6.47020876
0.01836821	6.47020876
0.01836821	6.47020876
0.01836821	6.47020876
0.01836821	6.47020876
0.01836821	6.47020876
0.01836821	6.47020876
0.01836821	6.47020876
0.01836821	6.47020876
0.01836821	6.47020876
0.01836821	6.47020876
0.01836821	5.38409313
0.01836821	5.38409313
0.01836821	5.38409313
0.01836821	5.38409313
0.01836821	5.38409313
0.01836821	5.38409313
0.01836821	5.38409313
0.01836821	5.38409313
0.01836821	5.38409313
0.01836821	5.38409313
0.01836821	5.38409313
0.01836821	5.38409313
0.01836822	1103.15237534
0.01836822	1103.15237534
0.01836822	1103.15237534
0.01857835	0.31045024
0.01857835	0.31045024
0.01857835	0.31045024
0.01861198	10.61066641
0.01861198	10.61066641
0.01861198	10.61066641
0.01861195	40.79
0.01861195	40.79
0.01861195	40.79
0.01861193	29.57641706
0.01861193	29.57641706
0.01861193	29.57641706
0.01861197	40.79
0.01861197	40.79
0.01861197	40.79
0.01861197	40.79
0.01861197	40.79
0.01861197	40.79
0.01861198	10.61066641
0.01861198	10.61066641
0.01861198	10.61066641
0.01861198	10.61066641
0.01861198	10.61066641
0.01861198	10.61066641
0.01861198	11.38243759
0.01861198	11.38243759
0.01861198	11.38243759
0.01861192	34.541
0.01861192	34.541
0.01861192	34.541
0.01861197	40.79
0.01861197	40.79
0.01861197	40.79
0.01861197	40.79
0.01861197	40.79
0.01861197	40.79
0.01861198	7.89879239
0.01861198	7.89879239
0.01861198	7.89879239
0.01861198	7.89879239
0.01861198	7.89879239
0.01861198	7.89879239
0.01861198	7.89879239
0.01861198	7.89879239
0.01861198	7.89879239
0.01861197	40.79
0.01861197	40.79
0.01861197	40.79
0.01861198	7.89879239
0.01861198	7.89879239
0.01861198	7.89879239
0.01861198	25.42061617
0.01861198	25.42061617
0.01861198	25.42061617
0.01861198	6.03534304
0.01861198	6.03534304
0.01861198	6.03534304
0.01861198	6.03534304
0.01861198	6.03534304
0.01861198	6.03534304
0.01861198	0.01508857
0.01861198	0.01508857
0.01861198	0.01508857
0.01861198	0.01508857
0.01861198	0.01508857
0.01861198	0.01508857
0.01861198	0.01508857
0.01861198	0.01508857
0.01861198	0.01508857
0.01861198	0.01508857
0.01861198	0.01508857
0.01861198	0.01508857
0.01861198	0.01508857
0.01861198	0.01508857
0.01861198	0.01508857
0.01861198	0.01508857
0.01861198	0.01508857
0.01861198	0.01508857
0.01861198	0.01508857
0.01861198	0.01508857
0.01861198	0.01508857
0.01861193	17.504
0.01861193	17.504
0.01861193	17.504
0.01861179	180.208
0.01861179	180.208
0.01861179	180.208
0.01861171	19.707
0.01861171	19.707
0.01861171	19.707
0.01861169	40.79
0.01861169	40.79
0.01861169	40.79
0.01861184	160.157
0.01861184	160.157
0.01861184	160.157
0.01861163	40.79
0.01861163	40.79
0.01861163	40.79
0.01861144	162.671
0.01861144	162.671
0.01861144	162.671
0.01861126	153.666
0.01861126	153.666
0.01861126	153.666
0.01861114	159.345
0.01861114	159.345
0.01861114	159.345
0.01861094	147.194
0.01861094	147.194
0.01861094	147.194
0.01861074	145.598
0.01861074	145.598
0.01861074	145.598
0.01861058	151.23257554
0.01861058	151.23257554
0.01861058	151.23257554
0.01861039	40.79
0.01861039	40.79
0.01861039	40.79
0.01861018	152.325
0.01861018	152.325
0.01861018	152.325
0.01861002	145.814
0.01861002	145.814
0.01861002	145.814
0.01860981	150.38
0.01860981	150.38
0.01860981	150.38
0.01861098	143.176
0.01861098	143.176
0.01861098	143.176
0.01861084	145.787
0.01861084	145.787
0.01861084	145.787
0.0186107	141.015
0.0186107	141.015
0.0186107	141.015
0.01861052	40.79
0.01861052	40.79
0.01861052	40.79
0.0186104	40.79
0.0186104	40.79
0.0186104	40.79
0.01861026	30.69316398
0.01861026	30.69316398
0.01861026	30.69316398
0.018611	57.60384
0.018611	57.60384
0.018611	57.60384
0.0186108	200.94498
0.0186108	200.94498
0.0186108	200.94498
0.01861062	199.9205
0.01861062	199.9205
0.01861062	199.9205
0.01861042	144.098
0.01861042	144.098
0.01861042	144.098
0.01861018	194.5857
0.01861018	194.5857
0.01861018	194.5857
0.01860996	142.637
0.01860996	142.637
0.01860996	142.637
0.01860975	148.264
0.01860975	148.264
0.01860975	148.264
0.01860948	65.11224
0.01860948	65.11224
0.01860948	65.11224
0.01860913	99.40784
0.01860913	99.40784
0.01860913	99.40784
0.01860893	95.99768
0.01860893	95.99768
0.01860893	95.99768
0.01860875	40.79
0.01860875	40.79
0.01860875	40.79
0.01860856	112.16416
0.01860856	112.16416
0.01860856	112.16416
0.01860835	57.07422
0.01860835	57.07422
0.01860835	57.07422
0.01860819	40.79
0.01860819	40.79
0.01860819	40.79
0.01861199	1.19816521
0.01861199	1.19816521
0.01861199	1.19816521
0.01861191	69.231
0.01861191	69.231
0.01861191	69.231
0.01860972	77.467
0.01860972	77.467
0.01860972	77.467
0.01860911	73.582
0.01860911	73.582
0.01860911	73.582
0.01860878	47.647
0.01860878	47.647
0.01860878	47.647
0.01860851	150.327
0.01860851	150.327
0.01860851	150.327
0.01860848	14.844
0.01860848	14.844
0.01860848	14.844
0.01860862	0.27152855
0.01860862	0.27152855
0.01860862	0.27152855
0.018612	3.138
0.018612	3.138
0.018612	3.138
0.0186464	40.79
0.0186464	40.79
0.0186464	40.79
0.01860862	2.86468338
0.01860862	2.86468338
0.01860862	2.86468338
0.0186084	40.79
0.0186084	40.79
0.0186084	40.79
0.01860807	40.289
0.01860807	40.289
0.01860807	40.289
0.01860777	9.869
0.01860777	9.869
0.01860777	9.869
0.01860862	2.86468338
0.01860862	2.86468338
0.01860862	2.86468338
0.01860855	40.79
0.01860855	40.79
0.01860855	40.79
0.01860853	40.79
0.01860853	40.79
0.01860853	40.79
0.01860862	2.86468338
0.01860862	2.86468338
0.01860862	2.86468338
0.01860861	40.79
0.01860861	40.79
0.01860861	40.79
0.01864566	83.20176522
0.01864566	83.20176522
0.01864566	83.20176522
0.01864477	174.72
0.01864477	174.72
0.01864477	174.72
0.0186444	71.097
0.0186444	71.097
0.0186444	71.097
0.01864405	196.055
0.01864405	196.055
0.01864405	196.055
0.0186437	206.205
0.0186437	206.205
0.0186437	206.205
0.01864337	72.572
0.01864337	72.572
0.01864337	72.572
0.01864305	129.786
0.01864305	129.786
0.01864305	129.786
0.01864273	69.93
0.01864273	69.93
0.01864273	69.93
0.01864239	129.447
0.01864239	129.447
0.01864239	129.447
0.01864199	69.075
0.01864199	69.075
0.01864199	69.075
0.01864167	176.17390716
0.01864167	176.17390716
0.01864167	176.17390716
0.01864136	129.5
0.01864136	129.5
0.01864136	129.5
0.01864103	209.344
0.01864103	209.344
0.01864103	209.344
0.01864072	131.765
0.01864072	131.765
0.01864072	131.765
0.01863992	71.173
0.01863992	71.173
0.01863992	71.173
0.01862695	40.79
0.01862695	40.79
0.01862695	40.79
0.01862694	6.46490716
0.01862694	6.46490716
0.01862694	6.46490716
0.01862689	126.578
0.01862689	126.578
0.01862689	126.578
0.01862677	40.79
0.01862677	40.79
0.01862677	40.79
0.01862663	40.79
0.01862663	40.79
0.01862663	40.79
0.01862647	40.79
0.01862647	40.79
0.01862647	40.79
0.01862637	40.79
0.01862637	40.79
0.01862637	40.79
0.01862625	197.594
0.01862625	197.594
0.01862625	197.594
0.01862591	69.464
0.01862591	69.464
0.01862591	69.464
0.01862559	206.794
0.01862559	206.794
0.01862559	206.794
0.01862525	135.491
0.01862525	135.491
0.01862525	135.491
0.01862488	72.727
0.01862488	72.727
0.01862488	72.727
0.01862455	77.467
0.01862455	77.467
0.01862455	77.467
0.01862424	71.639
0.01862424	71.639
0.01862424	71.639
0.01862387	72.883
0.01862387	72.883
0.01862387	72.883
0.01862351	40.79
0.01862351	40.79
0.01862351	40.79
0.01861997	129.216
0.01861997	129.216
0.01861997	129.216
0.01861964	135.591
0.01861964	135.591
0.01861964	135.591
0.01861928	6.22156329
0.01861928	6.22156329
0.01861928	6.22156329
0.01861891	124.28
0.01861891	124.28
0.01861891	124.28
0.0186186	126.747
0.0186186	126.747
0.0186186	126.747
0.01845018	0.00388186
0.01845018	0.00388186
0.01845018	0.00388186
0.01845018	0.00388186
0.01845018	0.00388186
0.01845018	0.00388186
0.01845018	0.00388186
0.01845018	0.00388186
0.01845018	0.00388186
0.01845018	0.00388186
0.01845018	0.00388186
0.01845018	0.00388186
0.01845018	0.00388186
0.01845018	0.00388186
0.01845018	0.00388186
0.01845018	0.00388186
0.01845018	0.00388186
0.01845018	0.00388186
0.01845018	0.00388186
0.01845018	0.00388186
0.01845018	0.00388186
0.01845018	0.00388186
0.01845018	0.00388186
0.01845018	0.00388186
0.01845018	0.00388186
0.01845018	0.00388186
0.01845018	0.00388186
0.01845018	0.00388186
0.01845018	0.00388186
0.01845018	0.00388186
0.01860453	77.545
0.01860453	77.545
0.01860453	77.545
0.01860428	40.79
0.01860428	40.79
0.01860428	40.79
0.01860413	24.688
0.01860413	24.688
0.01860413	24.688
0.01860406	40.79
0.01860406	40.79
0.01860406	40.79
0.01860392	6.5263751
0.01860392	6.5263751
0.01860392	6.5263751
0.01860368	0.30135734
0.01860368	0.30135734
0.01860368	0.30135734
0.01860346	6.52653648
0.01860346	6.52653648
0.01860346	6.52653648
0.01861479	6.52256406
0.01861479	6.52256406
0.01861479	6.52256406
0.01859998	0.30135734
0.01859998	0.30135734
0.01859998	0.30135734
0.01859998	0.30135734
0.01859998	0.30135734
0.01859998	0.30135734
0.0186138	76.146
0.0186138	76.146
0.0186138	76.146
0.01861342	142.875
0.01861342	142.875
0.01861342	142.875
0.01861304	0.30135734
0.01861304	0.30135734
0.01861304	0.30135734
0.01861279	0.30135734
0.01861279	0.30135734
0.01861279	0.30135734
0.01861255	6.82470639
0.01861255	6.82470639
0.01861255	6.82470639
0.01861227	176.606
0.01861227	176.606
0.01861227	176.606
0.01859989	0.30135734
0.01859989	0.30135734
0.01859989	0.30135734
0.01859966	135.60035734
0.01859966	135.60035734
0.01859966	135.60035734
0.01859958	0.30135734
0.01859958	0.30135734
0.01859958	0.30135734
0.01854998	0.30135734
0.01854998	0.30135734
0.01854998	0.30135734
0.01854998	0.30135734
0.01854998	0.30135734
0.01854998	0.30135734
0.01854998	0.30135734
0.01854998	0.30135734
0.01854998	0.30135734
0.01854998	0.30135734
0.01854998	0.30135734
0.01854998	0.30135734
0.01854998	0.30135734
0.01854998	0.30135734
0.01854998	0.30135734
0.01859998	0.30135734
0.01859998	0.30135734
0.01859998	0.30135734
0.01859998	0.30135734
0.01859998	0.30135734
0.01859998	0.30135734
0.0186	34.10649832
0.0186	34.10649832
0.0186	34.10649832
0.0186	34.10649832
0.0186	34.10649832
0.0186	34.10649832
0.0186	34.10649832
0.0186	34.10649832
0.0186	34.10649832
0.0186	28.7979331
0.0186	28.7979331
0.0186	28.7979331
0.0186	30.7979331
0.0186	30.7979331
0.0186	30.7979331
0.0186	30.7979331
0.0186	30.7979331
0.0186	30.7979331
0.01859999	40.79
0.01859999	40.79
0.01859999	40.79
0.0186	30.7979331
0.0186	30.7979331
0.0186	30.7979331
0.01859999	40.79
0.01859999	40.79
0.01859999	40.79
0.0186	0.33491723
0.0186	0.33491723
0.0186	0.33491723
0.0186	0.33491723
0.0186	0.33491723
0.0186	0.33491723
0.0186	0.33491723
0.0186	0.33491723
0.0186	0.33491723
0.0186	0.33491723
0.0186	0.33491723
0.0186	0.33491723
0.01865742	27.17385396
0.01865742	27.17385396
0.01865742	27.17385396
0.01865742	27.17385396
0.01865742	27.17385396
0.01865742	27.17385396
0.01865742	27.17385396
0.01865742	27.17385396
0.01865742	27.17385396
0.01865742	27.17385396
0.01865742	27.17385396
0.01865742	27.17385396
0.01865742	27.17385396
0.01865742	27.17385396
0.01865742	27.17385396
0.01865742	46.22755105
0.01865742	46.22755105
0.01865742	46.22755105
0.01865742	46.22755105
0.01865742	46.22755105
0.01865742	46.22755105
0.01865742	46.49850823
0.01865742	46.49850823
0.01865742	46.49850823
0.01865742	46.49850823
0.01865742	46.49850823
0.01865742	46.49850823
0.01865742	46.49850823
0.01865742	46.49850823
0.01865742	46.49850823
0.01865742	83.20156784
0.01865742	83.20156784
0.01865742	83.20156784
0.01865742	83.20156784
0.01865742	83.20156784
0.01865742	83.20156784
0.01865742	82.93061066
0.01865742	82.93061066
0.01865742	82.93061066
0.0187	0.05451415
0.0187	0.05451415
0.0187	0.05451415
0.0187	0.05451415
0.0187	0.05451415
0.0187	0.05451415
0.0187	0.05451415
0.0187	0.05451415
0.0187	0.05451415
0.0187	0.05451415
0.0187	0.05451415
0.0187	0.05451415
0.0187	0.05451415
0.0187	0.05451415
0.0187	0.05451415
0.0187	0.05451415
0.0187	0.05451415
0.0187	0.05451415
0.0187	0.05451415
0.0187	0.05451415
0.0187	0.05451415
0.0187	0.05451415
0.0187	0.05451415
0.0187	0.05451415
0.0187	0.05451415
0.0187	0.05451415
0.0187	0.05451415
0.0187	0.32474016
0.0187	0.32474016
0.0187	0.32474016
0.0187	0.32474016
0.0187	0.32474016
0.0187	0.32474016
0.0187	0.32474016
0.0187	0.32474016
0.0187	0.32474016
0.0187	0.32474016
0.0187	0.32474016
0.0187	0.32474016
0.0187	0.32474016
0.0187	0.32474016
0.0187	0.32474016
0.0187	0.32474016
0.0187	0.32474016
0.0187	0.32474016
0.0187	0.32474016
0.0187	0.32474016
0.0187	0.32474016
0.01875201	76.068
0.01875201	76.068
0.01875201	76.068
0.01874177	172.813
0.01874177	172.813
0.01874177	172.813
0.01874145	216.29072565
0.01874145	216.29072565
0.01874145	216.29072565
0.0187411	76.224
0.0187411	76.224
0.0187411	76.224
0.01874076	182.612
0.01874076	182.612
0.01874076	182.612
0.01874045	77.001
0.01874045	77.001
0.01874045	77.001
0.01874015	77.622
0.01874015	77.622
0.01874015	77.622
0.01873986	134.853
0.01873986	134.853
0.01873986	134.853
0.01873954	186.26
0.01873954	186.26
0.01873954	186.26
0.01873926	133.466
0.01873926	133.466
0.01873926	133.466
0.01873893	73.97
0.01873893	73.97
0.01873893	73.97
0.01873863	75.524
0.01873863	75.524
0.01873863	75.524
0.01873835	142.648
0.01873835	142.648
0.01873835	142.648
0.01873806	75.991
0.01873806	75.991
0.01873806	75.991
0.01872797	172.903
0.01872797	172.903
0.01872797	172.903
0.01872797	40.79
0.01872797	40.79
0.01872797	40.79
0.01872797	40.79
0.01872797	40.79
0.01872797	40.79
0.01872798	19.29355045
0.01872798	19.29355045
0.01872798	19.29355045
0.01872798	19.29355045
0.01872798	19.29355045
0.01872798	19.29355045
0.01875785	4.90272565
0.01875785	4.90272565
0.01875785	4.90272565
0.01874786	19.29355045
0.01874786	19.29355045
0.01874786	19.29355045
0.01875786	0.89317412
0.01875786	0.89317412
0.01875786	0.89317412
0.01874786	19.29355045
0.01874786	19.29355045
0.01874786	19.29355045
0.01875786	0.89317412
0.01875786	0.89317412
0.01875786	0.89317412
0.01874786	19.29355045
0.01874786	19.29355045
0.01874786	19.29355045
0.01875786	0.89317412
0.01875786	0.89317412
0.01875786	0.89317412
0.01874786	19.29355045
0.01874786	19.29355045
0.01874786	19.29355045
0.01874785	19.29355045
0.01874785	19.29355045
0.01874785	19.29355045
0.01875785	40.79
0.01875785	40.79
0.01875785	40.79
0.01875785	40.79
0.01875785	40.79
0.01875785	40.79
0.01875786	0.89317412
0.01875786	0.89317412
0.01875786	0.89317412
0.01875786	0.89317412
0.01875786	0.89317412
0.01875786	0.89317412
0.01874778	132.047
0.01874778	132.047
0.01874778	132.047
0.01874775	40.79
0.01874775	40.79
0.01874775	40.79
0.01874775	40.79
0.01874775	40.79
0.01874775	40.79
0.01874785	40.79
0.01874785	40.79
0.01874785	40.79
0.01874781	40.79
0.01874781	40.79
0.01874781	40.79
0.01874781	40.75325387
0.01874781	40.75325387
0.01874781	40.75325387
0.01873781	19.29355045
0.01873781	19.29355045
0.01873781	19.29355045
0.0187378	40.79
0.0187378	40.79
0.0187378	40.79
0.0187378	40.79
0.0187378	40.79
0.0187378	40.79
0.0187378	40.79
0.0187378	40.79
0.0187378	40.79
0.0187378	40.79
0.0187378	40.79
0.0187378	40.79
0.0187378	40.79
0.0187378	40.79
0.0187378	40.79
0.0187378	40.79
0.0187378	40.79
0.0187378	40.79
0.01874781	40.79
0.01874781	40.79
0.01874781	40.79
0.01874753	74.825
0.01874753	74.825
0.01874753	74.825
0.0187374	22.361
0.0187374	22.361
0.0187374	22.361
0.01873712	154.795
0.01873712	154.795
0.01873712	154.795
0.01872693	175.118
0.01872693	175.118
0.01872693	175.118
0.01872693	175.118
0.01872693	175.118
0.01872693	175.118
0.01872675	40.79
0.01872675	40.79
0.01872675	40.79
0.0185	3.9e-07
0.0185	3.9e-07
0.0185	3.9e-07
0.01872625	131.182
0.01872625	131.182
0.01872625	131.182
0.01872604	131.635
0.01872604	131.635
0.01872604	131.635
0.01872583	6.48960585
0.01872583	6.48960585
0.01872583	6.48960585
0.01872565	47.27966823
0.01872565	47.27966823
0.01872565	47.27966823
0.018725	4.95
0.018725	4.95
0.018725	4.95
0.01872482	71.95
0.01872482	71.95
0.01872482	71.95
0.01872467	6.49000788
0.01872467	6.49000788
0.01872467	6.49000788
0.01872449	184.108
0.01872449	184.108
0.01872449	184.108
0.01879997	6.46401329
0.01879997	6.46401329
0.01879997	6.46401329
0.01879987	6.46404767
0.01879987	6.46404767
0.01879987	6.46404767
0.01878974	47.25753259
0.01878974	47.25753259
0.01878974	47.25753259
0.01878966	40.79
0.01878966	40.79
0.01878966	40.79
0.0187895	40.79
0.0187895	40.79
0.0187895	40.79
0.01878943	6.4676393
0.01878943	6.4676393
0.01878943	6.4676393
0.01878933	6.46767372
0.01878933	6.46767372
0.01878933	6.46767372
0.01879998	0.2
0.01879998	0.2
0.01879998	0.2
0.01879998	0.2
0.01879998	0.2
0.01879998	0.2
0.01879998	0.2
0.01879998	0.2
0.01879998	0.2
0.01879998	0.2
0.01879998	0.2
0.01879998	0.2
0.01879998	0.2
0.01879998	0.2
0.01879998	0.2
0.01879998	0.2
0.01879998	0.2
0.01879998	0.2
0.01879998	0.2
0.01879998	0.2
0.01879998	0.2
0.01879998	0.2
0.01879998	0.2
0.01879998	0.2
0.01879994	40.79
0.01879994	40.79
0.01879994	40.79
0.01879976	6.46408549
0.01879976	6.46408549
0.01879976	6.46408549
0.01879959	40.79
0.01879959	40.79
0.01879959	40.79
0.01879951	6.46417145
0.01879951	6.46417145
0.01879951	6.46417145
0.01879931	71.096
0.01879931	71.096
0.01879931	71.096
0.01879896	76.17554195
0.01879896	76.17554195
0.01879896	76.17554195
0.01879858	71.251
0.01879858	71.251
0.01879858	71.251
0.01879823	70.163
0.01879823	70.163
0.01879823	70.163
0.01879749	69.231
0.01879749	69.231
0.01879749	69.231
0.01879666	134.545
0.01879666	134.545
0.01879666	134.545
0.01879631	72.106
0.01879631	72.106
0.01879631	72.106
0.01879596	77.234
0.01879596	77.234
0.01879596	77.234
0.01879533	26.79363276
0.01879533	26.79363276
0.01879533	26.79363276
0.01879447	26.79364711
0.01879447	26.79364711
0.01879447	26.79364711
0.01879354	69.231
0.01879354	69.231
0.01879354	69.231
0.01879263	15.06468903
0.01879263	15.06468903
0.01879263	15.06468903
0.01879213	71.173
0.01879213	71.173
0.01879213	71.173
0.01879176	69.386
0.01879176	69.386
0.01879176	69.386
0.01879147	79.37798458
0.01879147	79.37798458
0.01879147	79.37798458
0.0187911	58.647
0.0187911	58.647
0.0187911	58.647
0.01879081	75.214
0.01879081	75.214
0.01879081	75.214
0.01879047	76.612
0.01879047	76.612
0.01879047	76.612
0.01879015	110.45952684
0.01879015	110.45952684
0.01879015	110.45952684
0.0187898	70.163
0.0187898	70.163
0.0187898	70.163
0.01878949	69.153
0.01878949	69.153
0.01878949	69.153
0.0187891	69.231
0.0187891	69.231
0.0187891	69.231
0.0187887	75.058
0.0187887	75.058
0.0187887	75.058
0.0187884	77.001
0.0187884	77.001
0.0187884	77.001
0.01878807	118.179
0.01878807	118.179
0.01878807	118.179
0.01878775	73.349
0.01878775	73.349
0.01878775	73.349
0.01878742	69.153
0.01878742	69.153
0.01878742	69.153
0.01878655	140.66012038
0.01878655	140.66012038
0.01878655	140.66012038
0.01878595	71.639
0.01878595	71.639
0.01878595	71.639
0.01878493	205.704
0.01878493	205.704
0.01878493	205.704
0.01858087	0.81714814
0.01858087	0.81714814
0.01858087	0.81714814
0.01858087	0.81714814
0.01858087	0.81714814
0.01858087	0.81714814
0.01858087	0.81714814
0.01858087	0.81714814
0.01858087	0.81714814
0.01858087	0.81714814
0.01858087	0.81714814
0.01858087	0.81714814
0.01858087	0.81714814
0.01858087	0.81714814
0.01858087	0.81714814
0.01858087	0.81714814
0.01858087	0.81714814
0.01858087	0.81714814
0.01858087	0.81714814
0.01858087	0.81714814
0.01858087	0.81714814
0.01858087	0.81714814
0.01858087	0.81714814
0.01858087	0.81714814
0.01858087	0.81714814
0.01858087	0.81714814
0.01858087	0.81714814
0.01858087	0.81714814
0.01858087	0.81714814
0.01858087	0.81714814
0.01858087	0.81714814
0.01858087	0.81714814
0.01858087	0.81714814
0.01858087	0.81714814
0.01858087	0.81714814
0.01858087	0.81714814
0.01858087	0.81714814
0.01858087	0.81714814
0.01858087	0.81714814
0.01858087	0.81714814
0.01858087	0.81714814
0.01858087	0.81714814
0.01858086	0.03050176
0.01858086	0.03050176
0.01858086	0.03050176
0.01858085	0.03039085
0.01858085	0.03039085
0.01858085	0.03039085
0.01858084	0.03119133
0.01858084	0.03119133
0.01858084	0.03119133
0.01858087	0.0008965
0.01858087	0.0008965
0.01858087	0.0008965
0.01875898	40.79
0.01875898	40.79
0.01875898	40.79
0.01875898	40.79
0.01875898	40.79
0.01875898	40.79
0.01875898	40.79
0.01875898	40.79
0.01875898	40.79
0.01875898	40.79
0.01875898	40.79
0.01875898	40.79
0.01875898	40.79
0.01875898	40.79
0.01875898	40.79
0.01875898	40.79
0.01875898	40.79
0.01875898	40.79
0.01875898	40.79
0.01875898	40.79
0.01875898	40.79
0.01875898	40.79
0.01875898	40.79
0.01875898	40.79
0.01875898	40.79
0.01875898	40.79
0.01875898	40.79
0.01875898	40.79
0.01875898	40.79
0.01875898	40.79
0.01875898	38.09977846
0.01875898	38.09977846
0.01875898	38.09977846
0.01875898	38.09977846
0.01875898	38.09977846
0.01875898	38.09977846
0.01875898	38.09977846
0.01875898	38.09977846
0.01875898	38.09977846
0.01875898	33.47311146
0.01875898	33.47311146
0.01875898	33.47311146
0.01875898	10.42193479
0.01875898	10.42193479
0.01875898	10.42193479
0.01875898	10.42193479
0.01875898	10.42193479
0.01875898	10.42193479
0.01875898	10.42193479
0.01875898	10.42193479
0.01875898	10.42193479
0.01875898	10.42193479
0.01875898	10.42193479
0.01875898	10.42193479
0.01875898	10.42193479
0.01875898	10.42193479
0.01875898	10.42193479
0.01875898	10.42193479
0.01875898	10.42193479
0.01875898	10.42193479
0.01875898	10.42193479
0.01875898	10.42193479
0.01875898	10.42193479
0.01875896	139.358
0.01875896	139.358
0.01875896	139.358
0.01875898	8.16316479
0.01875898	8.16316479
0.01875898	8.16316479
0.01875897	40.79
0.01875897	40.79
0.01875897	40.79
0.01875786	94.433
0.01875786	94.433
0.01875786	94.433
0.01875755	72.183
0.01875755	72.183
0.01875755	72.183
0.01875711	0.75698924
0.01875711	0.75698924
0.01875711	0.75698924
0.01875639	73.116
0.01875639	73.116
0.01875639	73.116
0.01875601	72.339
0.01875601	72.339
0.01875601	72.339
0.01875541	133.889
0.01875541	133.889
0.01875541	133.889
0.01875452	70.474
0.01875452	70.474
0.01875452	70.474
0.01875348	26.87253175
0.01875348	26.87253175
0.01875348	26.87253175
0.0187525	257.54998
0.0187525	257.54998
0.0187525	257.54998
0.01875161	70.552
0.01875161	70.552
0.01875161	70.552
0.01875073	131.986
0.01875073	131.986
0.01875073	131.986
0.0186449	73.193
0.0186449	73.193
0.0186449	73.193
0.01864462	40.79
0.01864462	40.79
0.01864462	40.79
0.01864432	115.986
0.01864432	115.986
0.01864432	115.986
0.018645	50.22222309
0.018645	50.22222309
0.018645	50.22222309
0.01864499	40.79
0.01864499	40.79
0.01864499	40.79
0.01864497	93.33866
0.01864497	93.33866
0.01864497	93.33866
0.01864487	93.23492
0.01864487	93.23492
0.01864487	93.23492
0.01864487	93.23492
0.01864487	93.23492
0.01864487	93.23492
0.01874859	134.3785
0.01874859	134.3785
0.01874859	134.3785
0.01874819	144.517
0.01874819	144.517
0.01874819	144.517
0.01874783	78.38370001
0.01874783	78.38370001
0.01874783	78.38370001
0.01864401	93.9767
0.01864401	93.9767
0.01864401	93.9767
0.01864401	93.9767
0.01864401	93.9767
0.01864401	93.9767
0.01864401	93.9767
0.01864401	93.9767
0.01864401	93.9767
0.01864401	93.9767
0.01864401	93.9767
0.01864401	93.9767
0.01864401	93.9767
0.01864401	93.9767
0.01864401	93.9767
0.01864386	58.51332
0.01864386	58.51332
0.01864386	58.51332
0.01864379	94.18964
0.01864379	94.18964
0.01864379	94.18964
0.01864379	94.18964
0.01864379	94.18964
0.01864379	94.18964
0.01864354	75.136
0.01864354	75.136
0.01864354	75.136
0.01864323	77.234
0.01864323	77.234
0.01864323	77.234
0.01855	127.8821815
0.01855	127.8821815
0.01855	127.8821815
0.01855	127.8821815
0.01855	127.8821815
0.01855	127.8821815
0.01854995	53.43084
0.01854995	53.43084
0.01854995	53.43084
0.01854978	93.0875
0.01854978	93.0875
0.01854978	93.0875
0.01854959	40.79
0.01854959	40.79
0.01854959	40.79
0.01849973	70.629
0.01849973	70.629
0.01849973	70.629
0.01849935	76.534
0.01849935	76.534
0.01849935	76.534
0.01849901	75.136
0.01849901	75.136
0.01849901	75.136
0.01849831	85.98553923
0.01849831	85.98553923
0.01849831	85.98553923
0.01849788	75.369
0.01849788	75.369
0.01849788	75.369
0.01849753	68.998
0.01849753	68.998
0.01849753	68.998
0.01849719	75.758
0.01849719	75.758
0.01849719	75.758
0.01849647	6.67823794
0.01849647	6.67823794
0.01849647	6.67823794
0.01849546	27.23973252
0.01849546	27.23973252
0.01849546	27.23973252
0.01849449	27.23974736
0.01849449	27.23974736
0.01849449	27.23974736
0.01849408	69.697
0.01849408	69.697
0.01849408	69.697
0.01849376	141.127
0.01849376	141.127
0.01849376	141.127
0.01849349	71.406
0.01849349	71.406
0.01849349	71.406
0.01850116	6.67654503
0.01850116	6.67654503
0.01850116	6.67654503
0.01850116	6.67654503
0.01850116	6.67654503
0.01850116	6.67654503
0.01850116	6.67654503
0.01850116	6.67654503
0.01850116	6.67654503
0.01844999	6.69506205
0.01844999	6.69506205
0.01844999	6.69506205
0.01844999	6.69506205
0.01844999	6.69506205
0.01844999	6.69506205
0.01845	42.6931975
0.01845	42.6931975
0.01845	42.6931975
0.01864223	39.81002209
0.01864223	39.81002209
0.01864223	39.81002209
0.01864135	1.69096624
0.01864135	1.69096624
0.01864135	1.69096624
0.01864087	194.492
0.01864087	194.492
0.01864087	194.492
0.01864058	69.386
0.01864058	69.386
0.01864058	69.386
0.01864022	20.339
0.01864022	20.339
0.01864022	20.339
0.01863986	15.025
0.01863986	15.025
0.01863986	15.025
0.01863958	134.199
0.01863958	134.199
0.01863958	134.199
0.01863939	6.62703167
0.01863939	6.62703167
0.01863939	6.62703167
0.01864117	6.62639887
0.01864117	6.62639887
0.01864117	6.62639887
0.01864113	6.62641309
0.01864113	6.62641309
0.01864113	6.62641309
0.01864118	11.40755167
0.01864118	11.40755167
0.01864118	11.40755167
0.01864099	55.81
0.01864099	55.81
0.01864099	55.81
0.01864065	195.714
0.01864065	195.714
0.01864065	195.714
0.01864036	59.398
0.01864036	59.398
0.01864036	59.398
0.01864006	178.313
0.01864006	178.313
0.01864006	178.313
0.01863971	151.715
0.01863971	151.715
0.01863971	151.715
0.01863937	62.131
0.01863937	62.131
0.01863937	62.131
0.01863901	55.307
0.01863901	55.307
0.01863901	55.307
0.01863885	55.59
0.01863885	55.59
0.01863885	55.59
