0.0001705	100.0
0.0001705	100.0
0.0001705	100.0
0.0001705	100.0
0.0001705	100.0
0.0001705	100.0
0.0001705	100.0
0.0001705	100.0
0.0001705	100.0
0.0001705	100.0
0.0001705	100.0
0.0001705	100.0
0.0001705	100.0
0.0001705	100.0
0.0001705	100.0
0.0001705	100.0
0.0001705	100.0
0.0001705	100.0
0.0001705	100.0
0.0001705	100.0
0.0001705	100.0
0.0001705	100.0
0.0001705	100.0
0.0001705	100.0
0.0001705	100.0
0.0001705	100.0
0.0001705	100.0
0.0001705	100.0
0.0001705	100.0
0.0001705	100.0
0.0001705	100.0
0.0001705	100.0
0.0001705	100.0
0.0001705	100.0
0.0001705	100.0
0.0001705	100.0
0.00017051	1070.4
0.00017051	1070.4
0.00017051	1070.4
0.00017051	203.85266428
0.00017051	203.85266428
0.00017051	203.85266428
0.00017051	203.85266428
0.00017051	203.85266428
0.00017051	203.85266428
0.00017051	203.85266428
0.00017051	203.85266428
0.00017051	203.85266428
0.00017051	203.85266428
0.00017051	203.85266428
0.00017051	203.85266428
0.00017051	203.85266428
0.00017051	203.85266428
0.00017051	203.85266428
0.00017051	203.85266428
0.00017051	203.85266428
0.00017051	203.85266428
0.0001705	100.0
0.0001705	100.0
0.0001705	100.0
0.0001705	100.0
0.0001705	100.0
0.0001705	100.0
0.0001705	100.0
0.0001705	100.0
0.0001705	100.0
0.0001705	100.0
0.0001705	100.0
0.0001705	100.0
0.0001705	100.0
0.0001705	100.0
0.0001705	100.0
0.0001705	100.0
0.0001705	100.0
0.0001705	100.0
0.0001705	100.0
0.0001705	100.0
0.0001705	100.0
0.0001705	100.0
0.0001705	100.0
0.0001705	100.0
0.0001705	100.0
0.0001705	100.0
0.0001705	100.0
0.0001705	100.0
0.0001705	100.0
0.0001705	100.0
0.0001705	100.0
0.0001705	100.0
0.0001705	100.0
0.00017058	1260.187
0.00017058	1260.187
0.00017058	1260.187
0.00017062	1451.329
0.00017062	1451.329
0.00017062	1451.329
0.00017062	1451.329
0.00017062	1451.329
0.00017062	1451.329
0.00017062	1451.329
0.00017062	1451.329
0.00017062	1451.329
0.00017062	1451.329
0.00017062	1451.329
0.00017062	1451.329
0.00017062	1451.329
0.00017062	1451.329
0.00017062	1451.329
0.00017062	7751.697
0.00017062	7751.697
0.00017062	7751.697
0.00017062	7751.697
0.00017062	7751.697
0.00017062	7751.697
0.00017062	7751.697
0.00017062	7751.697
0.00017062	7751.697
0.00017062	7751.697
0.00017062	7751.697
0.00017062	7751.697
0.00017062	7751.697
0.00017062	7751.697
0.00017062	7751.697
0.00017063	7007.077
0.00017063	7007.077
0.00017063	7007.077
0.00017057	2193.389
0.00017057	2193.389
0.00017057	2193.389
0.00017058	2136.136
0.00017058	2136.136
0.00017058	2136.136
0.0001705	100.0
0.0001705	100.0
0.0001705	100.0
0.00017099	15.31888183
0.00017099	15.31888183
0.00017099	15.31888183
0.000171	4.18576704
0.000171	4.18576704
0.000171	4.18576704
0.00017099	11.13287
0.00017099	11.13287
0.00017099	11.13287
0.00017099	11.13287
0.00017099	11.13287
0.00017099	11.13287
0.00017099	11.13287
0.00017099	11.13287
0.00017099	11.13287
0.00017099	11.13287
0.00017099	11.13287
0.00017099	11.13287
0.00017099	11.13287
0.00017099	11.13287
0.00017099	11.13287
0.00017099	11.13287
0.00017099	11.13287
0.00017099	11.13287
0.00017099	11.13287
0.00017099	11.13287
0.00017099	11.13287
0.00017079	1494.507
0.00017079	1494.507
0.00017079	1494.507
0.00017052	6269.928
0.00017052	6269.928
0.00017052	6269.928
0.000172	44.31822118
0.000172	44.31822118
0.000172	44.31822118
0.00017201	4.16118925
0.00017201	4.16118925
0.00017201	4.16118925
0.000172	40.15679
0.000172	40.15679
0.000172	40.15679
0.000172	40.15679
0.000172	40.15679
0.000172	40.15679
0.000172	40.15679
0.000172	40.15679
0.000172	40.15679
0.000172	40.15679
0.000172	40.15679
0.000172	40.15679
0.00017201	7595.0
0.00017201	7595.0
0.00017201	7595.0
0.00017216	6930.458
0.00017216	6930.458
0.00017216	6930.458
0.00017217	7599.15732221
0.00017217	7599.15732221
0.00017217	7599.15732221
0.00017217	7599.15732221
0.00017217	7599.15732221
0.00017217	7599.15732221
0.00017217	7599.15732221
0.00017217	7599.15732221
0.00017217	7599.15732221
0.00017217	7599.15732221
0.00017217	7599.15732221
0.00017217	7599.15732221
0.00017217	7599.15732221
0.00017217	7599.15732221
0.00017217	7599.15732221
0.00017217	7599.15732221
0.00017217	7599.15732221
0.00017217	7599.15732221
0.00017217	7599.15732221
0.00017217	7599.15732221
0.00017217	7599.15732221
0.00017217	7599.15732221
0.00017217	7599.15732221
0.00017217	7599.15732221
0.00017217	7599.15732221
0.00017217	7599.15732221
0.00017217	7599.15732221
0.00017217	7599.15732221
0.00017217	7599.15732221
0.00017217	7599.15732221
0.00017227	7595.0
0.00017227	7595.0
0.00017227	7595.0
0.00017236	4.15273941
0.00017236	4.15273941
0.00017236	4.15273941
0.00017236	4.15273941
0.00017236	4.15273941
0.00017236	4.15273941
0.00017236	4.15273941
0.00017236	4.15273941
0.00017236	4.15273941
0.00017236	4.15273941
0.00017236	4.15273941
0.00017236	4.15273941
0.00017236	4.15273941
0.00017236	4.15273941
0.00017236	4.15273941
0.00017236	4.15273941
0.00017236	4.15273941
0.00017236	4.15273941
0.00017236	4.15273941
0.00017236	4.15273941
0.00017236	4.15273941
0.00017236	4.15273941
0.00017236	4.15273941
0.00017236	4.15273941
0.00017236	4.15273941
0.00017236	4.15273941
0.00017236	4.15273941
0.00017236	4.15273941
0.00017236	4.15273941
0.00017236	4.15273941
0.00017057	186.33829758
0.00017057	186.33829758
0.00017057	186.33829758
0.00017082	7595.0
0.00017082	7595.0
0.00017082	7595.0
0.00017109	7595.0
0.00017109	7595.0
0.00017109	7595.0
0.00017138	7595.0
0.00017138	7595.0
0.00017138	7595.0
0.00017162	7595.0
0.00017162	7595.0
0.00017162	7595.0
0.00017181	7489.251
0.00017181	7489.251
0.00017181	7489.251
0.00017206	7595.0
0.00017206	7595.0
0.00017206	7595.0
0.00017217	6872.471
0.00017217	6872.471
0.00017217	6872.471
0.00017218	7599.15708076
0.00017218	7599.15708076
0.00017218	7599.15708076
0.00017218	7599.15708076
0.00017218	7599.15708076
0.00017218	7599.15708076
0.00017218	7599.15708076
0.00017218	7599.15708076
0.00017218	7599.15708076
0.00017218	7599.15708076
0.00017218	7599.15708076
0.00017218	7599.15708076
0.00017218	7599.15708076
0.00017218	7599.15708076
0.00017218	7599.15708076
0.00017218	7599.15708076
0.00017218	7599.15708076
0.00017218	7599.15708076
0.00017218	7599.15708076
0.00017218	7599.15708076
0.00017218	7599.15708076
0.00017219	1746.21948041
0.00017219	1746.21948041
0.00017219	1746.21948041
0.0001722	7599.15659794
0.0001722	7599.15659794
0.0001722	7599.15659794
0.0001722	7599.15659794
0.0001722	7599.15659794
0.0001722	7599.15659794
0.0001722	7599.15659794
0.0001722	7599.15659794
0.0001722	7599.15659794
0.00017221	1737.70396609
0.00017221	1737.70396609
0.00017221	1737.70396609
0.00017221	1737.70396609
0.00017221	1737.70396609
0.00017221	1737.70396609
0.00017221	1737.70396609
0.00017221	1737.70396609
0.00017221	1737.70396609
0.00017223	171.82668737
0.00017223	171.82668737
0.00017223	171.82668737
0.00017223	167.67081345
0.00017223	167.67081345
0.00017223	167.67081345
0.00017231	5082.22194443
0.00017231	5082.22194443
0.00017231	5082.22194443
0.00017232	8.30740674
0.00017232	8.30740674
0.00017232	8.30740674
0.00017233	5272.57946234
0.00017233	5272.57946234
0.00017233	5272.57946234
0.00017233	5272.57946234
0.00017233	5272.57946234
0.00017233	5272.57946234
0.00017234	4.15322134
0.00017234	4.15322134
0.00017234	4.15322134
0.00017255	7302.603
0.00017255	7302.603
0.00017255	7302.603
0.00017265	6272.869
0.00017265	6272.869
0.00017265	6272.869
0.00017221	1737.70396609
0.00017221	1737.70396609
0.00017221	1737.70396609
0.00017265	6277.01476405
0.00017265	6277.01476405
0.00017265	6277.01476405
0.00017265	6277.01476405
0.00017265	6277.01476405
0.00017265	6277.01476405
0.00017265	6277.01476405
0.00017265	6277.01476405
0.00017265	6277.01476405
0.00017267	281.75804674
0.00017267	281.75804674
0.00017267	281.75804674
0.00017283	7595.0
0.00017283	7595.0
0.00017283	7595.0
0.00017271	4.14456377
0.00017271	4.14456377
0.00017271	4.14456377
0.00017293	678.18567537
0.00017293	678.18567537
0.00017293	678.18567537
0.00017295	2928.341
0.00017295	2928.341
0.00017295	2928.341
0.00017294	3240.781
0.00017294	3240.781
0.00017294	3240.781
0.00017294	3240.781
0.00017294	3240.781
0.00017294	3240.781
0.00017294	3240.781
0.00017294	3240.781
0.00017294	3240.781
0.00017295	2453.854
0.00017295	2453.854
0.00017295	2453.854
0.00017239	7147.063
0.00017239	7147.063
0.00017239	7147.063
0.00017256	7520.359
0.00017256	7520.359
0.00017256	7520.359
0.00017256	7520.359
0.00017256	7520.359
0.00017256	7520.359
0.00017222	189.85415447
0.00017222	189.85415447
0.00017222	189.85415447
0.00017222	189.85415447
0.00017222	189.85415447
0.00017222	189.85415447
0.00017222	189.85415447
0.00017222	189.85415447
0.00017222	189.85415447
0.00017222	189.85415447
0.00017222	189.85415447
0.00017222	189.85415447
0.00017222	189.85415447
0.00017222	189.85415447
0.00017222	189.85415447
0.00017214	308.11085265
0.00017214	308.11085265
0.00017214	308.11085265
0.00017214	308.11085265
0.00017214	308.11085265
0.00017214	308.11085265
0.00017214	308.11085265
0.00017214	308.11085265
0.00017214	308.11085265
0.00017214	308.11085265
0.00017214	308.11085265
0.00017214	308.11085265
0.00017221	1741.85021045
0.00017221	1741.85021045
0.00017221	1741.85021045
0.00017221	1741.85021045
0.00017221	1741.85021045
0.00017221	1741.85021045
0.00017214	308.11085265
0.00017214	308.11085265
0.00017214	308.11085265
0.00017063	7014.854
0.00017063	7014.854
0.00017063	7014.854
0.00017083	7559.244
0.00017083	7559.244
0.00017083	7559.244
0.00017102	191.01923249
0.00017102	191.01923249
0.00017102	191.01923249
0.0001712	191.05775571
0.0001712	191.05775571
0.0001712	191.05775571
0.00017124	4.17990052
0.00017124	4.17990052
0.00017124	4.17990052
0.00017124	4.17990052
0.00017124	4.17990052
0.00017124	4.17990052
0.00017124	4.17990052
0.00017124	4.17990052
0.00017124	4.17990052
0.00017113	3388.747
0.00017113	3388.747
0.00017113	3388.747
0.00017125	8.35931288
0.00017125	8.35931288
0.00017125	8.35931288
0.00017116	932.46
0.00017116	932.46
0.00017116	932.46
0.00017125	4.17965644
0.00017125	4.17965644
0.00017125	4.17965644
0.00017125	4.17965644
0.00017125	4.17965644
0.00017125	4.17965644
0.00017126	191.38445153
0.00017126	191.38445153
0.00017126	191.38445153
0.00017125	4.17965644
0.00017125	4.17965644
0.00017125	4.17965644
0.00017051	193.45642945
0.00017051	193.45642945
0.00017051	193.45642945
0.00017051	193.45642945
0.00017051	193.45642945
0.00017051	193.45642945
0.00017053	193.55535205
0.00017053	193.55535205
0.00017053	193.55535205
0.00017053	193.55535205
0.00017053	193.55535205
0.00017053	193.55535205
0.00017053	193.55535205
0.00017053	193.55535205
0.00017053	193.55535205
0.00017053	193.55535205
0.00017053	193.55535205
0.00017053	193.55535205
0.00017053	193.55535205
0.00017053	193.55535205
0.00017053	193.55535205
0.00017053	193.55535205
0.00017053	193.55535205
0.00017053	193.55535205
0.00017053	193.55535205
0.00017053	193.55535205
0.00017053	193.55535205
0.00017053	193.55535205
0.00017053	193.55535205
0.00017053	193.55535205
0.00017053	193.55535205
0.00017053	193.55535205
0.00017053	193.55535205
0.00017053	193.55535205
0.00017053	193.55535205
0.00017053	193.55535205
0.00017051	193.57805516
0.00017051	193.57805516
0.00017051	193.57805516
0.00017052	126.07107136
0.00017052	126.07107136
0.00017052	126.07107136
0.0001705	100.0
0.0001705	100.0
0.0001705	100.0
0.0001705	100.0
0.0001705	100.0
0.0001705	100.0
0.0001705	100.0
0.0001705	100.0
0.0001705	100.0
0.0001705	100.0
0.0001705	100.0
0.0001705	100.0
0.0001705	100.0
0.0001705	100.0
0.0001705	100.0
0.0001705	100.0
0.0001705	100.0
0.0001705	100.0
0.0001705	100.0
0.0001705	100.0
0.0001705	100.0
0.0001705	100.0
0.0001705	100.0
0.0001705	100.0
0.0001705	100.0
0.0001705	100.0
0.0001705	100.0
0.0001705	100.0
0.0001705	100.0
0.0001705	100.0
0.0001705	100.0
0.0001705	100.0
0.0001705	100.0
0.0001705	100.0
0.0001705	100.0
0.0001705	100.0
0.0001705	100.0
0.0001705	100.0
0.0001705	100.0
0.0001705	100.0
0.0001705	100.0
0.0001705	100.0
0.0001705	100.0
0.0001705	100.0
0.0001705	100.0
0.0001705	100.0
0.0001705	100.0
0.0001705	100.0
0.0001705	100.0
0.0001705	100.0
0.0001705	100.0
0.0001705	100.0
0.0001705	100.0
0.0001705	100.0
0.00017052	126.07107136
0.00017052	126.07107136
0.00017052	126.07107136
0.0001705	100.0
0.0001705	100.0
0.0001705	100.0
0.00017052	126.07107136
0.00017052	126.07107136
0.00017052	126.07107136
0.00016853	6743.788
0.00016853	6743.788
0.00016853	6743.788
0.0001685	100.0
0.0001685	100.0
0.0001685	100.0
0.0001685	100.0
0.0001685	100.0
0.0001685	100.0
0.0001685	100.0
0.0001685	100.0
0.0001685	100.0
0.00016858	1751.51075931
0.00016858	1751.51075931
0.00016858	1751.51075931
0.00016867	7793.42139416
0.00016867	7793.42139416
0.00016867	7793.42139416
0.000169	5217.105
0.000169	5217.105
0.000169	5217.105
0.000169	198.0339441
0.000169	198.0339441
0.000169	198.0339441
0.000169	198.0339441
0.000169	198.0339441
0.000169	198.0339441
0.000169	198.0339441
0.000169	198.0339441
0.000169	198.0339441
0.000169	198.0339441
0.000169	198.0339441
0.000169	198.0339441
0.000169	198.0339441
0.000169	198.0339441
0.000169	198.0339441
0.000169	198.0339441
0.000169	198.0339441
0.000169	198.0339441
0.00016866	1683.431
0.00016866	1683.431
0.00016866	1683.431
0.00016868	1671.219
0.00016868	1671.219
0.00016868	1671.219
0.00016869	198.39786919
0.00016869	198.39786919
0.00016869	198.39786919
0.00016869	198.39786919
0.00016869	198.39786919
0.00016869	198.39786919
0.00016873	198.35083597
0.00016873	198.35083597
0.00016873	198.35083597
0.0001689	7232.61
0.0001689	7232.61
0.0001689	7232.61
0.0001689	7232.61
0.0001689	7232.61
0.0001689	7232.61
0.00016902	1200.852
0.00016902	1200.852
0.00016902	1200.852
0.00016923	197.76479674
0.00016923	197.76479674
0.00016923	197.76479674
0.00016943	197.53134954
0.00016943	197.53134954
0.00016943	197.53134954
0.00016946	1310.298
0.00016946	1310.298
0.00016946	1310.298
0.00016946	1310.298
0.00016946	1310.298
0.00016946	1310.298
0.00016947	197.48472622
0.00016947	197.48472622
0.00016947	197.48472622
0.00016946	1310.298
0.00016946	1310.298
0.00016946	1310.298
0.00016947	197.48472622
0.00016947	197.48472622
0.00016947	197.48472622
0.0001685	100.0
0.0001685	100.0
0.0001685	100.0
0.0001685	100.0
0.0001685	100.0
0.0001685	100.0
0.00016776	4301.796
0.00016776	4301.796
0.00016776	4301.796
0.0001685	100.0
0.0001685	100.0
0.0001685	100.0
0.0001685	100.0
0.0001685	100.0
0.0001685	100.0
0.0001685	100.0
0.0001685	100.0
0.0001685	100.0
0.0001685	100.0
0.0001685	100.0
0.0001685	100.0
0.0001685	100.0
0.0001685	100.0
0.0001685	100.0
0.0001685	100.0
0.0001685	100.0
0.0001685	100.0
0.0001685	100.0
0.0001685	100.0
0.0001685	100.0
0.0001685	100.0
0.0001685	100.0
0.0001685	100.0
0.0001685	100.0
0.0001685	100.0
0.0001685	100.0
0.0001685	100.0
0.0001685	100.0
0.0001685	100.0
0.0001685	100.0
0.0001685	100.0
0.0001685	100.0
0.0001685	100.0
0.0001685	100.0
0.0001685	100.0
0.0001685	100.0
0.0001685	100.0
0.0001685	100.0
0.0001685	100.0
0.0001685	100.0
0.0001685	100.0
0.0001685	100.0
0.0001685	100.0
0.0001685	100.0
0.00016858	3.00378757
0.00016858	3.00378757
0.00016858	3.00378757
0.00016859	3.00016525
0.00016859	3.00016525
0.00016859	3.00016525
0.00016859	3.00016525
0.00016859	3.00016525
0.00016859	3.00016525
0.00016905	10.14647006
0.00016905	10.14647006
0.00016905	10.14647006
0.0001685	100.0
0.0001685	100.0
0.0001685	100.0
0.0001685	100.0
0.0001685	100.0
0.0001685	100.0
0.00016851	7745.955
0.00016851	7745.955
0.00016851	7745.955
0.00016946	4.09692146
0.00016946	4.09692146
0.00016946	4.09692146
0.00016949	94.42296943
0.00016949	94.42296943
0.00016949	94.42296943
0.0001695	4.22280923
0.0001695	4.22280923
0.0001695	4.22280923
0.0001695	4.22280923
0.0001695	4.22280923
0.0001695	4.22280923
0.0001695	4.22280923
0.0001695	4.22280923
0.0001695	4.22280923
0.0001695	4.22280923
0.0001695	4.22280923
0.0001695	4.22280923
0.0001695	4.22280923
0.0001695	4.22280923
0.0001695	4.22280923
0.0001695	4.22280923
0.0001695	4.22280923
0.0001695	4.22280923
0.0001695	646.19180923
0.0001695	646.19180923
0.0001695	646.19180923
0.0001695	646.19180923
0.0001695	646.19180923
0.0001695	646.19180923
0.0001695	646.19180923
0.0001695	646.19180923
0.0001695	646.19180923
0.00016957	7595.0
0.00016957	7595.0
0.00016957	7595.0
0.0001695	702.59580923
0.0001695	702.59580923
0.0001695	702.59580923
0.00016957	7595.0
0.00016957	7595.0
0.00016957	7595.0
0.00016949	94.42296943
0.00016949	94.42296943
0.00016949	94.42296943
0.00016975	745.88
0.00016975	745.88
0.00016975	745.88
0.00016996	622.045
0.00016996	622.045
0.00016996	622.045
0.00016962	195.99681348
0.00016962	195.99681348
0.00016962	195.99681348
0.00016962	195.99681348
0.00016962	195.99681348
0.00016962	195.99681348
0.00016977	7287.049
0.00016977	7287.049
0.00016977	7287.049
0.00016993	7677.015
0.00016993	7677.015
0.00016993	7677.015
0.00017015	7002.517
0.00017015	7002.517
0.00017015	7002.517
0.00017018	195.35185981
0.00017018	195.35185981
0.00017018	195.35185981
0.00017018	195.35185981
0.00017018	195.35185981
0.00017018	195.35185981
0.00017019	4704.183
0.00017019	4704.183
0.00017019	4704.183
0.00016962	7302.603
0.00016962	7302.603
0.00016962	7302.603
0.00016982	7745.892
0.00016982	7745.892
0.00016982	7745.892
0.00017002	7131.509
0.00017002	7131.509
0.00017002	7131.509
0.00017012	7349.265
0.00017012	7349.265
0.00017012	7349.265
0.00017014	30.0864827
0.00017014	30.0864827
0.00017014	30.0864827
0.00017015	4.20667743
0.00017015	4.20667743
0.00017015	4.20667743
0.00017012	7349.265
0.00017012	7349.265
0.00017012	7349.265
0.00017012	7349.265
0.00017012	7349.265
0.00017012	7349.265
0.00017022	4.20494751
0.00017022	4.20494751
0.00017022	4.20494751
0.00017012	7349.265
0.00017012	7349.265
0.00017012	7349.265
0.00017015	4.20667743
0.00017015	4.20667743
0.00017015	4.20667743
0.0001695	196.8763474
0.0001695	196.8763474
0.0001695	196.8763474
0.0001695	196.8763474
0.0001695	196.8763474
0.0001695	196.8763474
0.00017015	196.12424852
0.00017015	196.12424852
0.00017015	196.12424852
0.0001702	50.0
0.0001702	50.0
0.0001702	50.0
0.00017028	3879.474
0.00017028	3879.474
0.00017028	3879.474
0.0001702	50.0
0.0001702	50.0
0.0001702	50.0
0.00017029	1518.80721901
0.00017029	1518.80721901
0.00017029	1518.80721901
0.00017044	954.731
0.00017044	954.731
0.00017044	954.731
0.00017042	8.40051832
0.00017042	8.40051832
0.00017042	8.40051832
0.00017032	1069.548
0.00017032	1069.548
0.00017032	1069.548
0.0001707	4.1931234
0.0001707	4.1931234
0.0001707	4.1931234
0.0001702	50.0
0.0001702	50.0
0.0001702	50.0
0.0001702	50.0
0.0001702	50.0
0.0001702	50.0
0.00017036	710.231
0.00017036	710.231
0.00017036	710.231
0.00017036	710.231
0.00017036	710.231
0.00017036	710.231
0.00017073	33.66873655
0.00017073	33.66873655
0.00017073	33.66873655
0.00017074	4.19214106
0.00017074	4.19214106
0.00017074	4.19214106
0.00017074	4.19214106
0.00017074	4.19214106
0.00017074	4.19214106
0.000171	54.18576705
0.000171	54.18576705
0.000171	54.18576705
0.00017073	29.47634994
0.00017073	29.47634994
0.00017073	29.47634994
0.00017073	29.47634994
0.00017073	29.47634994
0.00017073	29.47634994
0.00017073	29.47634994
0.00017073	29.47634994
0.00017073	29.47634994
0.00017073	29.47634994
0.00017073	29.47634994
0.00017073	29.47634994
0.00017073	29.47634994
0.00017073	29.47634994
0.00017073	29.47634994
0.0001695	197.39236015
0.0001695	197.39236015
0.0001695	197.39236015
0.00016952	197.92115036
0.00016952	197.92115036
0.00016952	197.92115036
0.00016953	6086.369
0.00016953	6086.369
0.00016953	6086.369
0.00016952	197.92115036
0.00016952	197.92115036
0.00016952	197.92115036
0.00016971	6064.359
0.00016971	6064.359
0.00016971	6064.359
0.00016989	6064.359
0.00016989	6064.359
0.00016989	6064.359
0.00017002	197.33909781
0.00017002	197.33909781
0.00017002	197.33909781
0.00017015	6288.49
0.00017015	6288.49
0.00017015	6288.49
0.00017005	197.3042835
0.00017005	197.3042835
0.00017005	197.3042835
0.00017009	7792.25788353
0.00017009	7792.25788353
0.00017009	7792.25788353
0.00016955	197.8861304
0.00016955	197.8861304
0.00016955	197.8861304
0.00017044	1360.15451985
0.00017044	1360.15451985
0.00017044	1360.15451985
0.00017044	1360.15451985
0.00017044	1360.15451985
0.00017044	1360.15451985
0.00017044	1360.15451985
0.00017044	1360.15451985
0.00017044	1360.15451985
0.00017044	1360.15451985
0.00017044	1360.15451985
0.00017044	1360.15451985
0.00016952	197.92115036
0.00016952	197.92115036
0.00016952	197.92115036
0.00017051	3406.87479581
0.00017051	3406.87479581
0.00017051	3406.87479581
0.00017051	3406.87479581
0.00017051	3406.87479581
0.00017051	3406.87479581
0.00017051	3406.87479581
0.00017051	3406.87479581
0.00017051	3406.87479581
0.00017051	3406.87479581
0.00017051	3406.87479581
0.00017051	3406.87479581
0.00017054	7595.0
0.00017054	7595.0
0.00017054	7595.0
0.00017055	11807.76
0.00017055	11807.76
0.00017055	11807.76
0.00016967	7595.0
0.00016967	7595.0
0.00016967	7595.0
0.00016983	7595.0
0.00016983	7595.0
0.00016983	7595.0
0.00016999	7595.0
0.00016999	7595.0
0.00016999	7595.0
0.00017016	197.17673607
0.00017016	197.17673607
0.00017016	197.17673607
0.00017061	7595.0
0.00017061	7595.0
0.00017061	7595.0
0.00017078	225.76271607
0.00017078	225.76271607
0.00017078	225.76271607
0.00017102	7624.03529901
0.00017102	7624.03529901
0.00017102	7624.03529901
0.00017072	4.19263218
0.00017072	4.19263218
0.00017072	4.19263218
0.00017149	7123.732
0.00017149	7123.732
0.00017149	7123.732
0.0001718	7595.0
0.0001718	7595.0
0.0001718	7595.0
0.00017649	179.99999972
0.00017649	179.99999972
0.00017649	179.99999972
0.00017649	179.99999972
0.00017649	179.99999972
0.00017649	179.99999972
0.00017516	1474.393
0.00017516	1474.393
0.00017516	1474.393
0.00017536	1317.607
0.00017536	1317.607
0.00017536	1317.607
0.00017404	4.1928115
0.00017404	4.1928115
0.00017404	4.1928115
0.00017404	4.1928115
0.00017404	4.1928115
0.00017404	4.1928115
0.00017404	4.1928115
0.00017404	4.1928115
0.00017404	4.1928115
0.00017404	4.1928115
0.00017404	4.1928115
0.00017404	4.1928115
0.00017404	4.1928115
0.00017404	4.1928115
0.00017404	4.1928115
0.00017501	281.75804674
0.00017501	281.75804674
0.00017501	281.75804674
0.00017501	281.75804674
0.00017501	281.75804674
0.00017501	281.75804674
0.00017501	281.75804674
0.00017501	281.75804674
0.00017501	281.75804674
0.00017501	281.75804674
0.00017501	281.75804674
0.00017501	281.75804674
0.00017502	10.0
0.00017502	10.0
0.00017502	10.0
0.00017502	10.0
0.00017502	10.0
0.00017502	10.0
0.00017502	10.0
0.00017502	10.0
0.00017502	10.0
0.00017502	10.0
0.00017502	10.0
0.00017502	10.0
0.00017502	10.0
0.00017502	10.0
0.00017502	10.0
0.00017502	10.0
0.00017502	10.0
0.00017502	10.0
0.00017423	193.27104747
0.00017423	193.27104747
0.00017423	193.27104747
0.00017423	193.27104747
0.00017423	193.27104747
0.00017423	193.27104747
0.00017405	193.47431699
0.00017405	193.47431699
0.00017405	193.47431699
0.00017405	193.47431699
0.00017405	193.47431699
0.00017405	193.47431699
0.00017502	9.6591742
0.00017502	9.6591742
0.00017502	9.6591742
0.00017502	9.6591742
0.00017502	9.6591742
0.00017502	9.6591742
0.00017502	9.6591742
0.00017502	9.6591742
0.00017502	9.6591742
0.00017502	9.6591742
0.00017502	9.6591742
0.00017502	9.6591742
0.00017405	193.47431699
0.00017405	193.47431699
0.00017405	193.47431699
0.00017405	193.47431699
0.00017405	193.47431699
0.00017405	193.47431699
0.00017405	193.47431699
0.00017405	193.47431699
0.00017405	193.47431699
0.00017405	193.47431699
0.00017405	193.47431699
0.00017405	193.47431699
0.00017405	193.47431699
0.00017405	193.47431699
0.00017405	193.47431699
0.00017405	193.47431699
0.00017405	193.47431699
0.00017405	193.47431699
0.00017405	193.47431699
0.00017405	193.47431699
0.00017405	193.47431699
0.00017405	193.47431699
0.00017405	193.47431699
0.00017405	193.47431699
0.00017404	4.1928115
0.00017404	4.1928115
0.00017404	4.1928115
0.00017404	4.1928115
0.00017404	4.1928115
0.00017404	4.1928115
0.00017404	4.1928115
0.00017404	4.1928115
0.00017404	4.1928115
0.00017404	4.1928115
0.00017404	4.1928115
0.00017404	4.1928115
0.00017404	4.1928115
0.00017404	4.1928115
0.00017404	4.1928115
0.00017404	4.1928115
0.00017404	4.1928115
0.00017404	4.1928115
0.00017405	189.34723279
0.00017405	189.34723279
0.00017405	189.34723279
0.00017405	189.34723279
0.00017405	189.34723279
0.00017405	189.34723279
0.00017405	189.34723279
0.00017405	189.34723279
0.00017405	189.34723279
0.00017405	189.34723279
0.00017405	189.34723279
0.00017405	189.34723279
0.00017405	189.34723279
0.00017405	189.34723279
0.00017405	189.34723279
0.00017406	1152.828
0.00017406	1152.828
0.00017406	1152.828
0.00017418	2068.949
0.00017418	2068.949
0.00017418	2068.949
0.00017502	101.56954922
0.00017502	101.56954922
0.00017502	101.56954922
0.00017502	101.56954922
0.00017502	101.56954922
0.00017502	101.56954922
0.00017503	4.08939132
0.00017503	4.08939132
0.00017503	4.08939132
0.00017505	281.75804674
0.00017505	281.75804674
0.00017505	281.75804674
0.00017504	939.52639132
0.00017504	939.52639132
0.00017504	939.52639132
0.00017504	939.52639132
0.00017504	939.52639132
0.00017504	939.52639132
0.00017504	4.08939132
0.00017504	4.08939132
0.00017504	4.08939132
0.00017504	4.08939132
0.00017504	4.08939132
0.00017504	4.08939132
0.00017503	4.08939132
0.00017503	4.08939132
0.00017503	4.08939132
0.00017503	4.08939132
0.00017503	4.08939132
0.00017503	4.08939132
0.00017505	188.71572089
0.00017505	188.71572089
0.00017505	188.71572089
0.00017502	101.56954922
0.00017502	101.56954922
0.00017502	101.56954922
0.00017426	1068.614
0.00017426	1068.614
0.00017426	1068.614
0.00017445	191.07732089
0.00017445	191.07732089
0.00017445	191.07732089
0.00017449	191.03351842
0.00017449	191.03351842
0.00017449	191.03351842
0.0001742	836.754
0.0001742	836.754
0.0001742	836.754
0.00017423	191.31859398
0.00017423	191.31859398
0.00017423	191.31859398
0.00017405	191.51645291
0.00017405	191.51645291
0.00017405	191.51645291
0.00017404	4.1928115
0.00017404	4.1928115
0.00017404	4.1928115
0.00017404	4.1928115
0.00017404	4.1928115
0.00017404	4.1928115
0.00017502	105.6591742
0.00017502	105.6591742
0.00017502	105.6591742
0.00017502	105.6591742
0.00017502	105.6591742
0.00017502	105.6591742
0.00017502	105.6591742
0.00017502	105.6591742
0.00017502	105.6591742
0.00017502	105.6591742
0.00017502	105.6591742
0.00017502	105.6591742
0.00017502	105.6591742
0.00017502	105.6591742
0.00017502	105.6591742
0.00017502	105.6591742
0.00017502	105.6591742
0.00017502	105.6591742
0.00017503	4.08939132
0.00017503	4.08939132
0.00017503	4.08939132
0.00017503	4.08939132
0.00017503	4.08939132
0.00017503	4.08939132
0.00016949	3e-08
0.00016949	3e-08
0.00016949	3e-08
0.00016946	4.09692146
0.00016946	4.09692146
0.00016946	4.09692146
0.00016946	4.09692146
0.00016946	4.09692146
0.00016946	4.09692146
0.00016946	4.09692146
0.00016946	4.09692146
0.00016946	4.09692146
0.00016946	4.09692146
0.00016946	4.09692146
0.00016946	4.09692146
0.00016949	58.85302971
0.00016949	58.85302971
0.00016949	58.85302971
0.00016949	58.85302971
0.00016949	58.85302971
0.00016949	58.85302971
0.00016949	58.85302971
0.00016949	58.85302971
0.00016949	58.85302971
0.00016951	120.78933397
0.00016951	120.78933397
0.00016951	120.78933397
0.00016949	58.85302971
0.00016949	58.85302971
0.00016949	58.85302971
0.00016951	1824.22865908
0.00016951	1824.22865908
0.00016951	1824.22865908
0.00016951	1824.22865908
0.00016951	1824.22865908
0.00016951	1824.22865908
0.00016951	1824.22865908
0.00016951	1824.22865908
0.00016951	1824.22865908
0.00016951	1824.22865908
0.00016951	1824.22865908
0.00016951	1824.22865908
0.00016946	4.09692146
0.00016946	4.09692146
0.00016946	4.09692146
0.00016946	4.09692146
0.00016946	4.09692146
0.00016946	4.09692146
0.00016946	4.09692146
0.00016946	4.09692146
0.00016946	4.09692146
0.00016946	4.09692146
0.00016946	4.09692146
0.00016946	4.09692146
0.00016946	4.09692146
0.00016946	4.09692146
0.00016946	4.09692146
0.00016946	4.09692146
0.00016946	4.09692146
0.00016946	4.09692146
0.00016852	62.30714455
0.00016852	62.30714455
0.00016852	62.30714455
0.00016852	124.6142891
0.00016852	124.6142891
0.00016852	124.6142891
0.00016852	62.30714455
0.00016852	62.30714455
0.00016852	62.30714455
0.00016852	62.30714455
0.00016852	62.30714455
0.00016852	62.30714455
0.00016852	62.30714455
0.00016852	62.30714455
0.00016852	62.30714455
0.0001685	100.0
0.0001685	100.0
0.0001685	100.0
0.00016852	62.30714455
0.00016852	62.30714455
0.00016852	62.30714455
0.0001685	100.0
0.0001685	100.0
0.0001685	100.0
0.0001685	100.0
0.0001685	100.0
0.0001685	100.0
0.0001685	100.0
0.0001685	100.0
0.0001685	100.0
0.0001685	100.0
0.0001685	100.0
0.0001685	100.0
0.00016946	8.32072745
0.00016946	8.32072745
0.00016946	8.32072745
0.00016946	8.32072745
0.00016946	8.32072745
0.00016946	8.32072745
0.00016946	8.32072745
0.00016946	8.32072745
0.00016946	8.32072745
0.00016946	8.32072745
0.00016946	8.32072745
0.00016946	8.32072745
0.00016946	8.32072745
0.00016946	8.32072745
0.00016946	8.32072745
0.00016946	8.32072745
0.00016946	8.32072745
0.00016946	8.32072745
0.00016946	8.32072745
0.00016946	8.32072745
0.00016946	8.32072745
0.00016947	8.44761198
0.00016947	8.44761198
0.00016947	8.44761198
0.00016955	240.0
0.00016955	240.0
0.00016955	240.0
0.00016955	240.0
0.00016955	240.0
0.00016955	240.0
0.00016955	240.0
0.00016955	240.0
0.00016955	240.0
0.00016966	219.24136802
0.00016966	219.24136802
0.00016966	219.24136802
0.00016986	218.98322441
0.00016986	218.98322441
0.00016986	218.98322441
0.00017	200.0
0.00017	200.0
0.00017	200.0
0.00017	200.0
0.00017	200.0
0.00017	200.0
0.00017019	218.55861389
0.00017019	218.55861389
0.00017019	218.55861389
0.00017001	218.79001528
0.00017001	218.79001528
0.00017001	218.79001528
0.00017001	218.79001528
0.00017001	218.79001528
0.00017001	218.79001528
0.00017019	219.39634634
0.00017019	219.39634634
0.00017019	219.39634634
0.00017001	219.62538964
0.00017001	219.62538964
0.00017001	219.62538964
0.00017	200.0
0.00017	200.0
0.00017	200.0
0.00017023	219.34155257
0.00017023	219.34155257
0.00017023	219.34155257
0.00017025	1751.51075931
0.00017025	1751.51075931
0.00017025	1751.51075931
0.00017025	1751.51075931
0.00017025	1751.51075931
0.00017025	1751.51075931
0.00017025	1751.51075931
0.00017025	1751.51075931
0.00017025	1751.51075931
0.00017031	1751.51075931
0.00017031	1751.51075931
0.00017031	1751.51075931
0.00017032	7003.50247865
0.00017032	7003.50247865
0.00017032	7003.50247865
0.00017032	7003.50247865
0.00017032	7003.50247865
0.00017032	7003.50247865
0.00017032	7003.50247865
0.00017032	7003.50247865
0.00017032	7003.50247865
0.00017032	849.50247865
0.00017032	849.50247865
0.00017032	849.50247865
0.00017032	849.50247865
0.00017032	849.50247865
0.00017032	849.50247865
0.00017032	849.50247865
0.00017032	849.50247865
0.00017032	849.50247865
0.00017032	4.20247865
0.00017032	4.20247865
0.00017032	4.20247865
0.00017032	4.20247865
0.00017032	4.20247865
0.00017032	4.20247865
0.00017032	4.20247865
0.00017032	4.20247865
0.00017032	4.20247865
0.00016946	4.09692146
0.00016946	4.09692146
0.00016946	4.09692146
0.00016946	4.09692146
0.00016946	4.09692146
0.00016946	4.09692146
0.00017036	36.18933036
0.00017036	36.18933036
0.00017036	36.18933036
0.00017036	36.18933036
0.00017036	36.18933036
0.00017036	36.18933036
0.00017036	36.18933036
0.00017036	36.18933036
0.00017036	36.18933036
0.00017036	36.18933036
0.00017036	36.18933036
0.00017036	36.18933036
0.00017036	36.18933036
0.00017036	36.18933036
0.00017036	36.18933036
0.00017038	220.25102809
0.00017038	220.25102809
0.00017038	220.25102809
0.00017049	7707.007
0.00017049	7707.007
0.00017049	7707.007
0.0001704	220.22517703
0.0001704	220.22517703
0.0001704	220.22517703
0.0001704	220.22517703
0.0001704	220.22517703
0.0001704	220.22517703
0.000171	9.18576704
0.000171	9.18576704
0.000171	9.18576704
0.000171	9.18576704
0.000171	9.18576704
0.000171	9.18576704
0.000171	9.18576704
0.000171	9.18576704
0.000171	9.18576704
0.000171	9.18576704
0.000171	9.18576704
0.000171	9.18576704
0.000171	9.18576704
0.000171	9.18576704
0.000171	9.18576704
0.000171	9.18576704
0.000171	9.18576704
0.000171	9.18576704
0.00017039	7240.387
0.00017039	7240.387
0.00017039	7240.387
0.00017036	31.98783843
0.00017036	31.98783843
0.00017036	31.98783843
0.00016961	221.26126475
0.00016961	221.26126475
0.00016961	221.26126475
0.00016982	7325.934
0.00016982	7325.934
0.00016982	7325.934
0.00017002	7209.279
0.00017002	7209.279
0.00017002	7209.279
0.00017036	31.98783843
0.00017036	31.98783843
0.00017036	31.98783843
0.00017037	6257.097
0.00017037	6257.097
0.00017037	6257.097
0.0001704	220.23546429
0.0001704	220.23546429
0.0001704	220.23546429
0.00017036	31.98783843
0.00017036	31.98783843
0.00017036	31.98783843
0.00017036	31.98783843
0.00017036	31.98783843
0.00017036	31.98783843
0.00017036	31.98783843
0.00017036	31.98783843
0.00017036	31.98783843
0.00017036	31.98783843
0.00017036	31.98783843
0.00017036	31.98783843
0.00017036	31.98783843
0.00017036	31.98783843
0.00017036	31.98783843
0.00017036	31.98783843
0.00017036	31.98783843
0.00017036	31.98783843
0.00017043	4.20001269
0.00017043	4.20001269
0.00017043	4.20001269
0.00017042	4563.64201269
0.00017042	4563.64201269
0.00017042	4563.64201269
0.00017042	4563.64201269
0.00017042	4563.64201269
0.00017042	4563.64201269
0.00017042	4.20001269
0.00017042	4.20001269
0.00017042	4.20001269
0.00017042	4.20001269
0.00017042	4.20001269
0.00017042	4.20001269
0.00017042	4.20001269
0.00017042	4.20001269
0.00017042	4.20001269
0.00017042	4.20001269
0.00017042	4.20001269
0.00017042	4.20001269
0.00017042	4.20001269
0.00017042	4.20001269
0.00017042	4.20001269
0.00017042	4.20001269
0.00017042	4.20001269
0.00017042	4.20001269
0.00017042	4.20001269
0.00017042	4.20001269
0.00017042	4.20001269
0.00017042	4.20001269
0.00017042	4.20001269
0.00017042	4.20001269
0.00017042	4.20001269
0.00017042	4.20001269
0.00017042	4.20001269
0.00017042	4.20001269
0.00017042	4.20001269
0.00017042	4.20001269
0.00017042	4.20001269
0.00017042	4.20001269
0.00017042	4.20001269
0.00017042	4.20001269
0.00017042	4.20001269
0.00017042	4.20001269
0.00017042	4.20001269
0.00017042	4.20001269
0.00017042	4.20001269
0.00017042	4.20001269
0.00017042	4.20001269
0.00017042	4.20001269
0.00017042	4.20001269
0.00017042	4.20001269
0.00017042	4.20001269
0.00017044	424.1536096
0.00017044	424.1536096
0.00017044	424.1536096
0.00017044	424.1536096
0.00017044	424.1536096
0.00017044	424.1536096
0.00017044	424.1536096
0.00017044	424.1536096
0.00017044	424.1536096
0.00017044	424.1536096
0.00017044	424.1536096
0.00017044	424.1536096
0.00017036	31.98783843
0.00017036	31.98783843
0.00017036	31.98783843
0.00017036	31.98783843
0.00017036	31.98783843
0.00017036	31.98783843
0.00017036	31.98783843
0.00017036	31.98783843
0.00017036	31.98783843
0.00017036	31.98783843
0.00017036	31.98783843
0.00017036	31.98783843
0.00017036	31.98783843
0.00017036	31.98783843
0.00017036	31.98783843
0.00017036	31.98783843
0.00017036	31.98783843
0.00017036	31.98783843
0.00017036	31.98783843
0.00017036	31.98783843
0.00017036	31.98783843
0.00016961	219.3143024
0.00016961	219.3143024
0.00016961	219.3143024
0.0001698	7512.582
0.0001698	7512.582
0.0001698	7512.582
0.00017	7061.516
0.00017	7061.516
0.00017	7061.516
0.00017021	218.31569346
0.00017021	218.31569346
0.00017021	218.31569346
0.00017028	7722.561
0.00017028	7722.561
0.00017028	7722.561
0.00017029	2377.865
0.00017029	2377.865
0.00017029	2377.865
0.00017036	207.64526975
0.00017036	207.64526975
0.00017036	207.64526975
0.00017036	207.64526975
0.00017036	207.64526975
0.00017036	207.64526975
0.00017036	207.64526975
0.00017036	207.64526975
0.00017036	207.64526975
0.00017037	2452.062
0.00017037	2452.062
0.00017037	2452.062
0.00017038	553.30618978
0.00017038	553.30618978
0.00017038	553.30618978
0.00017039	7325.934
0.00017039	7325.934
0.00017039	7325.934
0.00017039	7325.934
0.00017039	7325.934
0.00017039	7325.934
0.00017039	7325.934
0.00017039	7325.934
0.00017039	7325.934
0.00017039	7325.934
0.00017039	7325.934
0.00017039	7325.934
0.00017046	26.57126012
0.00017046	26.57126012
0.00017046	26.57126012
0.00017047	8.39756162
0.00017047	8.39756162
0.00017047	8.39756162
0.0001705	8.39608404
0.0001705	8.39608404
0.0001705	8.39608404
0.0001705	8.39608404
0.0001705	8.39608404
0.0001705	8.39608404
0.00017049	4.19828826
0.00017049	4.19828826
0.00017049	4.19828826
0.0001705	8.39608404
0.0001705	8.39608404
0.0001705	8.39608404
0.00017049	4.19828826
0.00017049	4.19828826
0.00017049	4.19828826
0.0001705	8.39608404
0.0001705	8.39608404
0.0001705	8.39608404
0.0001705	4.19804202
0.0001705	4.19804202
0.0001705	4.19804202
0.00017039	215.52349696
0.00017039	215.52349696
0.00017039	215.52349696
0.00017057	4.1963192
0.00017057	4.1963192
0.00017057	4.1963192
0.00017056	3517.24944917
0.00017056	3517.24944917
0.00017056	3517.24944917
0.00017056	3517.24944917
0.00017056	3517.24944917
0.00017056	3517.24944917
0.00017056	3517.24944917
0.00017056	3517.24944917
0.00017056	3517.24944917
0.00017056	3517.24944917
0.00017056	3517.24944917
0.00017056	3517.24944917
0.00017056	3517.24944917
0.00017056	3517.24944917
0.00017056	3517.24944917
0.00017059	2339.494
0.00017059	2339.494
0.00017059	2339.494
0.00017057	4.1963192
0.00017057	4.1963192
0.00017057	4.1963192
0.00017067	35.95377931
0.00017067	35.95377931
0.00017067	35.95377931
0.00017068	4.19361474
0.00017068	4.19361474
0.00017068	4.19361474
0.00017069	4.19361474
0.00017069	4.19361474
0.00017069	4.19361474
0.00017072	4.19263218
0.00017072	4.19263218
0.00017072	4.19263218
0.00017072	4.19263218
0.00017072	4.19263218
0.00017072	4.19263218
0.00017073	4.19238661
0.00017073	4.19238661
0.00017073	4.19238661
0.00017073	4.19238661
0.00017073	4.19238661
0.00017073	4.19238661
0.00017073	4.19238661
0.00017073	4.19238661
0.00017073	4.19238661
0.00017108	4.18405427
0.00017108	4.18405427
0.00017108	4.18405427
0.00017108	4.18405427
0.00017108	4.18405427
0.00017108	4.18405427
0.00017108	4.18405427
0.00017108	4.18405427
0.00017108	4.18405427
0.00017057	215.61569207
0.00017057	215.61569207
0.00017057	215.61569207
0.00017056	3517.24944917
0.00017056	3517.24944917
0.00017056	3517.24944917
0.00017056	3517.24944917
0.00017056	3517.24944917
0.00017056	3517.24944917
0.0001706	5866.497
0.0001706	5866.497
0.0001706	5866.497
0.0001706	5866.497
0.0001706	5866.497
0.0001706	5866.497
0.0001706	5866.497
0.0001706	5866.497
0.0001706	5866.497
0.0001706	5866.497
0.0001706	5866.497
0.0001706	5866.497
0.00017075	4.19189555
0.00017075	4.19189555
0.00017075	4.19189555
0.00017081	4.19042307
0.00017081	4.19042307
0.00017081	4.19042307
0.0001708	4.19066841
0.0001708	4.19066841
0.0001708	4.19066841
0.00017081	4.19042307
0.00017081	4.19042307
0.00017081	4.19042307
0.00017081	4.19042307
0.00017081	4.19042307
0.00017081	4.19042307
0.00017081	4.19042307
0.00017081	4.19042307
0.00017081	4.19042307
0.00017078	2225.34
0.00017078	2225.34
0.00017078	2225.34
0.00017078	2225.34
0.00017078	2225.34
0.00017078	2225.34
0.00017079	1853.522
0.00017079	1853.522
0.00017079	1853.522
0.00017079	1853.522
0.00017079	1853.522
0.00017079	1853.522
0.00017077	281.75804674
0.00017077	281.75804674
0.00017077	281.75804674
0.0001708	1299.641
0.0001708	1299.641
0.0001708	1299.641
0.00017077	281.75804674
0.00017077	281.75804674
0.00017077	281.75804674
0.0001708	1299.641
0.0001708	1299.641
0.0001708	1299.641
0.0001708	1299.641
0.0001708	1299.641
0.0001708	1299.641
0.00017081	1859.847
0.00017081	1859.847
0.00017081	1859.847
0.00017081	1859.847
0.00017081	1859.847
0.00017081	1859.847
0.00017082	1616.583
0.00017082	1616.583
0.00017082	1616.583
0.00017057	215.65563395
0.00017057	215.65563395
0.00017057	215.65563395
0.0001706	2923.49194431
0.0001706	2923.49194431
0.0001706	2923.49194431
0.00017062	8.3906707
0.00017062	8.3906707
0.00017062	8.3906707
0.00017062	8.3906707
0.00017062	8.3906707
0.00017062	8.3906707
0.00017062	8.3906707
0.00017062	8.3906707
0.00017062	8.3906707
0.00017062	8.3906707
0.00017062	8.3906707
0.00017062	8.3906707
0.00017066	215.54190485
0.00017066	215.54190485
0.00017066	215.54190485
0.00017073	7095.178
0.00017073	7095.178
0.00017073	7095.178
0.00017083	7518.192
0.00017083	7518.192
0.00017083	7518.192
0.00017089	7340.292
0.00017089	7340.292
0.00017089	7340.292
0.00017092	4.18772622
0.00017092	4.18772622
0.00017092	4.18772622
0.00017092	4.18772622
0.00017092	4.18772622
0.00017092	4.18772622
0.00017092	4.18772622
0.00017092	4.18772622
0.00017092	4.18772622
0.00017092	4.18772622
0.00017092	4.18772622
0.00017092	4.18772622
0.00017056	3517.24944917
0.00017056	3517.24944917
0.00017056	3517.24944917
0.00017056	3517.24944917
0.00017056	3517.24944917
0.00017056	3517.24944917
0.0001706	2923.49194431
0.0001706	2923.49194431
0.0001706	2923.49194431
0.0001706	2923.49194431
0.0001706	2923.49194431
0.0001706	2923.49194431
0.00017056	3517.24944917
0.00017056	3517.24944917
0.00017056	3517.24944917
0.00017062	798.21
0.00017062	798.21
0.00017062	798.21
0.00017062	798.21
0.00017062	798.21
0.00017062	798.21
0.00017088	819.954
0.00017088	819.954
0.00017088	819.954
0.00017098	838.003
0.00017098	838.003
0.00017098	838.003
0.00017116	767.525
0.00017116	767.525
0.00017116	767.525
0.00017129	214.74914754
0.00017129	214.74914754
0.00017129	214.74914754
0.00017129	214.74914754
0.00017129	214.74914754
0.00017129	214.74914754
0.00017129	214.74914754
0.00017129	214.74914754
0.00017129	214.74914754
0.00017129	214.74914754
0.00017129	214.74914754
0.00017129	214.74914754
0.0001713	636.506
0.0001713	636.506
0.0001713	636.506
0.0001713	756.867
0.0001713	756.867
0.0001713	756.867
0.0001713	756.867
0.0001713	756.867
0.0001713	756.867
0.0001713	756.867
0.0001713	756.867
0.0001713	756.867
0.0001713	756.867
0.0001713	756.867
0.0001713	756.867
0.0001713	756.867
0.0001713	756.867
0.0001713	756.867
0.0001713	756.867
0.0001713	756.867
0.0001713	756.867
0.0001713	756.867
0.0001713	756.867
0.0001713	756.867
0.0001706	2923.49194431
0.0001706	2923.49194431
0.0001706	2923.49194431
0.0001706	2923.49194431
0.0001706	2923.49194431
0.0001706	2923.49194431
0.0001706	2923.49194431
0.0001706	2923.49194431
0.0001706	2923.49194431
0.0001706	2923.49194431
0.0001706	2923.49194431
0.0001706	2923.49194431
0.0001706	2923.49194431
0.0001706	2923.49194431
0.0001706	2923.49194431
0.0001706	2923.49194431
0.0001706	2923.49194431
0.0001706	2923.49194431
0.0001706	2923.49194431
0.0001706	2923.49194431
0.0001706	2923.49194431
0.00017129	214.74914754
0.00017129	214.74914754
0.00017129	214.74914754
0.00017129	214.74914754
0.00017129	214.74914754
0.00017129	214.74914754
0.00017062	1300.569
0.00017062	1300.569
0.00017062	1300.569
0.00017129	214.74914754
0.00017129	214.74914754
0.00017129	214.74914754
0.00017129	214.74914754
0.00017129	214.74914754
0.00017129	214.74914754
0.00017061	1184.578
0.00017061	1184.578
0.00017061	1184.578
0.00017062	1508.666
0.00017062	1508.666
0.00017062	1508.666
0.0001706	2923.49194431
0.0001706	2923.49194431
0.0001706	2923.49194431
0.00017129	214.74914754
0.00017129	214.74914754
0.00017129	214.74914754
0.00017129	214.74914754
0.00017129	214.74914754
0.00017129	214.74914754
0.00017129	214.74914754
0.00017129	214.74914754
0.00017129	214.74914754
0.00017061	774.629
0.00017061	774.629
0.00017061	774.629
0.00017038	549.10519104
0.00017038	549.10519104
0.00017038	549.10519104
0.00017038	549.10519104
0.00017038	549.10519104
0.00017038	549.10519104
0.00017038	549.10519104
0.00017038	549.10519104
0.00017038	549.10519104
0.00017038	549.10519104
0.00017038	549.10519104
0.00017038	549.10519104
0.00017038	549.10519104
0.00017038	549.10519104
0.00017038	549.10519104
0.00017036	207.64526975
0.00017036	207.64526975
0.00017036	207.64526975
0.00017036	207.64526975
0.00017036	207.64526975
0.00017036	207.64526975
0.00016994	586.97187243
0.00016994	586.97187243
0.00016994	586.97187243
0.00017036	10.25595271
0.00017036	10.25595271
0.00017036	10.25595271
0.00017036	10.25595271
0.00017036	10.25595271
0.00017036	10.25595271
0.00017036	10.25595271
0.00017036	10.25595271
0.00017036	10.25595271
0.00017036	10.25595271
0.00017036	10.25595271
0.00017036	10.25595271
0.00017036	10.25595271
0.00017036	10.25595271
0.00017036	10.25595271
0.00017036	10.25595271
0.00017036	10.25595271
0.00017036	10.25595271
0.00017036	10.25595271
0.00017036	10.25595271
0.00017036	10.25595271
0.00017036	10.25595271
0.00017036	10.25595271
0.00017036	10.25595271
0.00016946	4.09692146
0.00016946	4.09692146
0.00016946	4.09692146
0.00016946	4.09692146
0.00016946	4.09692146
0.00016946	4.09692146
0.00016946	4.09692146
0.00016946	4.09692146
0.00016946	4.09692146
0.00016946	4.09692146
0.00016946	4.09692146
0.00016946	4.09692146
0.00016946	4.09692146
0.00016946	4.09692146
0.00016946	4.09692146
0.00016946	4.09692146
0.00016946	4.09692146
0.00016946	4.09692146
0.00016946	4.09692146
0.00016946	4.09692146
0.00016946	4.09692146
0.00016946	4.09692146
0.00016946	4.09692146
0.00016946	4.09692146
0.00016946	4.09692146
0.00016946	4.09692146
0.00016946	4.09692146
0.00016946	4.09692146
0.00016946	4.09692146
0.00016946	4.09692146
0.00016946	4.09692146
0.00016946	4.09692146
0.00016946	4.09692146
0.00016946	4.09692146
0.00016946	4.09692146
0.00016946	4.09692146
0.00016946	4.09692146
0.00016946	4.09692146
0.00016946	4.09692146
0.00017036	10.25595271
0.00017036	10.25595271
0.00017036	10.25595271
0.00017036	10.25595271
0.00017036	10.25595271
0.00017036	10.25595271
0.00017036	10.25595271
0.00017036	10.25595271
0.00017036	10.25595271
0.00017036	10.25595271
0.00017036	10.25595271
0.00017036	10.25595271
0.00017036	10.25595271
0.00017036	10.25595271
0.00017036	10.25595271
0.00017036	10.25595271
0.00017036	10.25595271
0.00017036	10.25595271
0.00017036	10.25595271
0.00017036	10.25595271
0.00017036	10.25595271
0.00017036	10.25595271
0.00017036	10.25595271
0.00017036	10.25595271
0.00017037	4.20124531
0.00017037	4.20124531
0.00017037	4.20124531
0.00017037	4.20124531
0.00017037	4.20124531
0.00017037	4.20124531
0.00017037	4.20124531
0.00017037	4.20124531
0.00017037	4.20124531
0.00017037	4.20124531
0.00017037	4.20124531
0.00017037	4.20124531
0.00017036	6.05446079
0.00017036	6.05446079
0.00017036	6.05446079
0.00017036	6.05446079
0.00017036	6.05446079
0.00017036	6.05446079
0.00017036	6.05446079
0.00017036	6.05446079
0.00017036	6.05446079
0.00017036	6.05446079
0.00017036	6.05446079
0.00017036	6.05446079
0.00017036	6.05446079
0.00017036	6.05446079
0.00017036	6.05446079
0.00017036	6.05446079
0.00017036	6.05446079
0.00017036	6.05446079
0.00017036	6.05446079
0.00017036	6.05446079
0.00017036	6.05446079
0.00017036	6.05446079
0.00017036	6.05446079
0.00017036	6.05446079
0.00017036	6.05446079
0.00017036	6.05446079
0.00017036	6.05446079
0.00017036	6.05446079
0.00017036	6.05446079
0.00017036	6.05446079
0.00017036	6.05446079
0.00017036	6.05446079
0.00017036	6.05446079
0.00017036	6.05446079
0.00017036	6.05446079
0.00017036	6.05446079
0.00017036	6.05446079
0.00017036	6.05446079
0.00017036	6.05446079
0.00017036	6.05446079
0.00017036	6.05446079
0.00017036	6.05446079
0.00017036	6.05446079
0.00017036	6.05446079
0.00017036	6.05446079
0.00017036	6.05446079
0.00017036	6.05446079
0.00017036	6.05446079
0.00017036	6.05446079
0.00017036	6.05446079
0.00017036	6.05446079
0.00017036	6.05446079
0.00017036	6.05446079
0.00017036	6.05446079
0.00017036	6.05446079
0.00017036	6.05446079
0.00017036	6.05446079
0.00017036	6.05446079
0.00017036	6.05446079
0.00017036	6.05446079
0.00017036	6.05446079
0.00017036	6.05446079
0.00017036	6.05446079
0.00017037	29344.7214073
0.00017037	29344.7214073
0.00017037	29344.7214073
0.00017037	29348.9226526
0.00017037	29348.9226526
0.00017037	29348.9226526
0.00017037	29348.9226526
0.00017037	29348.9226526
0.00017037	29348.9226526
0.00017037	29348.9226526
0.00017037	29348.9226526
0.00017037	29348.9226526
0.00017037	29348.9226526
0.00017037	29348.9226526
0.00017037	29348.9226526
0.00017037	29348.9226526
0.00017037	29348.9226526
0.00017037	29348.9226526
0.00017037	29348.9226526
0.00017037	29348.9226526
0.00017037	29348.9226526
0.00017037	29348.9226526
0.00017037	29348.9226526
0.00017037	29348.9226526
0.00017037	29348.9226526
0.00017037	29348.9226526
0.00017037	29348.9226526
0.00017037	29348.9226526
0.00017037	29348.9226526
0.00017037	29348.9226526
0.00017037	29348.9226526
0.00017037	29348.9226526
0.00017037	29348.9226526
0.00017037	29348.9226526
0.00017037	29348.9226526
0.00017037	29348.9226526
0.00017036	6.05446079
0.00017036	6.05446079
0.00017036	6.05446079
0.00017036	6.05446079
0.00017036	6.05446079
0.00017036	6.05446079
0.00017036	6.05446079
0.00017036	6.05446079
0.00017036	6.05446079
0.00017037	10971.4013152
0.00017037	10971.4013152
0.00017037	10971.4013152
0.00017038	234.60067022
0.00017038	234.60067022
0.00017038	234.60067022
0.00017038	4.20099874
0.00017038	4.20099874
0.00017038	4.20099874
0.00017038	4.20099874
0.00017038	4.20099874
0.00017038	4.20099874
0.00017038	4.20099874
0.00017038	4.20099874
0.00017038	4.20099874
0.00017038	4.20099874
0.00017038	4.20099874
0.00017038	4.20099874
0.00017038	4.20099874
0.00017038	4.20099874
0.00017038	4.20099874
0.00017038	4.20099874
0.00017038	4.20099874
0.00017038	4.20099874
0.00017039	8.40150438
0.00017039	8.40150438
0.00017039	8.40150438
0.00017039	8.40150438
0.00017039	8.40150438
0.00017039	8.40150438
0.00017039	8.40150438
0.00017039	8.40150438
0.00017039	8.40150438
0.00017039	8.40150438
0.00017039	8.40150438
0.00017039	8.40150438
0.00017039	8.40150438
0.00017039	8.40150438
0.00017039	8.40150438
0.00017038	234.60067022
0.00017038	234.60067022
0.00017038	234.60067022
0.00017038	230.39967148
0.00017038	230.39967148
0.00017038	230.39967148
0.00017038	230.39967148
0.00017038	230.39967148
0.00017038	230.39967148
0.00017038	230.39967148
0.00017038	230.39967148
0.00017038	230.39967148
0.00017042	229.61628027
0.00017042	229.61628027
0.00017042	229.61628027
0.00017042	229.61628027
0.00017042	229.61628027
0.00017042	229.61628027
0.00017042	612.344
0.00017042	612.344
0.00017042	612.344
0.00017043	229.60280751
0.00017043	229.60280751
0.00017043	229.60280751
0.00017045	233.8322474
0.00017045	233.8322474
0.00017045	233.8322474
0.00017045	233.8322474
0.00017045	233.8322474
0.00017045	233.8322474
0.00017045	233.8322474
0.00017045	233.8322474
0.00017045	233.8322474
0.00017045	233.8322474
0.00017045	233.8322474
0.00017045	233.8322474
0.00017045	233.8322474
0.00017045	233.8322474
0.00017045	233.8322474
0.00017047	8.39756162
0.00017047	8.39756162
0.00017047	8.39756162
0.00017052	3646.588
0.00017052	3646.588
0.00017052	3646.588
0.00017053	229.5252472
0.00017053	229.5252472
0.00017053	229.5252472
0.00017053	3040.852
0.00017053	3040.852
0.00017053	3040.852
0.00017046	13.2446068
0.00017046	13.2446068
0.00017046	13.2446068
0.00017046	13.2446068
0.00017046	13.2446068
0.00017046	13.2446068
0.00017046	13.2446068
0.00017046	13.2446068
0.00017046	13.2446068
0.00017046	13.2446068
0.00017046	13.2446068
0.00017046	13.2446068
0.00017046	13.2446068
0.00017046	13.2446068
0.00017046	13.2446068
0.00017046	13.2446068
0.00017046	13.2446068
0.00017046	13.2446068
0.00017046	13.2446068
0.00017046	13.2446068
0.00017046	13.2446068
0.00017049	1157.722
0.00017049	1157.722
0.00017049	1157.722
0.00017052	229.50532304
0.00017052	229.50532304
0.00017052	229.50532304
0.00017047	229.5726385
0.00017047	229.5726385
0.00017047	229.5726385
0.00017047	229.5726385
0.00017047	229.5726385
0.00017047	229.5726385
0.0001705	100.0
0.0001705	100.0
0.0001705	100.0
0.0001705	100.0
0.0001705	100.0
0.0001705	100.0
0.0001705	100.0
0.0001705	100.0
0.0001705	100.0
0.00017046	13.2446068
0.00017046	13.2446068
0.00017046	13.2446068
0.0001705	104.19804202
0.0001705	104.19804202
0.0001705	104.19804202
0.0001705	104.19804202
0.0001705	104.19804202
0.0001705	104.19804202
0.0001705	104.19804202
0.0001705	104.19804202
0.0001705	104.19804202
0.0001705	104.19804202
0.0001705	104.19804202
0.0001705	104.19804202
0.0001705	104.19804202
0.0001705	104.19804202
0.0001705	104.19804202
0.0001705	104.19804202
0.0001705	104.19804202
0.0001705	104.19804202
0.00017057	7595.0
0.00017057	7595.0
0.00017057	7595.0
0.0001705	100.0
0.0001705	100.0
0.0001705	100.0
0.00017064	4.19459778
0.00017064	4.19459778
0.00017064	4.19459778
0.00017064	4.19459778
0.00017064	4.19459778
0.00017064	4.19459778
0.0001705	100.0
0.0001705	100.0
0.0001705	100.0
0.00017065	1265.65735198
0.00017065	1265.65735198
0.00017065	1265.65735198
0.0001707	20.43142903
0.0001707	20.43142903
0.0001707	20.43142903
0.00017071	4.19287778
0.00017071	4.19287778
0.00017071	4.19287778
0.00017075	16.24932347
0.00017075	16.24932347
0.00017075	16.24932347
0.00017095	4.18699131
0.00017095	4.18699131
0.00017095	4.18699131
0.00017097	4.18650152
0.00017097	4.18650152
0.00017097	4.18650152
0.00017123	4.18014463
0.00017123	4.18014463
0.00017123	4.18014463
0.00017123	4.18014463
0.00017123	4.18014463
0.00017123	4.18014463
0.00017125	4.17965644
0.00017125	4.17965644
0.00017125	4.17965644
0.00017128	4.17892436
0.00017128	4.17892436
0.00017128	4.17892436
0.00017138	4.17648597
0.00017138	4.17648597
0.00017138	4.17648597
0.00017138	4.17648597
0.00017138	4.17648597
0.00017138	4.17648597
0.00017141	4.175755
0.00017141	4.175755
0.00017141	4.175755
0.00017141	4.175755
0.00017141	4.175755
0.00017141	4.175755
0.00017141	4.175755
0.00017141	4.175755
0.00017141	4.175755
0.00017164	4.1704024
0.00017164	4.1704024
0.00017164	4.1704024
0.00017051	231.13784855
0.00017051	231.13784855
0.00017051	231.13784855
0.00017166	4.16967357
0.00017166	4.16967357
0.00017166	4.16967357
0.00017051	231.13784855
0.00017051	231.13784855
0.00017051	231.13784855
0.00017124	20.08123614
0.00017124	20.08123614
0.00017124	20.08123614
0.0001714	4.17599863
0.0001714	4.17599863
0.0001714	4.17599863
0.00017122	7644.791
0.00017122	7644.791
0.00017122	7644.791
0.00017051	231.13784855
0.00017051	231.13784855
0.00017051	231.13784855
0.00017123	6627.065
0.00017123	6627.065
0.00017123	6627.065
0.00017126	4.17941239
0.00017126	4.17941239
0.00017126	4.17941239
0.00017133	4.17770481
0.00017133	4.17770481
0.00017133	4.17770481
0.00017136	4.17697342
0.00017136	4.17697342
0.00017136	4.17697342
0.00017138	4.17648597
0.00017138	4.17648597
0.00017138	4.17648597
0.00017141	4.175755
0.00017141	4.175755
0.00017141	4.175755
0.00017162	4.17064541
0.00017162	4.17064541
0.00017162	4.17064541
0.00017166	4.16967357
0.00017166	4.16967357
0.00017166	4.16967357
0.00017166	4.16967357
0.00017166	4.16967357
0.00017166	4.16967357
0.00017166	4.16967357
0.00017166	4.16967357
0.00017166	4.16967357
0.00017166	4.16967357
0.00017166	4.16967357
0.00017166	4.16967357
0.00017166	4.16967357
0.00017166	4.16967357
0.00017166	4.16967357
0.00017166	4.16967357
0.00017166	4.16967357
0.00017166	4.16967357
0.00017166	4.16967357
0.00017166	4.16967357
0.00017166	4.16967357
0.00017166	4.16967357
0.00017166	4.16967357
0.00017166	4.16967357
0.00017166	4.16967357
0.00017166	4.16967357
0.00017166	4.16967357
0.00017166	4.16967357
0.00017166	4.16967357
0.00017166	4.16967357
0.00017166	4.16967357
0.00017166	4.16967357
0.00017166	4.16967357
0.00017166	4.16967357
0.00017166	4.16967357
0.00017166	4.16967357
0.00017166	4.16967357
0.00017166	4.16967357
0.00017166	4.16967357
0.00017166	4.16967357
0.00017166	4.16967357
0.00017166	4.16967357
0.00017166	4.16967357
0.00017166	4.16967357
0.00017166	4.16967357
0.00017166	4.16967357
0.00017166	4.16967357
0.00017166	4.16967357
0.00017166	4.16967357
0.00017166	4.16967357
0.00017166	4.16967357
0.00017166	4.16967357
0.00017166	4.16967357
0.00017166	4.16967357
0.00017051	230.97248525
0.00017051	230.97248525
0.00017051	230.97248525
0.00017126	4.17941239
0.00017126	4.17941239
0.00017126	4.17941239
0.00017051	230.97248525
0.00017051	230.97248525
0.00017051	230.97248525
0.00017067	230.75595278
0.00017067	230.75595278
0.00017067	230.75595278
0.00017051	230.97248525
0.00017051	230.97248525
0.00017051	230.97248525
0.0001706	1367.038
0.0001706	1367.038
0.0001706	1367.038
0.00017051	230.97248525
0.00017051	230.97248525
0.00017051	230.97248525
0.00017079	4.19091378
0.00017079	4.19091378
0.00017079	4.19091378
0.00017092	2317.37528685
0.00017092	2317.37528685
0.00017092	2317.37528685
0.00017104	2136.413
0.00017104	2136.413
0.00017104	2136.413
0.00017114	230.16209122
0.00017114	230.16209122
0.00017114	230.16209122
0.00017051	231.01249364
0.00017051	231.01249364
0.00017051	231.01249364
0.00017115	915.38809854
0.00017115	915.38809854
0.00017115	915.38809854
0.00017115	915.38809854
0.00017115	915.38809854
0.00017115	915.38809854
0.00017115	915.38809854
0.00017115	915.38809854
0.00017115	915.38809854
0.00017115	4.18209854
0.00017115	4.18209854
0.00017115	4.18209854
0.00017115	4.18209854
0.00017115	4.18209854
0.00017115	4.18209854
0.00017115	4.18209854
0.00017115	4.18209854
0.00017115	4.18209854
0.00017115	4.18209854
0.00017115	4.18209854
0.00017115	4.18209854
0.00017115	4.18209854
0.00017115	4.18209854
0.00017115	4.18209854
0.00017115	4.18209854
0.00017115	4.18209854
0.00017115	4.18209854
0.0001705	100.0
0.0001705	100.0
0.0001705	100.0
0.0001709	1209.681
0.0001709	1209.681
0.0001709	1209.681
0.00017051	231.01883829
0.00017051	231.01883829
0.00017051	231.01883829
0.00017093	1923.71648122
0.00017093	1923.71648122
0.00017093	1923.71648122
0.00017051	231.01883829
0.00017051	231.01883829
0.00017051	231.01883829
0.0001705	100.0
0.0001705	100.0
0.0001705	100.0
0.0001705	100.0
0.0001705	100.0
0.0001705	100.0
0.0001705	100.0
0.0001705	100.0
0.0001705	100.0
0.00017051	231.01883829
0.00017051	231.01883829
0.00017051	231.01883829
0.00017051	231.01883829
0.00017051	231.01883829
0.00017051	231.01883829
0.0001706	7595.0
0.0001706	7595.0
0.0001706	7595.0
0.00017108	7595.0
0.00017108	7595.0
0.00017108	7595.0
0.00017316	72.22018528
0.00017316	72.22018528
0.00017316	72.22018528
0.00017316	72.22018528
0.00017316	72.22018528
0.00017316	72.22018528
0.00017096	2443.56
0.00017096	2443.56
0.00017096	2443.56
0.00017316	72.22018528
0.00017316	72.22018528
0.00017316	72.22018528
0.00017316	72.22018528
0.00017316	72.22018528
0.00017316	72.22018528
0.00017316	72.22018528
0.00017316	72.22018528
0.00017316	72.22018528
0.00017316	72.22018528
0.00017316	72.22018528
0.00017316	72.22018528
0.00017316	72.22018528
0.00017316	72.22018528
0.00017316	72.22018528
0.00017316	72.22018528
0.00017316	72.22018528
0.00017316	72.22018528
0.00017316	72.22018528
0.00017316	72.22018528
0.00017316	72.22018528
0.00017316	72.22018528
0.00017316	72.22018528
0.00017316	72.22018528
0.00017316	72.22018528
0.00017316	72.22018528
0.00017316	72.22018528
0.00017316	72.22018528
0.00017316	72.22018528
0.00017316	72.22018528
0.00017316	72.22018528
0.00017316	72.22018528
0.00017316	72.22018528
0.00017316	72.22018528
0.00017316	72.22018528
0.00017316	72.22018528
0.00017391	106.76996918
0.00017391	106.76996918
0.00017391	106.76996918
0.00017391	91.60901308
0.00017391	91.60901308
0.00017391	91.60901308
0.00017391	91.60901308
0.00017391	91.60901308
0.00017391	91.60901308
0.00017391	91.60901308
0.00017391	91.60901308
0.00017391	91.60901308
0.00017391	91.60901308
0.00017391	91.60901308
0.00017391	91.60901308
0.00017391	91.60901308
0.00017391	91.60901308
0.00017391	91.60901308
0.00017391	91.60901308
0.00017391	91.60901308
0.00017391	91.60901308
0.00017095	2834.367
0.00017095	2834.367
0.00017095	2834.367
0.00017095	2834.367
0.00017095	2834.367
0.00017095	2834.367
0.00017095	2834.367
0.00017095	2834.367
0.00017095	2834.367
0.00017095	2834.367
0.00017095	2834.367
0.00017095	2834.367
0.00017095	2834.367
0.00017095	2834.367
0.00017095	2834.367
0.00017095	2834.367
0.00017095	2834.367
0.00017095	2834.367
0.00017095	2834.367
0.00017095	2834.367
0.00017095	2834.367
0.00017095	2834.367
0.00017095	2834.367
0.00017095	2834.367
0.00017095	2834.367
0.00017095	2834.367
0.00017095	2834.367
0.00017095	2834.367
0.00017095	2834.367
0.00017095	2834.367
0.00017113	7691.453
0.00017113	7691.453
0.00017113	7691.453
0.00017133	7395.927
0.00017133	7395.927
0.00017133	7395.927
0.00017154	231.14260398
0.00017154	231.14260398
0.00017154	231.14260398
0.00017174	230.87342662
0.00017174	230.87342662
0.00017174	230.87342662
0.00017195	7621.46
0.00017195	7621.46
0.00017195	7621.46
0.00017215	7745.892
0.00017215	7745.892
0.00017215	7745.892
0.00017233	7567.021
0.00017233	7567.021
0.00017233	7567.021
0.00017253	7761.446
0.00017253	7761.446
0.00017253	7761.446
0.00017273	6991.523
0.00017273	6991.523
0.00017273	6991.523
0.00017275	7372.596
0.00017275	7372.596
0.00017275	7372.596
0.00017275	7372.596
0.00017275	7372.596
0.00017275	7372.596
0.00017275	7372.596
0.00017275	7372.596
0.00017275	7372.596
0.00017275	7372.596
0.00017275	7372.596
0.00017275	7372.596
0.000173	2222.8856211
0.000173	2222.8856211
0.000173	2222.8856211
0.00017301	7318.157
0.00017301	7318.157
0.00017301	7318.157
0.00017301	7318.157
0.00017301	7318.157
0.00017301	7318.157
0.00017301	7318.157
0.00017301	7318.157
0.00017301	7318.157
0.00017301	7318.157
0.00017301	7318.157
0.00017301	7318.157
0.00017301	7318.157
0.00017301	7318.157
0.00017301	7318.157
0.00017301	7318.157
0.00017301	7318.157
0.00017301	7318.157
0.000173	2222.8856211
0.000173	2222.8856211
0.000173	2222.8856211
0.000173	2222.8856211
0.000173	2222.8856211
0.000173	2222.8856211
0.000173	2222.8856211
0.000173	2222.8856211
0.000173	2222.8856211
0.000173	2222.8856211
0.000173	2222.8856211
0.000173	2222.8856211
0.000173	2222.8856211
0.000173	2222.8856211
0.000173	2222.8856211
0.000173	2222.8856211
0.000173	2222.8856211
0.000173	2222.8856211
0.000173	2222.8856211
0.000173	2222.8856211
0.000173	2222.8856211
0.000173	2222.8856211
0.000173	2222.8856211
0.000173	2222.8856211
0.000173	2222.8856211
0.000173	2222.8856211
0.000173	2222.8856211
0.000173	2222.8856211
0.000173	2222.8856211
0.000173	2222.8856211
0.00017133	7595.0
0.00017133	7595.0
0.00017133	7595.0
0.00017157	7595.0
0.00017157	7595.0
0.00017157	7595.0
0.00017173	7595.0
0.00017173	7595.0
0.00017173	7595.0
0.00017179	4.16651822
0.00017179	4.16651822
0.00017179	4.16651822
0.00017184	7629.237
0.00017184	7629.237
0.00017184	7629.237
0.00017184	7629.237
0.00017184	7629.237
0.00017184	7629.237
0.00017184	7629.237
0.00017184	7629.237
0.00017184	7629.237
0.00017184	7629.237
0.00017184	7629.237
0.00017184	7629.237
0.00017186	1755.67558047
0.00017186	1755.67558047
0.00017186	1755.67558047
0.00017186	1755.67558047
0.00017186	1755.67558047
0.00017186	1755.67558047
0.00017188	281.75804674
0.00017188	281.75804674
0.00017188	281.75804674
0.00017189	7162.617
0.00017189	7162.617
0.00017189	7162.617
0.00017189	7162.617
0.00017189	7162.617
0.00017189	7162.617
0.00017189	7162.617
0.00017189	7162.617
0.00017189	7162.617
0.00017189	7162.617
0.00017189	7162.617
0.00017189	7162.617
0.00017189	7162.617
0.00017189	7162.617
0.00017189	7162.617
0.00017189	7162.617
0.00017189	7162.617
0.00017189	7162.617
0.00017189	7162.617
0.00017189	7162.617
0.00017189	7162.617
0.00017189	7162.617
0.00017189	7162.617
0.00017189	7162.617
0.00017191	1591.85121621
0.00017191	1591.85121621
0.00017191	1591.85121621
0.00017192	7613.683
0.00017192	7613.683
0.00017192	7613.683
0.00017194	281.75804674
0.00017194	281.75804674
0.00017194	281.75804674
0.00017194	281.75804674
0.00017194	281.75804674
0.00017194	281.75804674
0.00017196	1591.85121621
0.00017196	1591.85121621
0.00017196	1591.85121621
0.00017196	1591.85121621
0.00017196	1591.85121621
0.00017196	1591.85121621
0.00017196	1591.85121621
0.00017196	1591.85121621
0.00017196	1591.85121621
0.00017196	1591.85121621
0.00017196	1591.85121621
0.00017196	1591.85121621
0.00017198	2033.26880605
0.00017198	2033.26880605
0.00017198	2033.26880605
0.00017198	2033.26880605
0.00017198	2033.26880605
0.00017198	2033.26880605
0.00017198	2033.26880605
0.00017198	2033.26880605
0.00017198	2033.26880605
0.00017202	1717.54801536
0.00017202	1717.54801536
0.00017202	1717.54801536
0.00017202	1717.54801536
0.00017202	1717.54801536
0.00017202	1717.54801536
0.00017204	281.75804674
0.00017204	281.75804674
0.00017204	281.75804674
0.00017204	281.75804674
0.00017204	281.75804674
0.00017204	281.75804674
0.00017206	1711.79559935
0.00017206	1711.79559935
0.00017206	1711.79559935
0.00017206	1711.79559935
0.00017206	1711.79559935
0.00017206	1711.79559935
0.00017206	1711.79559935
0.00017206	1711.79559935
0.00017206	1711.79559935
0.00017206	1711.79559935
0.00017206	1711.79559935
0.00017206	1711.79559935
0.0001721	281.75804674
0.0001721	281.75804674
0.0001721	281.75804674
0.0001721	281.75804674
0.0001721	281.75804674
0.0001721	281.75804674
0.0001721	281.75804674
0.0001721	281.75804674
0.0001721	281.75804674
0.0001721	281.75804674
0.0001721	281.75804674
0.0001721	281.75804674
0.0001721	281.75804674
0.0001721	281.75804674
0.0001721	281.75804674
0.0001721	281.75804674
0.0001721	281.75804674
0.0001721	281.75804674
0.0001721	281.75804674
0.0001721	281.75804674
0.0001721	281.75804674
0.0001721	281.75804674
0.0001721	281.75804674
0.0001721	281.75804674
0.00017051	234.44565975
0.00017051	234.44565975
0.00017051	234.44565975
0.00017051	234.44565975
0.00017051	234.44565975
0.00017051	234.44565975
0.00017051	234.44565975
0.00017051	234.44565975
0.00017051	234.44565975
0.00017051	234.44565975
0.00017051	234.44565975
0.00017051	234.44565975
0.00017051	234.44565975
0.00017051	234.44565975
0.00017051	234.44565975
0.00017051	234.44565975
0.00017051	234.44565975
0.00017051	234.44565975
0.00017051	234.40688545
0.00017051	234.40688545
0.00017051	234.40688545
0.00017051	234.40688545
0.00017051	234.40688545
0.00017051	234.40688545
0.00017212	232.21425771
0.00017212	232.21425771
0.00017212	232.21425771
0.00017212	579.53753195
0.00017212	579.53753195
0.00017212	579.53753195
0.00017212	579.53753195
0.00017212	579.53753195
0.00017212	579.53753195
0.00017214	281.75804674
0.00017214	281.75804674
0.00017214	281.75804674
0.00017216	232.16030459
0.00017216	232.16030459
0.00017216	232.16030459
0.00017214	281.75804674
0.00017214	281.75804674
0.00017214	281.75804674
0.00017214	281.75804674
0.00017214	281.75804674
0.00017214	281.75804674
0.00017214	281.75804674
0.00017214	281.75804674
0.00017214	281.75804674
0.00017217	3852.59142171
0.00017217	3852.59142171
0.00017217	3852.59142171
0.00017217	3852.59142171
0.00017217	3852.59142171
0.00017217	3852.59142171
0.00017217	3852.59142171
0.00017217	3852.59142171
0.00017217	3852.59142171
0.00017217	3852.59142171
0.00017217	3852.59142171
0.00017217	3852.59142171
0.00017217	3852.59142171
0.00017217	3852.59142171
0.00017217	3852.59142171
0.00017217	3852.59142171
0.00017217	3852.59142171
0.00017217	3852.59142171
0.00017212	579.53753195
0.00017212	579.53753195
0.00017212	579.53753195
0.00017212	579.53753195
0.00017212	579.53753195
0.00017212	579.53753195
0.00017212	579.53753195
0.00017212	579.53753195
0.00017212	579.53753195
0.00017217	1000.0
0.00017217	1000.0
0.00017217	1000.0
0.00017217	1000.0
0.00017217	1000.0
0.00017217	1000.0
0.00017217	1000.0
0.00017217	1000.0
0.00017217	1000.0
0.00017217	1000.0
0.00017217	1000.0
0.00017217	1000.0
0.00017212	579.53753195
0.00017212	579.53753195
0.00017212	579.53753195
0.00017212	579.53753195
0.00017212	579.53753195
0.00017212	579.53753195
0.00017212	579.53753195
0.00017212	579.53753195
0.00017212	579.53753195
0.00017212	579.53753195
0.00017212	579.53753195
0.00017212	579.53753195
0.00017212	579.53753195
0.00017212	579.53753195
0.00017212	579.53753195
0.00017212	579.53753195
0.00017212	579.53753195
0.00017212	579.53753195
0.00017212	579.53753195
0.00017212	579.53753195
0.00017212	579.53753195
0.00017212	579.53753195
0.00017212	579.53753195
0.00017212	579.53753195
0.00017214	281.75804674
0.00017214	281.75804674
0.00017214	281.75804674
0.00017214	281.75804674
0.00017214	281.75804674
0.00017214	281.75804674
0.00017215	6956.79580519
0.00017215	6956.79580519
0.00017215	6956.79580519
0.00017214	281.75804674
0.00017214	281.75804674
0.00017214	281.75804674
0.00017214	281.75804674
0.00017214	281.75804674
0.00017214	281.75804674
0.00017212	579.53753195
0.00017212	579.53753195
0.00017212	579.53753195
0.00017212	579.53753195
0.00017212	579.53753195
0.00017212	579.53753195
0.00017215	6952.638
0.00017215	6952.638
0.00017215	6952.638
0.00017215	6952.638
0.00017215	6952.638
0.00017215	6952.638
0.00017215	6952.638
0.00017215	6952.638
0.00017215	6952.638
0.00017215	6952.638
0.00017215	6952.638
0.00017215	6952.638
0.00017215	6952.638
0.00017215	6952.638
0.00017215	6952.638
0.00017215	6952.638
0.00017215	6952.638
0.00017215	6952.638
0.00017215	6952.638
0.00017215	6952.638
0.00017215	6952.638
0.00017215	6952.638
0.00017215	6952.638
0.00017215	6952.638
0.00017215	6952.638
0.00017215	6952.638
0.00017215	6952.638
0.00017212	579.53753195
0.00017212	579.53753195
0.00017212	579.53753195
0.00017216	281.75804674
0.00017216	281.75804674
0.00017216	281.75804674
0.00017212	579.53753195
0.00017212	579.53753195
0.00017212	579.53753195
0.00017212	579.53753195
0.00017212	579.53753195
0.00017212	579.53753195
0.00017212	579.53753195
0.00017212	579.53753195
0.00017212	579.53753195
0.00017212	579.53753195
0.00017212	579.53753195
0.00017212	579.53753195
0.00017051	237.85425719
0.00017051	237.85425719
0.00017051	237.85425719
0.00017051	237.85425719
0.00017051	237.85425719
0.00017051	237.85425719
0.00017051	237.85425719
0.00017051	237.85425719
0.00017051	237.85425719
0.00017051	237.85425719
0.00017051	237.85425719
0.00017051	237.85425719
0.00017051	237.85425719
0.00017051	237.85425719
0.00017051	237.85425719
0.00017051	237.85425719
0.00017051	237.85425719
0.00017051	237.85425719
0.0001705	100.0
0.0001705	100.0
0.0001705	100.0
0.00017039	585.42167968
0.00017039	585.42167968
0.00017039	585.42167968
0.0001705	105.22553261
0.0001705	105.22553261
0.0001705	105.22553261
0.0001705	105.22553261
0.0001705	105.22553261
0.0001705	105.22553261
0.0001705	105.22553261
0.0001705	105.22553261
0.0001705	105.22553261
0.00017039	585.42167968
0.00017039	585.42167968
0.00017039	585.42167968
0.00017039	585.42167968
0.00017039	585.42167968
0.00017039	585.42167968
0.00017039	585.42167968
0.00017039	585.42167968
0.00017039	585.42167968
0.0001705	104.19804201
0.0001705	104.19804201
0.0001705	104.19804201
0.0001705	104.19804201
0.0001705	104.19804201
0.0001705	104.19804201
0.0001705	104.19804201
0.0001705	104.19804201
0.0001705	104.19804201
0.0001705	104.19804201
0.0001705	104.19804201
0.0001705	104.19804201
0.0001705	104.19804201
0.0001705	104.19804201
0.0001705	104.19804201
0.00017054	2134.58505737
0.00017054	2134.58505737
0.00017054	2134.58505737
0.00017054	2134.58505737
0.00017054	2134.58505737
0.00017054	2134.58505737
0.00017054	2134.58505737
0.00017054	2134.58505737
0.00017054	2134.58505737
0.00017056	287.23152074
0.00017056	287.23152074
0.00017056	287.23152074
0.00017056	287.23152074
0.00017056	287.23152074
0.00017056	287.23152074
0.00017056	287.23152074
0.00017056	287.23152074
0.00017056	287.23152074
0.00017056	287.23152074
0.00017056	287.23152074
0.00017056	287.23152074
0.0001705	100.0
0.0001705	100.0
0.0001705	100.0
0.00017058	281.75804674
0.00017058	281.75804674
0.00017058	281.75804674
0.00017058	281.75804674
0.00017058	281.75804674
0.00017058	281.75804674
0.00017062	4.19508946
0.00017062	4.19508946
0.00017062	4.19508946
0.00017062	4.19508946
0.00017062	4.19508946
0.00017062	4.19508946
0.00017063	4.1948436
0.00017063	4.1948436
0.00017063	4.1948436
0.00017063	4.1948436
0.00017063	4.1948436
0.00017063	4.1948436
0.00017063	4.1948436
0.00017063	4.1948436
0.00017063	4.1948436
0.00017063	4.1948436
0.00017063	4.1948436
0.00017063	4.1948436
0.00017063	4.1948436
0.00017063	4.1948436
0.00017063	4.1948436
0.00017063	4.1948436
0.00017063	4.1948436
0.00017063	4.1948436
0.00017063	4.1948436
0.00017063	4.1948436
0.00017063	4.1948436
0.00017063	4.1948436
0.00017063	4.1948436
0.00017063	4.1948436
0.00017063	4.1948436
0.00017063	4.1948436
0.00017063	4.1948436
0.00017063	4.1948436
0.00017063	4.1948436
0.00017063	4.1948436
0.00017039	585.42167968
0.00017039	585.42167968
0.00017039	585.42167968
0.00017039	585.42167968
0.00017039	585.42167968
0.00017039	585.42167968
0.00017039	585.42167968
0.00017039	585.42167968
0.00017039	585.42167968
0.00017039	585.42167968
0.00017039	585.42167968
0.00017039	585.42167968
0.00017039	585.42167968
0.00017039	585.42167968
0.00017039	585.42167968
0.0001705	104.19017775
0.0001705	104.19017775
0.0001705	104.19017775
0.00017051	2621.45279582
0.00017051	2621.45279582
0.00017051	2621.45279582
0.00017051	2621.45279582
0.00017051	2621.45279582
0.00017051	2621.45279582
0.00017052	4.19754964
0.00017052	4.19754964
0.00017052	4.19754964
0.0001705	100.0
0.0001705	100.0
0.0001705	100.0
0.00017039	585.42167968
0.00017039	585.42167968
0.00017039	585.42167968
0.00017039	189.62243187
0.00017039	189.62243187
0.00017039	189.62243187
0.00017039	189.62243187
0.00017039	189.62243187
0.00017039	189.62243187
0.00017039	189.62243187
0.00017039	189.62243187
0.00017039	189.62243187
0.00017039	189.62243187
0.00017039	189.62243187
0.00017039	189.62243187
0.00017039	189.62243187
0.00017039	189.62243187
0.00017039	189.62243187
0.00017039	189.62243187
0.00017039	189.62243187
0.00017039	189.62243187
0.00017039	189.62243187
0.00017039	189.62243187
0.00017039	189.62243187
0.00017039	189.62243187
0.00017039	189.62243187
0.00017039	189.62243187
0.00017039	189.62243187
0.00017039	189.62243187
0.00017039	189.62243187
0.00017038	1756.36811832
0.00017038	1756.36811832
0.00017038	1756.36811832
0.00017038	1756.36811832
0.00017038	1756.36811832
0.00017038	1756.36811832
0.00017038	1756.36811832
0.00017038	1756.36811832
0.00017038	1756.36811832
0.00017038	1756.36811832
0.00017038	1756.36811832
0.00017038	1756.36811832
0.00017038	1756.36811832
0.00017038	1756.36811832
0.00017038	1756.36811832
0.00017038	1756.36811832
0.00017038	1756.36811832
0.00017038	1756.36811832
0.00017038	1756.36811832
0.00017038	1756.36811832
0.00017038	1756.36811832
0.00017037	10971.4013152
0.00017037	10971.4013152
0.00017037	10971.4013152
0.00016946	4.09692146
0.00016946	4.09692146
0.00016946	4.09692146
0.00016946	4.09692146
0.00016946	4.09692146
0.00016946	4.09692146
0.0001695	100.0
0.0001695	100.0
0.0001695	100.0
0.0001695	100.0
0.0001695	100.0
0.0001695	100.0
0.0001695	100.0
0.0001695	100.0
0.0001695	100.0
0.0001695	100.0
0.0001695	100.0
0.0001695	100.0
0.00016952	206.01656934
0.00016952	206.01656934
0.00016952	206.01656934
0.00016953	2.96345127
0.00016953	2.96345127
0.00016953	2.96345127
0.0001695	100.0
0.0001695	100.0
0.0001695	100.0
0.00016952	768.549
0.00016952	768.549
0.00016952	768.549
0.00016956	203.05418502
0.00016956	203.05418502
0.00016956	203.05418502
0.00016951	198.89127033
0.00016951	198.89127033
0.00016951	198.89127033
0.00016951	198.89127033
0.00016951	198.89127033
0.00016951	198.89127033
0.0001695	100.0
0.0001695	100.0
0.0001695	100.0
0.0001695	100.0
0.0001695	100.0
0.0001695	100.0
0.00016946	4.09692146
0.00016946	4.09692146
0.00016946	4.09692146
0.0001695	100.0
0.0001695	100.0
0.0001695	100.0
0.0001695	100.0
0.0001695	100.0
0.0001695	100.0
0.00016888	497.17552456
0.00016888	497.17552456
0.00016888	497.17552456
0.00016888	497.17552456
0.00016888	497.17552456
0.00016888	497.17552456
0.00016888	497.17552456
0.00016888	497.17552456
0.00016888	497.17552456
0.0001689	3.33130029
0.0001689	3.33130029
0.0001689	3.33130029
0.00016786	7170.394
0.00016786	7170.394
0.00016786	7170.394
0.00016752	200.93072688
0.00016752	200.93072688
0.00016752	200.93072688
0.00016752	196.74604643
0.00016752	196.74604643
0.00016752	196.74604643
0.00016752	196.74604643
0.00016752	196.74604643
0.00016752	196.74604643
0.00016751	60.0
0.00016751	60.0
0.00016751	60.0
0.00016751	60.0
0.00016751	60.0
0.00016751	60.0
0.00016751	60.0
0.00016751	60.0
0.00016751	60.0
0.00016751	60.0
0.00016751	60.0
0.00016751	60.0
0.00016751	60.0
0.00016751	60.0
0.00016751	60.0
0.00016751	60.0
0.00016751	60.0
0.00016751	60.0
0.00016804	2303.47249872
0.00016804	2303.47249872
0.00016804	2303.47249872
0.00016806	281.75804674
0.00016806	281.75804674
0.00016806	281.75804674
0.00016806	281.75804674
0.00016806	281.75804674
0.00016806	281.75804674
0.00016806	281.75804674
0.00016806	281.75804674
0.00016806	281.75804674
0.00016806	281.75804674
0.00016806	281.75804674
0.00016806	281.75804674
0.00016806	281.75804674
0.00016806	281.75804674
0.00016806	281.75804674
0.00016808	1001.0
0.00016808	1001.0
0.00016808	1001.0
0.00016808	1282.75804674
0.00016808	1282.75804674
0.00016808	1282.75804674
0.00016808	1282.75804674
0.00016808	1282.75804674
0.00016808	1282.75804674
0.00016808	1282.75804674
0.00016808	1282.75804674
0.00016808	1282.75804674
0.00016808	1282.75804674
0.00016808	1282.75804674
0.00016808	1282.75804674
0.00016808	1001.0
0.00016808	1001.0
0.00016808	1001.0
0.0001681	281.75804674
0.0001681	281.75804674
0.0001681	281.75804674
0.0001681	281.75804674
0.0001681	281.75804674
0.0001681	281.75804674
0.0001681	281.75804674
0.0001681	281.75804674
0.0001681	281.75804674
0.0001681	281.75804674
0.0001681	281.75804674
0.0001681	281.75804674
0.0001681	281.75804674
0.0001681	281.75804674
0.0001681	281.75804674
0.00016811	7325.934
0.00016811	7325.934
0.00016811	7325.934
0.00016812	1189.62645729
0.00016812	1189.62645729
0.00016812	1189.62645729
0.00016814	1356.80593813
0.00016814	1356.80593813
0.00016814	1356.80593813
0.00016826	7595.0
0.00016826	7595.0
0.00016826	7595.0
0.00016852	7595.0
0.00016852	7595.0
0.00016852	7595.0
0.00016869	7069.293
0.00016869	7069.293
0.00016869	7069.293
0.00016871	3.02812
0.00016871	3.02812
0.00016871	3.02812
0.00016872	3.77168191
0.00016872	3.77168191
0.00016872	3.77168191
0.00016843	5246.351
0.00016843	5246.351
0.00016843	5246.351
0.00016875	434.30402885
0.00016875	434.30402885
0.00016875	434.30402885
0.00016875	434.30402885
0.00016875	434.30402885
0.00016875	434.30402885
0.00016877	281.75804674
0.00016877	281.75804674
0.00016877	281.75804674
0.00016877	281.75804674
0.00016877	281.75804674
0.00016877	281.75804674
0.00016877	281.75804674
0.00016877	281.75804674
0.00016877	281.75804674
0.00016885	7595.0
0.00016885	7595.0
0.00016885	7595.0
0.00016907	7595.0
0.00016907	7595.0
0.00016907	7595.0
0.00016928	6999.3
0.00016928	6999.3
0.00016928	6999.3
0.00016913	281.75804674
0.00016913	281.75804674
0.00016913	281.75804674
0.00016932	7465.92
0.00016932	7465.92
0.00016932	7465.92
0.00016933	4.22729839
0.00016933	4.22729839
0.00016933	4.22729839
0.0001713	1.97176306
0.0001713	1.97176306
0.0001713	1.97176306
0.0001713	1.97176306
0.0001713	1.97176306
0.0001713	1.97176306
0.0001713	1.97176306
0.0001713	1.97176306
0.0001713	1.97176306
0.0001713	1.97176306
0.0001713	1.97176306
0.0001713	1.97176306
0.0001713	56.97176306
0.0001713	56.97176306
0.0001713	56.97176306
0.0001713	56.97176306
0.0001713	56.97176306
0.0001713	56.97176306
0.0001713	56.97176306
0.0001713	56.97176306
0.0001713	56.97176306
0.0001713	56.97176306
0.0001713	56.97176306
0.0001713	56.97176306
0.0001713	56.97176306
0.0001713	56.97176306
0.0001713	56.97176306
0.0001713	56.97176306
0.0001713	56.97176306
0.0001713	56.97176306
0.0001713	56.97176306
0.0001713	56.97176306
0.0001713	56.97176306
0.0001713	56.97176306
0.0001713	56.97176306
0.0001713	56.97176306
0.0001713	56.97176306
0.0001713	56.97176306
0.0001713	56.97176306
0.0001713	56.97176306
0.0001713	56.97176306
0.0001713	56.97176306
0.0001713	1.97176306
0.0001713	1.97176306
0.0001713	1.97176306
0.0001713	1.97176306
0.0001713	1.97176306
0.0001713	1.97176306
0.00016801	6821.933
0.00016801	6821.933
0.00016801	6821.933
0.000168	100.0
0.000168	100.0
0.000168	100.0
0.00016751	7689.237
0.00016751	7689.237
0.00016751	7689.237
0.00016751	5362.491
0.00016751	5362.491
0.00016751	5362.491
0.00016751	5362.491
0.00016751	5362.491
0.00016751	5362.491
0.00016751	5362.491
0.00016751	5362.491
0.00016751	5362.491
0.00016751	5362.491
0.00016751	5362.491
0.00016751	5362.491
0.00016565	6595.83191095
0.00016565	6595.83191095
0.00016565	6595.83191095
0.00016575	3.85216371
0.00016575	3.85216371
0.00016575	3.85216371
0.00016577	6.03245461
0.00016577	6.03245461
0.00016577	6.03245461
0.00016582	236.49120944
0.00016582	236.49120944
0.00016582	236.49120944
0.00016588	3.88018274
0.00016588	3.88018274
0.00016588	3.88018274
0.0001662	236.2103282
0.0001662	236.2103282
0.0001662	236.2103282
0.00016624	3.87850917
0.00016624	3.87850917
0.00016624	3.87850917
0.00016625	30.0
0.00016625	30.0
0.00016625	30.0
0.00016631	151.40507768
0.00016631	151.40507768
0.00016631	151.40507768
0.00016634	63.1237225
0.00016634	63.1237225
0.00016634	63.1237225
0.00016635	4.30277225
0.00016635	4.30277225
0.00016635	4.30277225
0.00016634	63.1237225
0.00016634	63.1237225
0.00016634	63.1237225
0.00016633	2345.267
0.00016633	2345.267
0.00016633	2345.267
0.00016638	67.41054311
0.00016638	67.41054311
0.00016638	67.41054311
0.00016641	1182.23950231
0.00016641	1182.23950231
0.00016641	1182.23950231
0.00016625	30.0
0.00016625	30.0
0.00016625	30.0
0.00016625	30.0
0.00016625	30.0
0.00016625	30.0
0.00016625	30.0
0.00016625	30.0
0.00016625	30.0
0.00016625	30.0
0.00016625	30.0
0.00016625	30.0
0.00016625	30.0
0.00016625	30.0
0.00016625	30.0
0.00016025	2884.86489
0.00016025	2884.86489
0.00016025	2884.86489
0.00016052	3129.93324481
0.00016052	3129.93324481
0.00016052	3129.93324481
0.00016075	3129.58260268
0.00016075	3129.58260268
0.00016075	3129.58260268
0.00016107	3129.09641861
0.00016107	3129.09641861
0.00016107	3129.09641861
0.00016131	2884.86489
0.00016131	2884.86489
0.00016131	2884.86489
0.00016155	3128.3707539
0.00016155	3128.3707539
0.00016155	3128.3707539
0.00016182	243.09956936
0.00016182	243.09956936
0.00016182	243.09956936
0.00016205	2884.86489
0.00016205	2884.86489
0.00016205	2884.86489
0.00016226	7014.854
0.00016226	7014.854
0.00016226	7014.854
0.0001625	242.08229116
0.0001625	242.08229116
0.0001625	242.08229116
0.00016257	3909.634
0.00016257	3909.634
0.00016257	3909.634
0.00016261	3.76483498
0.00016261	3.76483498
0.00016261	3.76483498
0.00016279	49.14306776
0.00016279	49.14306776
0.00016279	49.14306776
0.000163	19.3930523
0.000163	19.3930523
0.000163	19.3930523
0.00016302	241.31250578
0.00016302	241.31250578
0.00016302	241.31250578
0.00016303	7318.157
0.00016303	7318.157
0.00016303	7318.157
0.00016305	7726.95085689
0.00016305	7726.95085689
0.00016305	7726.95085689
0.00016307	1224.45493511
0.00016307	1224.45493511
0.00016307	1224.45493511
0.00016308	7330.32304933
0.00016308	7330.32304933
0.00016308	7330.32304933
0.00016318	241.07371177
0.00016318	241.07371177
0.00016318	241.07371177
0.00016321	4.38609084
0.00016321	4.38609084
0.00016321	4.38609084
0.00016342	240.71112809
0.00016342	240.71112809
0.00016342	240.71112809
0.00016349	240.60806504
0.00016349	240.60806504
0.00016349	240.60806504
0.0001635	7034.78631027
0.0001635	7034.78631027
0.0001635	7034.78631027
0.00016355	240.51979549
0.00016355	240.51979549
0.00016355	240.51979549
0.00016368	240.32876682
0.00016368	240.32876682
0.00016368	240.32876682
0.00016378	240.18202804
0.00016378	240.18202804
0.00016378	240.18202804
0.00016393	244.32854704
0.00016393	244.32854704
0.00016393	244.32854704
0.00016397	2753.433
0.00016397	2753.433
0.00016397	2753.433
0.00016398	2606.69996014
0.00016398	2606.69996014
0.00016398	2606.69996014
0.00016399	3.23690559
0.00016399	3.23690559
0.00016399	3.23690559
0.00016423	7603.7166311
0.00016423	7603.7166311
0.00016423	7603.7166311
0.00016432	457.77176932
0.00016432	457.77176932
0.00016432	457.77176932
0.00016433	2166.55766338
0.00016433	2166.55766338
0.00016433	2166.55766338
0.00016435	151.40507768
0.00016435	151.40507768
0.00016435	151.40507768
0.00016436	2248.91093129
0.00016436	2248.91093129
0.00016436	2248.91093129
0.00016455	244.86300308
0.00016455	244.86300308
0.00016455	244.86300308
0.00016476	7255.941
0.00016476	7255.941
0.00016476	7255.941
0.00016478	244.52020073
0.00016478	244.52020073
0.00016478	244.52020073
0.00016486	7205.84366059
0.00016486	7205.84366059
0.00016486	7205.84366059
0.000165	15069.64347
0.000165	15069.64347
0.000165	15069.64347
0.0001651	257.20319127
0.0001651	257.20319127
0.0001651	257.20319127
0.00016501	257.34347542
0.00016501	257.34347542
0.00016501	257.34347542
0.0001652	265.71294921
0.0001652	265.71294921
0.0001652	265.71294921
0.00016522	139.34319883
0.00016522	139.34319883
0.00016522	139.34319883
0.00016533	266.94338545
0.00016533	266.94338545
0.00016533	266.94338545
0.00016564	7595.0
0.00016564	7595.0
0.00016564	7595.0
0.00016589	7528.136
0.00016589	7528.136
0.00016589	7528.136
0.00017131	5.46568198
0.00017131	5.46568198
0.00017131	5.46568198
0.0001707	7595.0
0.0001707	7595.0
0.0001707	7595.0
0.00017134	439.45559768
0.00017134	439.45559768
0.00017134	439.45559768
0.00017135	264.49099301
0.00017135	264.49099301
0.00017135	264.49099301
0.00017161	2735.201
0.00017161	2735.201
0.00017161	2735.201
0.00017185	4228.542
0.00017185	4228.542
0.00017185	4228.542
0.00017225	1668.553
0.00017225	1668.553
0.00017225	1668.553
0.00017252	2254.417
0.00017252	2254.417
0.00017252	2254.417
0.00017275	7595.0
0.00017275	7595.0
0.00017275	7595.0
0.0001727	262.22019986
0.0001727	262.22019986
0.0001727	262.22019986
0.0001726	1745.657
0.0001726	1745.657
0.0001726	1745.657
0.00017263	262.22276597
0.00017263	262.22276597
0.00017263	262.22276597
0.00017274	7595.0
0.00017274	7595.0
0.00017274	7595.0
0.00017133	7595.0
0.00017133	7595.0
0.00017133	7595.0
0.00017155	265.01143358
0.00017155	265.01143358
0.00017155	265.01143358
0.00017188	7595.0
0.00017188	7595.0
0.00017188	7595.0
0.00017131	5.46568198
0.00017131	5.46568198
0.00017131	5.46568198
0.00017038	266.8357259
0.00017038	266.8357259
0.00017038	266.8357259
0.00017039	625.034
0.00017039	625.034
0.00017039	625.034
0.00017038	266.8357259
0.00017038	266.8357259
0.00017038	266.8357259
0.00017038	266.8357259
0.00017038	266.8357259
0.00017038	266.8357259
0.00017038	266.8357259
0.00017038	266.8357259
0.00017038	266.8357259
0.00017038	266.8357259
0.00017038	266.8357259
0.00017038	266.8357259
0.00016887	4780.101
0.00016887	4780.101
0.00016887	4780.101
0.00016461	7595.0
0.00016461	7595.0
0.00016461	7595.0
