0.01830002	5.46444129
0.01830002	5.46444129
0.01830002	5.46444129
0.01830002	5.46444129
0.01830002	5.46444129
0.01830002	5.46444129
0.01831002	13.94370988
0.01831002	13.94370988
0.01831002	13.94370988
0.01830002	5.46444129
0.01830002	5.46444129
0.01830002	5.46444129
0.01830002	5.46444129
0.01830002	5.46444129
0.01830002	5.46444129
0.01830002	5.46444129
0.01830002	5.46444129
0.01830002	5.46444129
0.01830002	5.46444129
0.01830002	5.46444129
0.01830002	5.46444129
0.01830002	5.46444129
0.01830002	5.46444129
0.01830002	5.46444129
0.01830002	5.46444129
0.01830002	5.46444129
0.01830002	5.46444129
0.01831002	2.58955402
0.01831002	2.58955402
0.01831002	2.58955402
0.01831002	2.58955402
0.01831002	2.58955402
0.01831002	2.58955402
0.01831002	2.58955402
0.01831002	2.58955402
0.01831002	2.58955402
0.01831002	2.58955402
0.01831002	2.58955402
0.01831002	2.58955402
0.01831002	2.58955402
0.01831002	2.58955402
0.01831002	2.58955402
0.01831002	2.58955402
0.01831002	2.58955402
0.01831002	2.58955402
0.01831002	2.58955402
0.01831002	2.58955402
0.01831002	2.58955402
0.01831002	2.58955402
0.01831002	2.58955402
0.01831002	2.58955402
0.01830002	5.46444129
0.01830002	5.46444129
0.01830002	5.46444129
0.01830002	5.46444129
0.01830002	5.46444129
0.01830002	5.46444129
0.01830002	2.26444129
0.01830002	2.26444129
0.01830002	2.26444129
0.01830002	2.26444129
0.01830002	2.26444129
0.01830002	2.26444129
0.01830002	2.26444129
0.01830002	2.26444129
0.01830002	2.26444129
0.01830002	2.26444129
0.01830002	2.26444129
0.01830002	2.26444129
0.01830002	2.26444129
0.01830002	2.26444129
0.01830002	2.26444129
0.01830002	2.26444129
0.01830002	2.26444129
0.01830002	2.26444129
0.01830002	2.26444129
0.01830002	2.26444129
0.01830002	2.26444129
0.0182102	74.903
0.0182102	74.903
0.0182102	74.903
0.01821052	69.542
0.01821052	69.542
0.01821052	69.542
0.01821088	75.991
0.01821088	75.991
0.01821088	75.991
0.01821124	73.815
0.01821124	73.815
0.01821124	73.815
0.01821146	76.923
0.01821146	76.923
0.01821146	76.923
0.01821178	73.349
0.01821178	73.349
0.01821178	73.349
0.01821209	40.79
0.01821209	40.79
0.01821209	40.79
0.01821236	69.542
0.01821236	69.542
0.01821236	69.542
0.01821262	70.241
0.01821262	70.241
0.01821262	70.241
0.01821292	75.913
0.01821292	75.913
0.01821292	75.913
0.01821318	71.795
0.01821318	71.795
0.01821318	71.795
0.01821342	69.231
0.01821342	69.231
0.01821342	69.231
0.01821372	72.416
0.01821372	72.416
0.01821372	72.416
0.01821406	77.078
0.01821406	77.078
0.01821406	77.078
0.01821436	70.396
0.01821436	70.396
0.01821436	70.396
0.01821469	40.79
0.01821469	40.79
0.01821469	40.79
0.01821498	70.163
0.01821498	70.163
0.01821498	70.163
0.01822511	13.46453774
0.01822511	13.46453774
0.01822511	13.46453774
0.01822512	40.79
0.01822512	40.79
0.01822512	40.79
0.01822512	40.79
0.01822512	40.79
0.01822512	40.79
0.01822512	40.79
0.01822512	40.79
0.01822512	40.79
0.01822511	13.46453774
0.01822511	13.46453774
0.01822511	13.46453774
0.01822511	13.46453774
0.01822511	13.46453774
0.01822511	13.46453774
0.01822511	13.46453774
0.01822511	13.46453774
0.01822511	13.46453774
0.01822511	13.46453774
0.01822511	13.46453774
0.01822511	13.46453774
0.01822514	40.79
0.01822514	40.79
0.01822514	40.79
0.01822519	40.79
0.01822519	40.79
0.01822519	40.79
0.01822511	13.46453774
0.01822511	13.46453774
0.01822511	13.46453774
0.01822511	13.46453774
0.01822511	13.46453774
0.01822511	13.46453774
0.01822511	13.46453774
0.01822511	13.46453774
0.01822511	13.46453774
0.01822511	13.46453774
0.01822511	13.46453774
0.01822511	13.46453774
0.01822511	13.46453774
0.01822511	13.46453774
0.01822511	13.46453774
0.01822511	13.46453774
0.01822511	13.46453774
0.01822511	13.46453774
0.01822512	40.79
0.01822512	40.79
0.01822512	40.79
0.01822511	13.46453774
0.01822511	13.46453774
0.01822511	13.46453774
0.01822511	13.46453774
0.01822511	13.46453774
0.01822511	13.46453774
0.01822511	13.46453774
0.01822511	13.46453774
0.01822511	13.46453774
0.01822511	13.46453774
0.01822511	13.46453774
0.01822511	13.46453774
0.01820002	5.49446566
0.01820002	5.49446566
0.01820002	5.49446566
0.01820002	5.49446566
0.01820002	5.49446566
0.01820002	5.49446566
0.01821002	14.43176253
0.01821002	14.43176253
0.01821002	14.43176253
0.01821002	14.43176253
0.01821002	14.43176253
0.01821002	14.43176253
0.01821002	14.43176253
0.01821002	14.43176253
0.01821002	14.43176253
0.01821002	14.43176253
0.01821002	14.43176253
0.01821002	14.43176253
0.01821002	14.43176253
0.01821002	14.43176253
0.01821002	14.43176253
0.01821002	14.43176253
0.01821002	14.43176253
0.01821002	14.43176253
0.01820002	5.49446566
0.01820002	5.49446566
0.01820002	5.49446566
0.01820002	5.49446566
0.01820002	5.49446566
0.01820002	5.49446566
0.01820002	5.49446566
0.01820002	5.49446566
0.01820002	5.49446566
0.01820002	5.49446566
0.01820002	5.49446566
0.01820002	5.49446566
0.01820002	5.49446566
0.01820002	5.49446566
0.01820002	5.49446566
0.01820002	5.49446566
0.01820002	5.49446566
0.01820002	5.49446566
0.01820018	10.43535117
0.01820018	10.43535117
0.01820018	10.43535117
0.01820036	9.63206339
0.01820036	9.63206339
0.01820036	9.63206339
0.01820048	2.1225308
0.01820048	2.1225308
0.01820048	2.1225308
0.01820041	40.79
0.01820041	40.79
0.01820041	40.79
0.01820066	29.145
0.01820066	29.145
0.01820066	29.145
0.01820088	27.94
0.01820088	27.94
0.01820088	27.94
0.01820115	40.79
0.01820115	40.79
0.01820115	40.79
0.01820125	40.79
0.01820125	40.79
0.01820125	40.79
0.01820142	76.224
0.01820142	76.224
0.01820142	76.224
0.01820167	40.79
0.01820167	40.79
0.01820167	40.79
0.01820188	70.785
0.01820188	70.785
0.01820188	70.785
0.01820213	448.69
0.01820213	448.69
0.01820213	448.69
0.01820242	75.214
0.01820242	75.214
0.01820242	75.214
0.0182027	75.524
0.0182027	75.524
0.0182027	75.524
0.01820296	40.79
0.01820296	40.79
0.01820296	40.79
0.01820321	40.79
0.01820321	40.79
0.01820321	40.79
0.01820345	40.79
0.01820345	40.79
0.01820345	40.79
0.01820372	36.372
0.01820372	36.372
0.01820372	36.372
0.01820401	40.79
0.01820401	40.79
0.01820401	40.79
0.0182043	15.571
0.0182043	15.571
0.0182043	15.571
0.01820456	17.299
0.01820456	17.299
0.01820456	17.299
0.0182047	17.892
0.0182047	17.892
0.0182047	17.892
0.01820004	40.79
0.01820004	40.79
0.01820004	40.79
0.01820033	44.177
0.01820033	44.177
0.01820033	44.177
0.01820051	13.876
0.01820051	13.876
0.01820051	13.876
0.01820073	48.638
0.01820073	48.638
0.01820073	48.638
0.01820101	45.082
0.01820101	45.082
0.01820101	45.082
0.01820133	49.111
0.01820133	49.111
0.01820133	49.111
0.01820161	75.058
0.01820161	75.058
0.01820161	75.058
0.01820193	68.42
0.01820193	68.42
0.01820193	68.42
0.01820203	34.473
0.01820203	34.473
0.01820203	34.473
0.01820031	0.3064794
0.01820031	0.3064794
0.01820031	0.3064794
0.01820031	0.21722945
0.01820031	0.21722945
0.01820031	0.21722945
0.01820031	0.21722945
0.01820031	0.21722945
0.01820031	0.21722945
0.01820031	0.21722945
0.01820031	0.21722945
0.01820031	0.21722945
0.01820031	0.21722945
0.01820031	0.21722945
0.01820031	0.21722945
0.01820018	75.369
0.01820018	75.369
0.01820018	75.369
0.01820028	74.204
0.01820028	74.204
0.01820028	74.204
0.01820028	74.204
0.01820028	74.204
0.01820028	74.204
0.01820029	73.66
0.01820029	73.66
0.01820029	73.66
0.01820029	73.66
0.01820029	73.66
0.01820029	73.66
0.01820029	73.66
0.01820029	73.66
0.01820029	73.66
0.01820029	73.66
0.01820029	73.66
0.01820029	73.66
0.01820029	73.66
0.01820029	73.66
0.01820029	73.66
0.01820029	73.66
0.01820029	73.66
0.01820029	73.66
0.01820029	73.66
0.01820029	73.66
0.01820029	73.66
0.01820029	73.66
0.01820029	73.66
0.01820029	73.66
0.0182103	70.629
0.0182103	70.629
0.0182103	70.629
0.0182103	70.94
0.0182103	70.94
0.0182103	70.94
0.0182103	70.94
0.0182103	70.94
0.0182103	70.94
0.0182103	70.94
0.0182103	70.94
0.0182103	70.94
0.0182103	70.94
0.0182103	70.94
0.0182103	70.94
0.0182103	70.94
0.0182103	70.94
0.0182103	70.94
0.0182103	70.94
0.0182103	70.94
0.0182103	70.94
0.0182103	70.94
0.0182103	70.94
0.0182103	70.94
0.0182103	70.94
0.0182103	70.94
0.0182103	70.94
0.0182103	70.94
0.0182103	70.94
0.0182103	70.94
0.0182103	70.94
0.0182103	70.94
0.0182103	70.94
0.0182103	70.94
0.0182103	70.94
0.0182103	70.94
0.0182103	70.94
0.0182103	70.94
0.0182103	70.94
0.0182103	70.94
0.0182103	70.94
0.0182103	70.94
0.0182103	70.94
0.0182103	70.94
0.0182103	70.94
0.0182103	70.94
0.0182103	70.94
0.0182103	70.94
0.0182103	70.94
0.0182103	70.94
0.0182103	70.94
0.0182103	70.94
0.0182103	70.94
0.0182103	70.94
0.0182103	70.94
0.0182103	70.94
0.0182103	70.94
0.0182103	70.94
0.0182103	70.94
0.0182103	70.94
0.01821031	31.977
0.01821031	31.977
0.01821031	31.977
0.01821031	32.19411114
0.01821031	32.19411114
0.01821031	32.19411114
0.01821031	0.21711114
0.01821031	0.21711114
0.01821031	0.21711114
0.01821031	0.21711114
0.01821031	0.21711114
0.01821031	0.21711114
0.01821031	0.21711114
0.01821031	0.21711114
0.01821031	0.21711114
0.01821031	0.21711114
0.01821031	0.21711114
0.01821031	0.21711114
0.01821031	0.21711114
0.01821031	0.21711114
0.01821031	0.21711114
0.01821031	0.21711114
0.01821031	0.21711114
0.01821031	0.21711114
0.01821031	0.21711114
0.01821031	0.21711114
0.01821031	0.21711114
0.01821031	0.21711114
0.01821031	0.21711114
0.01821031	0.21711114
0.01821031	0.21711114
0.01821031	0.21711114
0.01821031	0.21711114
0.01821031	0.21711114
0.01821031	0.21711114
0.01821031	0.21711114
0.01821031	0.21711114
0.01821031	0.21711114
0.01821031	0.21711114
0.01821031	0.21711114
0.01821031	0.21711114
0.01821031	0.21711114
0.01821031	0.21711114
0.01821031	0.21711114
0.01821031	0.21711114
0.01821031	0.21711114
0.01821031	0.21711114
0.01821031	0.21711114
0.01821031	0.21711114
0.01821031	0.21711114
0.01821031	0.21711114
0.01821031	0.21711114
0.01821031	0.21711114
0.01821031	0.21711114
0.01821031	0.21711114
0.01821031	0.21711114
0.01821031	0.21711114
0.01821031	0.21711114
0.01821031	0.21711114
0.01821031	0.21711114
0.01820002	5.49446566
0.01820002	5.49446566
0.01820002	5.49446566
0.01820002	5.49446566
0.01820002	5.49446566
0.01820002	5.49446566
0.01820002	5.49446566
0.01820002	5.49446566
0.01820002	5.49446566
0.01820002	5.49446566
0.01820002	5.49446566
0.01820002	5.49446566
0.01820002	5.49446566
0.01820002	5.49446566
0.01820002	5.49446566
0.01820002	5.49446566
0.01820002	5.49446566
0.01820002	5.49446566
0.01820002	5.49446566
0.01820002	5.49446566
0.01820002	5.49446566
0.01820002	5.49446566
0.01820002	5.49446566
0.01820002	5.49446566
0.01820002	5.49446566
0.01820002	5.49446566
0.01820002	5.49446566
0.01820002	5.49446566
0.01820002	5.49446566
0.01820002	5.49446566
0.01820002	5.49446566
0.01820002	5.49446566
0.01820002	5.49446566
0.01820002	5.49446566
0.01820002	5.49446566
0.01820002	5.49446566
0.01820002	5.49446566
0.01820002	5.49446566
0.01820002	5.49446566
0.01821029	19.78818508
0.01821029	19.78818508
0.01821029	19.78818508
0.01821029	19.78818508
0.01821029	19.78818508
0.01821029	19.78818508
0.01820002	5.49446566
0.01820002	5.49446566
0.01820002	5.49446566
0.01820002	5.49446566
0.01820002	5.49446566
0.01820002	5.49446566
0.01821029	38.4995082
0.01821029	38.4995082
0.01821029	38.4995082
0.01821029	38.4995082
0.01821029	38.4995082
0.01821029	38.4995082
0.01821029	38.28769328
0.01821029	38.28769328
0.01821029	38.28769328
0.01821029	37.30776571
0.01821029	37.30776571
0.01821029	37.30776571
0.01821029	37.30776571
0.01821029	37.30776571
0.01821029	37.30776571
0.01821029	37.30776571
0.01821029	37.30776571
0.01821029	37.30776571
0.01820002	5.49446566
0.01820002	5.49446566
0.01820002	5.49446566
0.01821031	27.65131871
0.01821031	27.65131871
0.01821031	27.65131871
0.01821031	27.65131871
0.01821031	27.65131871
0.01821031	27.65131871
0.01821031	27.65131871
0.01821031	27.65131871
0.01821031	27.65131871
0.01821031	27.65131871
0.01821031	27.65131871
0.01821031	27.65131871
0.01821031	27.65131871
0.01821031	27.65131871
0.01821031	27.65131871
0.01821031	27.65131871
0.01821031	27.65131871
0.01821031	27.65131871
0.01821031	35.32009196
0.01821031	35.32009196
0.01821031	35.32009196
0.01821031	35.32009196
0.01821031	35.32009196
0.01821031	35.32009196
0.01821031	35.32009196
0.01821031	35.32009196
0.01821031	35.32009196
0.01821031	35.32009196
0.01821031	35.32009196
0.01821031	35.32009196
0.01821031	35.32009196
0.01821031	35.32009196
0.01821031	35.32009196
0.01821031	35.32009196
0.01821031	35.32009196
0.01821031	35.32009196
0.01821031	32.69738214
0.01821031	32.69738214
0.01821031	32.69738214
0.01821031	36.69738214
0.01821031	36.69738214
0.01821031	36.69738214
0.01821031	36.69738214
0.01821031	36.69738214
0.01821031	36.69738214
0.01821031	36.69738214
0.01821031	36.69738214
0.01821031	36.69738214
0.01821031	36.69738214
0.01821031	36.69738214
0.01821031	36.69738214
0.01821031	36.69738214
0.01821031	36.69738214
0.01821031	36.69738214
0.01821031	29.02860889
0.01821031	29.02860889
0.01821031	29.02860889
0.0182709	1.12949017
0.0182709	1.12949017
0.0182709	1.12949017
0.01820003	20.94809906
0.01820003	20.94809906
0.01820003	20.94809906
0.01820003	20.94809906
0.01820003	20.94809906
0.01820003	20.94809906
0.01821003	14.33546355
0.01821003	14.33546355
0.01821003	14.33546355
0.01820003	20.94809906
0.01820003	20.94809906
0.01820003	20.94809906
0.01821003	14.33546355
0.01821003	14.33546355
0.01821003	14.33546355
0.01821003	14.33546355
0.01821003	14.33546355
0.01821003	14.33546355
0.01821003	14.33546355
0.01821003	14.33546355
0.01821003	14.33546355
0.01821003	14.33546355
0.01821003	14.33546355
0.01821003	14.33546355
0.01821003	14.33546355
0.01821003	14.33546355
0.01821003	14.33546355
0.01821003	14.33546355
0.01821003	14.33546355
0.01821003	14.33546355
0.01821004	40.79
0.01821004	40.79
0.01821004	40.79
0.01820005	40.79
0.01820005	40.79
0.01820005	40.79
0.01821031	83.77742245
0.01821031	83.77742245
0.01821031	83.77742245
0.01821128	88.09459405
0.01821128	88.09459405
0.01821128	88.09459405
0.0183709	1.1
0.0183709	1.1
0.0183709	1.1
0.0183709	1.1
0.0183709	1.1
0.0183709	1.1
0.0183907	0.5
0.0183907	0.5
0.0183907	0.5
0.01839071	4.98671345
0.01839071	4.98671345
0.01839071	4.98671345
0.01839071	2.4901638
0.01839071	2.4901638
0.01839071	2.4901638
0.01839071	2.4901638
0.01839071	2.4901638
0.01839071	2.4901638
0.0183907	0.5
0.0183907	0.5
0.0183907	0.5
0.0183907	0.5
0.0183907	0.5
0.0183907	0.5
0.0183907	0.5
0.0183907	0.5
0.0183907	0.5
0.0183907	0.5
0.0183907	0.5
0.0183907	0.5
0.0183907	0.5
0.0183907	0.5
0.0183907	0.5
0.0183907	0.5
0.0183907	0.5
0.0183907	0.5
0.0183907	0.5
0.0183907	0.5
0.0183907	0.5
0.0183907	0.5
0.0183907	0.5
0.0183907	0.5
0.0183907	0.5
0.0183907	0.5
0.0183907	0.5
0.0184007	21.68395768
0.0184007	21.68395768
0.0184007	21.68395768
0.0184007	21.68395768
0.0184007	21.68395768
0.0184007	21.68395768
0.0184007	21.68395768
0.0184007	21.68395768
0.0184007	21.68395768
0.0184007	21.68395768
0.0184007	21.68395768
0.0184007	21.68395768
0.0184007	21.68395768
0.0184007	21.68395768
0.0184007	21.68395768
0.0184007	21.68395768
0.0184007	21.68395768
0.0184007	21.68395768
0.0184007	21.19805116
0.0184007	21.19805116
0.0184007	21.19805116
0.0184007	21.19805116
0.0184007	21.19805116
0.0184007	21.19805116
0.0184007	21.19805116
0.0184007	21.19805116
0.0184007	21.19805116
0.0184007	21.19805116
0.0184007	21.19805116
0.0184007	21.19805116
0.0184007	21.19805116
0.0184007	21.19805116
0.0184007	21.19805116
0.0183709	1.1
0.0183709	1.1
0.0183709	1.1
0.0183709	1.1
0.0183709	1.1
0.0183709	1.1
0.0183709	1.1
0.0183709	1.1
0.0183709	1.1
0.0183709	1.1642327
0.0183709	1.1642327
0.0183709	1.1642327
0.0183709	1.1642327
0.0183709	1.1642327
0.0183709	1.1642327
0.0183709	1.1642327
0.0183709	1.1642327
0.0183709	1.1642327
0.0183709	1.1642327
0.0183709	1.1642327
0.0183709	1.1642327
0.01821345	14.11059149
0.01821345	14.11059149
0.01821345	14.11059149
0.01821374	76.379
0.01821374	76.379
0.01821374	76.379
0.01821394	76.845
0.01821394	76.845
0.01821394	76.845
0.01821424	74.67
0.01821424	74.67
0.01821424	74.67
0.01821452	73.038
0.01821452	73.038
0.01821452	73.038
0.01822477	73.038
0.01822477	73.038
0.01822477	73.038
0.01823501	73.193
0.01823501	73.193
0.01823501	73.193
0.01823527	74.204
0.01823527	74.204
0.01823527	74.204
0.01823553	72.494
0.01823553	72.494
0.01823553	72.494
0.01823579	72.028
0.01823579	72.028
0.01823579	72.028
0.01823605	71.251
0.01823605	71.251
0.01823605	71.251
0.01823633	72.028
0.01823633	72.028
0.01823633	72.028
0.01823663	74.747
0.01823663	74.747
0.01823663	74.747
0.01823691	77.001
0.01823691	77.001
0.01823691	77.001
0.01823717	71.251
0.01823717	71.251
0.01823717	71.251
0.01823747	77.312
0.01823747	77.312
0.01823747	77.312
0.01824772	72.416
0.01824772	72.416
0.01824772	72.416
0.018248	69.308
0.018248	69.308
0.018248	69.308
0.01824809	407.9
0.01824809	407.9
0.01824809	407.9
0.01824809	407.9
0.01824809	407.9
0.01824809	407.9
0.01825809	14.07607298
0.01825809	14.07607298
0.01825809	14.07607298
0.0182108	73.737
0.0182108	73.737
0.0182108	73.737
0.01821107	448.69
0.01821107	448.69
0.01821107	448.69
0.01821134	72.261
0.01821134	72.261
0.01821134	72.261
0.01821162	71.639
0.01821162	71.639
0.01821162	71.639
0.01821184	76.146
0.01821184	76.146
0.01821184	76.146
0.01821212	73.815
0.01821212	73.815
0.01821212	73.815
0.01821239	448.69
0.01821239	448.69
0.01821239	448.69
0.01822264	75.369
0.01822264	75.369
0.01822264	75.369
0.01823292	70.629
0.01823292	70.629
0.01823292	70.629
0.01823318	70.474
0.01823318	70.474
0.01823318	70.474
0.01823345	448.69
0.01823345	448.69
0.01823345	448.69
0.01823372	71.329
0.01823372	71.329
0.01823372	71.329
0.01823398	70.085
0.01823398	70.085
0.01823398	70.085
0.0182341	43.665
0.0182341	43.665
0.0182341	43.665
0.01821011	73.815
0.01821011	73.815
0.01821011	73.815
0.01821025	71.95
0.01821025	71.95
0.01821025	71.95
0.01821055	72.106
0.01821055	72.106
0.01821055	72.106
0.01821084	40.79
0.01821084	40.79
0.01821084	40.79
0.01821113	70.629
0.01821113	70.629
0.01821113	70.629
0.01822135	58.882
0.01822135	58.882
0.01822135	58.882
0.01822163	75.136
0.01822163	75.136
0.01822163	75.136
0.01822193	72.028
0.01822193	72.028
0.01822193	72.028
0.0182222	40.79
0.0182222	40.79
0.0182222	40.79
0.01822245	76.69
0.01822245	76.69
0.01822245	76.69
0.01822266	29.116
0.01822266	29.116
0.01822266	29.116
0.01823267	14.09570862
0.01823267	14.09570862
0.01823267	14.09570862
0.01822268	16.08
0.01822268	16.08
0.01822268	16.08
0.01823268	14.09570089
0.01823268	14.09570089
0.01823268	14.09570089
0.01820015	40.79
0.01820015	40.79
0.01820015	40.79
0.01820015	40.79
0.01820015	40.79
0.01820015	40.79
0.01820015	40.79
0.01820015	40.79
0.01820015	40.79
0.01820015	40.79
0.01820015	40.79
0.01820015	40.79
0.01820015	40.79
0.01820015	40.79
0.01820015	40.79
0.01820015	40.79
0.01820015	40.79
0.01820015	40.79
0.01820021	24.438
0.01820021	24.438
0.01820021	24.438
0.01820033	40.79
0.01820033	40.79
0.01820033	40.79
0.01820002	5.49446566
0.01820002	5.49446566
0.01820002	5.49446566
0.01820002	5.49446566
0.01820002	5.49446566
0.01820002	5.49446566
0.01820002	5.49446566
0.01820002	5.49446566
0.01820002	5.49446566
0.01820002	5.49446566
0.01820002	5.49446566
0.01820002	5.49446566
0.01820002	5.49446566
0.01820002	5.49446566
0.01820002	5.49446566
0.01820002	5.49446566
0.01820002	5.49446566
0.01820002	5.49446566
0.01820002	5.49446566
0.01820002	5.49446566
0.01820002	5.49446566
0.01820002	5.49446566
0.01820002	5.49446566
0.01820002	5.49446566
0.01820002	5.49446566
0.01820002	5.49446566
0.01820002	5.49446566
0.01820002	5.49446566
0.01820002	5.49446566
0.01820002	5.49446566
0.01820002	5.49446566
0.01820002	5.49446566
0.01820002	5.49446566
0.01820002	5.49446566
0.01820002	5.49446566
0.01820002	5.49446566
0.01820002	5.49446566
0.01820002	5.49446566
0.01820002	5.49446566
0.01813121	71.018
0.01813121	71.018
0.01813121	71.018
0.01814124	40.79
0.01814124	40.79
0.01814124	40.79
0.01814124	40.79
0.01814124	40.79
0.01814124	40.79
0.01813124	30.616
0.01813124	30.616
0.01813124	30.616
0.01813126	32.947
0.01813126	32.947
0.01813126	32.947
0.01813127	47.6786213
0.01813127	47.6786213
0.01813127	47.6786213
0.01814139	76.612
0.01814139	76.612
0.01814139	76.612
0.01814022	72.727
0.01814022	72.727
0.01814022	72.727
0.01814054	77.312
0.01814054	77.312
0.01814054	77.312
0.01814055	0.03168322
0.01814055	0.03168322
0.01814055	0.03168322
0.01814056	0.02989583
0.01814056	0.02989583
0.01814056	0.02989583
0.01814094	40.79
0.01814094	40.79
0.01814094	40.79
0.01814195	71.872
0.01814195	71.872
0.01814195	71.872
0.01814303	75.369
0.01814303	75.369
0.01814303	75.369
0.01814398	74.281
0.01814398	74.281
0.01814398	74.281
0.01814455	72.028
0.01814455	72.028
0.01814455	72.028
0.01814559	75.136
0.01814559	75.136
0.01814559	75.136
0.01814661	73.349
0.01814661	73.349
0.01814661	73.349
0.01814748	114.565
0.01814748	114.565
0.01814748	114.565
0.01815044	73.737
0.01815044	73.737
0.01815044	73.737
0.01815077	113.312
0.01815077	113.312
0.01815077	113.312
0.01815113	148.911
0.01815113	148.911
0.01815113	148.911
0.01815143	75.369
0.01815143	75.369
0.01815143	75.369
0.01815167	69.93
0.01815167	69.93
0.01815167	69.93
0.01815179	76.534
0.01815179	76.534
0.01815179	76.534
0.01815179	76.534
0.01815179	76.534
0.01815179	76.534
0.0181518	0.03616233
0.0181518	0.03616233
0.0181518	0.03616233
0.01815181	0.03625098
0.01815181	0.03625098
0.01815181	0.03625098
0.01815182	0.03647903
0.01815182	0.03647903
0.01815182	0.03647903
0.01815183	0.03650285
0.01815183	0.03650285
0.01815183	0.03650285
0.01815184	0.03677905
0.01815184	0.03677905
0.01815184	0.03677905
0.01815185	0.03721727
0.01815185	0.03721727
0.01815185	0.03721727
0.01815186	0.0371338
0.01815186	0.0371338
0.01815186	0.0371338
0.01815187	0.03728647
0.01815187	0.03728647
0.01815187	0.03728647
0.01815189	0.03751833
0.01815189	0.03751833
0.01815189	0.03751833
0.01815189	0.03751833
0.01815189	0.03751833
0.01815189	0.03751833
0.01815191	0.03773995
0.01815191	0.03773995
0.01815191	0.03773995
0.01815191	0.03773995
0.01815191	0.03773995
0.01815191	0.03773995
0.01816193	68.998
0.01816193	68.998
0.01816193	68.998
0.01816194	0.0377561
0.01816194	0.0377561
0.01816194	0.0377561
0.01816193	68.998
0.01816193	68.998
0.01816193	68.998
0.01816193	68.998
0.01816193	68.998
0.01816193	68.998
0.01816193	68.89234568
0.01816193	68.89234568
0.01816193	68.89234568
0.01816193	68.89234568
0.01816193	68.89234568
0.01816193	68.89234568
0.01816194	69.386
0.01816194	69.386
0.01816194	69.386
0.01816197	64.484
0.01816197	64.484
0.01816197	64.484
0.01816197	64.484
0.01816197	64.484
0.01816197	64.484
0.01816197	64.484
0.01816197	64.484
0.01816197	64.484
0.01816197	64.484
0.01816197	64.484
0.01816197	64.484
0.01816198	72.028
0.01816198	72.028
0.01816198	72.028
0.01816198	72.028
0.01816198	72.028
0.01816198	72.028
0.01806903	27.41761691
0.01806903	27.41761691
0.01806903	27.41761691
0.0180799	98.597125
0.0180799	98.597125
0.0180799	98.597125
0.01808085	27.42730256
0.01808085	27.42730256
0.01808085	27.42730256
0.01808168	22.616775
0.01808168	22.616775
0.01808168	22.616775
0.0180827	77.545
0.0180827	77.545
0.0180827	77.545
0.01808366	71.562
0.01808366	71.562
0.01808366	71.562
0.01808459	27.42352675
0.01808459	27.42352675
0.01808459	27.42352675
0.01808538	70.862
0.01808538	70.862
0.01808538	70.862
0.01808633	75.214
0.01808633	75.214
0.01808633	75.214
0.01808728	27.4249858
0.01808728	27.4249858
0.01808728	27.4249858
0.01808817	22.32135
0.01808817	22.32135
0.01808817	22.32135
0.01808918	77.156
0.01808918	77.156
0.01808918	77.156
0.01809012	74.204
0.01809012	74.204
0.01809012	74.204
0.01809097	27.4249858
0.01809097	27.4249858
0.01809097	27.4249858
0.01809192	69.775
0.01809192	69.775
0.01809192	69.775
0.0180929	27.42497076
0.0180929	27.42497076
0.0180929	27.42497076
0.0180938	185.238
0.0180938	185.238
0.0180938	185.238
0.01809489	27.40777284
0.01809489	27.40777284
0.01809489	27.40777284
0.01810067	27.31473236
0.01810067	27.31473236
0.01810067	27.31473236
0.0181017	254.434425
0.0181017	254.434425
0.0181017	254.434425
0.01810271	77.622
0.01810271	77.622
0.01810271	77.622
0.01810372	55.20831736
0.01810372	55.20831736
0.01810372	55.20831736
0.01810474	27.2330858
0.01810474	27.2330858
0.01810474	27.2330858
0.01810574	75.369
0.01810574	75.369
0.01810574	75.369
0.01810686	73.66
0.01810686	73.66
0.01810686	73.66
0.01810788	365.177
0.01810788	365.177
0.01810788	365.177
0.01810898	71.329
0.01810898	71.329
0.01810898	71.329
0.01811003	638.175
0.01811003	638.175
0.01811003	638.175
0.0181111	448.69
0.0181111	448.69
0.0181111	448.69
0.01811179	74.98
0.01811179	74.98
0.01811179	74.98
0.01811224	27.24304226
0.01811224	27.24304226
0.01811224	27.24304226
0.01811321	240.7775907
0.01811321	240.7775907
0.01811321	240.7775907
0.01811366	75.602
0.01811366	75.602
0.01811366	75.602
0.01811432	27.32539075
0.01811432	27.32539075
0.01811432	27.32539075
0.01811525	27.32533101
0.01811525	27.32533101
0.01811525	27.32533101
0.01811626	27.32686925
0.01811626	27.32686925
0.01811626	27.32686925
0.01811723	186.628
0.01811723	186.628
0.01811723	186.628
0.01811828	71.717
0.01811828	71.717
0.01811828	71.717
0.01811929	177.32
0.01811929	177.32
0.01811929	177.32
0.01812035	77.389
0.01812035	77.389
0.01812035	77.389
0.01812113	72.572
0.01812113	72.572
0.01812113	72.572
0.01812148	70.707
0.01812148	70.707
0.01812148	70.707
0.01812227	69.542
0.01812227	69.542
0.01812227	69.542
0.01812329	71.406
0.01812329	71.406
0.01812329	71.406
0.01812439	27.33734281
0.01812439	27.33734281
0.01812439	27.33734281
0.01812543	548.4576
0.01812543	548.4576
0.01812543	548.4576
0.01812646	190.962
0.01812646	190.962
0.01812646	190.962
0.01812744	634.187
0.01812744	634.187
0.01812744	634.187
0.01812863	75.758
0.01812863	75.758
0.01812863	75.758
0.01812966	74.437
0.01812966	74.437
0.01812966	74.437
0.01813072	27.32218041
0.01813072	27.32218041
0.01813072	27.32218041
0.01813173	68.998
0.01813173	68.998
0.01813173	68.998
0.01813268	27.33284462
0.01813268	27.33284462
0.01813268	27.33284462
0.01813369	73.737
0.01813369	73.737
0.01813369	73.737
0.0181347	76.068
0.0181347	76.068
0.0181347	76.068
0.01813567	27.33948034
0.01813567	27.33948034
0.01813567	27.33948034
0.0181368	117.891
0.0181368	117.891
0.0181368	117.891
0.01813784	74.903
0.01813784	74.903
0.01813784	74.903
0.01813874	77.622
0.01813874	77.622
0.01813874	77.622
0.0181398	176.271
0.0181398	176.271
0.0181398	176.271
0.01814089	188.331
0.01814089	188.331
0.01814089	188.331
0.01814192	69.075
0.01814192	69.075
0.01814192	69.075
0.01814295	187.488
0.01814295	187.488
0.01814295	187.488
0.01814398	76.768
0.01814398	76.768
0.01814398	76.768
0.01814499	181.419
0.01814499	181.419
0.01814499	181.419
0.01814602	76.768
0.01814602	76.768
0.01814602	76.768
0.01814694	74.281
0.01814694	74.281
0.01814694	74.281
0.01814795	27.31494127
0.01814795	27.31494127
0.01814795	27.31494127
0.01814885	114.139
0.01814885	114.139
0.01814885	114.139
0.01814985	116.501
0.01814985	116.501
0.01814985	116.501
0.01815081	186.375
0.01815081	186.375
0.01815081	186.375
0.01815181	27.32232972
0.01815181	27.32232972
0.01815181	27.32232972
0.01815292	70.085
0.01815292	70.085
0.01815292	70.085
0.01815394	70.94
0.01815394	70.94
0.01815394	70.94
0.018155	72.727
0.018155	72.727
0.018155	72.727
0.01815583	70.552
0.01815583	70.552
0.01815583	70.552
0.01815678	72.805
0.01815678	72.805
0.01815678	72.805
0.01815784	99.3722
0.01815784	99.3722
0.01815784	99.3722
0.01815889	94.860825
0.01815889	94.860825
0.01815889	94.860825
0.01815983	27.32235958
0.01815983	27.32235958
0.01815983	27.32235958
0.0181607	74.825
0.0181607	74.825
0.0181607	74.825
0.01816147	73.271
0.01816147	73.271
0.01816147	73.271
0.01816242	139.63415
0.01816242	139.63415
0.01816242	139.63415
0.01816352	6.65351427
0.01816352	6.65351427
0.01816352	6.65351427
0.01816461	23.92555
0.01816461	23.92555
0.01816461	23.92555
0.01816566	27.25054037
0.01816566	27.25054037
0.01816566	27.25054037
0.01816664	2.92727661
0.01816664	2.92727661
0.01816664	2.92727661
0.01816764	71.484
0.01816764	71.484
0.01816764	71.484
0.01820051	519.475
0.01820051	519.475
0.01820051	519.475
0.01820161	122.10452969
0.01820161	122.10452969
0.01820161	122.10452969
0.01821829	69.386
0.01821829	69.386
0.01821829	69.386
0.01821925	75.214
0.01821925	75.214
0.01821925	75.214
0.01822762	72.339
0.01822762	72.339
0.01822762	72.339
0.01822874	3.40055343
0.01822874	3.40055343
0.01822874	3.40055343
0.01822962	188.941
0.01822962	188.941
0.01822962	188.941
0.01823072	75.447
0.01823072	75.447
0.01823072	75.447
0.01837	0.14663
0.01837	0.14663
0.01837	0.14663
0.01837	0.14663
0.01837	0.14663
0.01837	0.14663
0.01837	0.14663
0.01837	0.14663
0.01837	0.14663
0.01837	0.14663
0.01837	0.14663
0.01837	0.14663
0.01837	0.14663
0.01837	0.14663
0.01837	0.14663
0.01837	0.14663
0.01837	0.14663
0.01837	0.14663
0.01837	0.14663
0.01837	0.14663
0.01837	0.14663
0.01837	0.14663
0.01837	0.14663
0.01837	0.14663
0.01841295	0.09737656
0.01841295	0.09737656
0.01841295	0.09737656
0.01841295	0.09737656
0.01841295	0.09737656
0.01841295	0.09737656
0.01841295	0.09737656
0.01841295	0.09737656
0.01841295	0.09737656
0.01841295	0.09737656
0.01841295	0.09737656
0.01841295	0.09737656
0.01841295	0.09737656
0.01841295	0.09737656
0.01841295	0.09737656
0.01841295	0.09737656
0.01841295	0.09737656
0.01841295	0.09737656
0.01841295	0.09737656
0.01841295	0.09737656
0.01841295	0.09737656
0.01837555	24.058475
0.01837555	24.058475
0.01837555	24.058475
0.01837655	71.95
0.01837655	71.95
0.01837655	71.95
0.01837756	26.9905533
0.01837756	26.9905533
0.01837756	26.9905533
0.01837855	1.4901996
0.01837855	1.4901996
0.01837855	1.4901996
0.01837902	74.67
0.01837902	74.67
0.01837902	74.67
0.01837902	74.67
0.01837902	74.67
0.01837902	74.67
0.0183791	77.467
0.0183791	77.467
0.0183791	77.467
0.0183791	68.467
0.0183791	68.467
0.0183791	68.467
0.0183791	68.467
0.0183791	68.467
0.0183791	68.467
0.0183791	68.467
0.0183791	68.467
0.0183791	68.467
0.01837911	72.183
0.01837911	72.183
0.01837911	72.183
0.01837919	70.474
0.01837919	70.474
0.01837919	70.474
0.01837959	70.94
0.01837959	70.94
0.01837959	70.94
0.01838001	69.852
0.01838001	69.852
0.01838001	69.852
0.01838104	73.038
0.01838104	73.038
0.01838104	73.038
0.01838104	73.038
0.01838104	73.038
0.01838104	73.038
0.01838111	73.737
0.01838111	73.737
0.01838111	73.737
0.01838126	74.204
0.01838126	74.204
0.01838126	74.204
0.01838127	73.426
0.01838127	73.426
0.01838127	73.426
0.01838127	73.426
0.01838127	73.426
0.01838127	73.426
0.01838154	24.323025
0.01838154	24.323025
0.01838154	24.323025
0.01838176	24.5619
0.01838176	24.5619
0.01838176	24.5619
0.01838203	70.629
0.01838203	70.629
0.01838203	70.629
0.01838228	69.153
0.01838228	69.153
0.01838228	69.153
0.01838253	69.386
0.01838253	69.386
0.01838253	69.386
0.01838281	76.768
0.01838281	76.768
0.01838281	76.768
0.01838306	23.560575
0.01838306	23.560575
0.01838306	23.560575
0.0183834	72.494
0.0183834	72.494
0.0183834	72.494
0.01838412	74.281
0.01838412	74.281
0.01838412	74.281
0.0183851	77.467
0.0183851	77.467
0.0183851	77.467
0.01838607	72.028
0.01838607	72.028
0.01838607	72.028
0.01838716	26.93389398
0.01838716	26.93389398
0.01838716	26.93389398
0.01838813	72.805
0.01838813	72.805
0.01838813	72.805
0.01838901	76.845
0.01838901	76.845
0.01838901	76.845
0.01838992	76.068
0.01838992	76.068
0.01838992	76.068
0.01839031	71.173
0.01839031	71.173
0.01839031	71.173
0.01839074	74.67
0.01839074	74.67
0.01839074	74.67
0.01839074	74.67
0.01839074	74.67
0.01839074	74.67
0.01839074	74.67
0.01839074	74.67
0.01839074	74.67
0.01839074	74.67
0.01839074	74.67
0.01839074	74.67
0.01839074	74.67
0.01839074	74.67
0.01839074	74.67
0.01839074	74.67
0.01839074	74.67
0.01839074	74.67
0.01839074	74.67
0.01839074	74.67
0.01839074	74.67
0.01839075	70.163
0.01839075	70.163
0.01839075	70.163
0.01839075	70.163
0.01839075	70.163
0.01839075	70.163
0.01839076	74.98
0.01839076	74.98
0.01839076	74.98
0.01839501	76.768
0.01839501	76.768
0.01839501	76.768
0.01839502	54.375
0.01839502	54.375
0.01839502	54.375
0.01839501	50.281
0.01839501	50.281
0.01839501	50.281
0.01839502	47.135
0.01839502	47.135
0.01839502	47.135
0.0183951	74.825
0.0183951	74.825
0.0183951	74.825
0.01839548	75.214
0.01839548	75.214
0.01839548	75.214
0.01839571	77.312
0.01839571	77.312
0.01839571	77.312
0.01839586	73.349
0.01839586	73.349
0.01839586	73.349
0.01839606	73.426
0.01839606	73.426
0.01839606	73.426
0.01839622	6.16565268
0.01839622	6.16565268
0.01839622	6.16565268
0.01839638	72.727
0.01839638	72.727
0.01839638	72.727
0.01839656	77.312
0.01839656	77.312
0.01839656	77.312
0.01839673	72.261
0.01839673	72.261
0.01839673	72.261
0.01839692	6.16541807
0.01839692	6.16541807
0.01839692	6.16541807
0.01839708	72.805
0.01839708	72.805
0.01839708	72.805
0.01839724	77.234
0.01839724	77.234
0.01839724	77.234
0.01839743	69.852
0.01839743	69.852
0.01839743	69.852
0.018398	68.998
0.018398	68.998
0.018398	68.998
0.01839887	75.214
0.01839887	75.214
0.01839887	75.214
0.01839977	69.075
0.01839977	69.075
0.01839977	69.075
0.01840063	69.542
0.01840063	69.542
0.01840063	69.542
0.018401	75.524
0.018401	75.524
0.018401	75.524
0.01840204	6.15606849
0.01840204	6.15606849
0.01840204	6.15606849
0.0184027	68.186
0.0184027	68.186
0.0184027	68.186
0.0184029	63.622
0.0184029	63.622
0.0184029	63.622
0.01840363	26.92516258
0.01840363	26.92516258
0.01840363	26.92516258
0.01840452	69.852
0.01840452	69.852
0.01840452	69.852
0.01840549	75.991
0.01840549	75.991
0.01840549	75.991
0.01840626	74.126
0.01840626	74.126
0.01840626	74.126
0.01840642	26.813
0.01840642	26.813
0.01840642	26.813
0.0182969	73.582
0.0182969	73.582
0.0182969	73.582
0.01855753	58.90363891
0.01855753	58.90363891
0.01855753	58.90363891
0.01855753	58.90363891
0.01855753	58.90363891
0.01855753	58.90363891
0.01855753	5.38510791
0.01855753	5.38510791
0.01855753	5.38510791
0.01855753	5.38510791
0.01855753	5.38510791
0.01855753	5.38510791
0.01855753	5.32510791
0.01855753	5.32510791
0.01855753	5.32510791
0.01829889	110.425
0.01829889	110.425
0.01829889	110.425
0.01829996	73.737
0.01829996	73.737
0.01829996	73.737
0.01830091	73.426
0.01830091	73.426
0.01830091	73.426
0.01830187	71.872
0.01830187	71.872
0.01830187	71.872
0.01830284	74.903
0.01830284	74.903
0.01830284	74.903
0.0183039	74.514
0.0183039	74.514
0.0183039	74.514
0.01830444	208.24445
0.01830444	208.24445
0.01830444	208.24445
0.01830491	27.08707247
0.01830491	27.08707247
0.01830491	27.08707247
0.01830603	27.09439687
0.01830603	27.09439687
0.01830603	27.09439687
0.01830699	96.81595
0.01830699	96.81595
0.01830699	96.81595
0.01830788	102.59556874
0.01830788	102.59556874
0.01830788	102.59556874
0.01830892	522.35
0.01830892	522.35
0.01830892	522.35
0.01830989	22.1218
0.01830989	22.1218
0.01830989	22.1218
0.01831102	27.08412328
0.01831102	27.08412328
0.01831102	27.08412328
0.01831194	182.001
0.01831194	182.001
0.01831194	182.001
0.01831295	75.291
0.01831295	75.291
0.01831295	75.291
0.01831392	27.0870578
0.01831392	27.0870578
0.01831392	27.0870578
0.01831481	69.775
0.01831481	69.775
0.01831481	69.775
0.0183157	544.629025
0.0183157	544.629025
0.0183157	544.629025
0.01831679	69.697
0.01831679	69.697
0.01831679	69.697
0.01831775	75.369
0.01831775	75.369
0.01831775	75.369
0.01831872	92.847975
0.01831872	92.847975
0.01831872	92.847975
0.01831968	113.429
0.01831968	113.429
0.01831968	113.429
0.01832063	72.106
0.01832063	72.106
0.01832063	72.106
0.0183576	483.33498229
0.0183576	483.33498229
0.0183576	483.33498229
0.01835784	72.494
0.01835784	72.494
0.01835784	72.494
0.01835808	76.768
0.01835808	76.768
0.01835808	76.768
0.01835834	75.913
0.01835834	75.913
0.01835834	75.913
0.0183586	75.991
0.0183586	75.991
0.0183586	75.991
0.01835888	69.386
0.01835888	69.386
0.01835888	69.386
0.01835938	71.717
0.01835938	71.717
0.01835938	71.717
0.01836038	27.03461133
0.01836038	27.03461133
0.01836038	27.03461133
