0.01846969	70.008
0.01846969	70.008
0.01846969	70.008
0.01846903	0.44015836
0.01846903	0.44015836
0.01846903	0.44015836
0.01846854	163.666
0.01846854	163.666
0.01846854	163.666
0.01846822	37.678
0.01846822	37.678
0.01846822	37.678
0.01846734	72.572
0.01846734	72.572
0.01846734	72.572
0.01846637	27.27026303
0.01846637	27.27026303
0.01846637	27.27026303
0.01846534	27.27026303
0.01846534	27.27026303
0.01846534	27.27026303
0.01846431	27.27026303
0.01846431	27.27026303
0.01846431	27.27026303
0.01846362	70.396
0.01846362	70.396
0.01846362	70.396
0.01846333	135.602
0.01846333	135.602
0.01846333	135.602
0.01846259	75.291
0.01846259	75.291
0.01846259	75.291
0.01846151	662.901
0.01846151	662.901
0.01846151	662.901
0.01846056	666.122
0.01846056	666.122
0.01846056	666.122
0.01845719	524.059
0.01845719	524.059
0.01845719	524.059
0.01845614	70.163
0.01845614	70.163
0.01845614	70.163
0.01845507	73.582
0.01845507	73.582
0.01845507	73.582
0.01845407	27.30151796
0.01845407	27.30151796
0.01845407	27.30151796
0.01845317	74.903
0.01845317	74.903
0.01845317	74.903
0.01845282	76.768
0.01845282	76.768
0.01845282	76.768
0.018452	74.592
0.018452	74.592
0.018452	74.592
0.01845105	580.706
0.01845105	580.706
0.01845105	580.706
0.01845007	27.32240437
0.01845007	27.32240437
0.01845007	27.32240437
0.01844916	70.008
0.01844916	70.008
0.01844916	70.008
0.01844819	365.557
0.01844819	365.557
0.01844819	365.557
0.01844716	876.468
0.01844716	876.468
0.01844716	876.468
0.01844615	27.32987154
0.01844615	27.32987154
0.01844615	27.32987154
0.01844503	27.32987154
0.01844503	27.32987154
0.01844503	27.32987154
0.01844405	27.33734281
0.01844405	27.33734281
0.01844405	27.33734281
0.01844302	27.35478167
0.01844302	27.35478167
0.01844302	27.35478167
0.01844201	27.32987154
0.01844201	27.32987154
0.01844201	27.32987154
0.01844101	74.514
0.01844101	74.514
0.01844101	74.514
0.01844001	27.32987154
0.01844001	27.32987154
0.01844001	27.32987154
0.018439	27.37101409
0.018439	27.37101409
0.018439	27.37101409
0.01843804	74.903
0.01843804	74.903
0.01843804	74.903
0.01843754	0.88134567
0.01843754	0.88134567
0.01843754	0.88134567
0.01843674	72.805
0.01843674	72.805
0.01843674	72.805
0.01843638	72.805
0.01843638	72.805
0.01843638	72.805
0.01843611	72.572
0.01843611	72.572
0.01843611	72.572
0.01843577	69.308
0.01843577	69.308
0.01843577	69.308
0.01843541	73.893
0.01843541	73.893
0.01843541	73.893
0.01843503	116.548
0.01843503	116.548
0.01843503	116.548
0.01843469	73.038
0.01843469	73.038
0.01843469	73.038
0.01843433	73.504
0.01843433	73.504
0.01843433	73.504
0.01843399	70.629
0.01843399	70.629
0.01843399	70.629
0.01843368	70.396
0.01843368	70.396
0.01843368	70.396
0.01843337	142.598
0.01843337	142.598
0.01843337	142.598
0.01843287	69.775
0.01843287	69.775
0.01843287	69.775
0.01843183	203.126
0.01843183	203.126
0.01843183	203.126
0.01843072	72.572
0.01843072	72.572
0.01843072	72.572
0.0184297	75.602
0.0184297	75.602
0.0184297	75.602
0.01842903	69.93
0.01842903	69.93
0.01842903	69.93
0.01842869	70.163
0.01842869	70.163
0.01842869	70.163
0.01842831	73.116
0.01842831	73.116
0.01842831	73.116
0.01842749	213.465
0.01842749	213.465
0.01842749	213.465
0.01842646	73.66
0.01842646	73.66
0.01842646	73.66
0.01842543	75.602
0.01842543	75.602
0.01842543	75.602
0.01842446	72.805
0.01842446	72.805
0.01842446	72.805
0.01842361	131.362
0.01842361	131.362
0.01842361	131.362
0.01842331	75.524
0.01842331	75.524
0.01842331	75.524
0.01842299	71.639
0.01842299	71.639
0.01842299	71.639
0.01842271	76.612
0.01842271	76.612
0.01842271	76.612
0.01842243	75.913
0.01842243	75.913
0.01842243	75.913
0.01842212	349.091
0.01842212	349.091
0.01842212	349.091
0.01842131	27.35199833
0.01842131	27.35199833
0.01842131	27.35199833
0.01842029	248.944
0.01842029	248.944
0.01842029	248.944
0.01841935	215.448
0.01841935	215.448
0.01841935	215.448
0.01841842	73.97
0.01841842	73.97
0.01841842	73.97
0.01841751	95.62845
0.01841751	95.62845
0.01841751	95.62845
0.01841645	71.329
0.01841645	71.329
0.01841645	71.329
0.01841555	71.872
0.01841555	71.872
0.01841555	71.872
0.01841455	1.12027028
0.01841455	1.12027028
0.01841455	1.12027028
0.01841377	97.3636
0.01841377	97.3636
0.01841377	97.3636
0.0184127	70.785
0.0184127	70.785
0.0184127	70.785
0.01841173	519.63
0.01841173	519.63
0.01841173	519.63
0.01841068	23.363625
0.01841068	23.363625
0.01841068	23.363625
0.01840986	202.276
0.01840986	202.276
0.01840986	202.276
0.01840955	76.224
0.01840955	76.224
0.01840955	76.224
0.01840894	0.31061638
0.01840894	0.31061638
0.01840894	0.31061638
0.01840818	0.74263866
0.01840818	0.74263866
0.01840818	0.74263866
0.01840742	214.271
0.01840742	214.271
0.01840742	214.271
0.01840658	135.355
0.01840658	135.355
0.01840658	135.355
0.01840628	77.078
0.01840628	77.078
0.01840628	77.078
0.01840594	70.241
0.01840594	70.241
0.01840594	70.241
0.01840564	75.447
0.01840564	75.447
0.01840564	75.447
0.01840532	75.835
0.01840532	75.835
0.01840532	75.835
0.018405	75.758
0.018405	75.758
0.018405	75.758
0.01840471	70.396
0.01840471	70.396
0.01840471	70.396
0.01840441	40.79
0.01840441	40.79
0.01840441	40.79
0.01840412	70.785
0.01840412	70.785
0.01840412	70.785
0.01840381	40.79
0.01840381	40.79
0.01840381	40.79
0.01840347	116.004
0.01840347	116.004
0.01840347	116.004
0.01840318	141.179
0.01840318	141.179
0.01840318	141.179
0.01840288	135.518
0.01840288	135.518
0.01840288	135.518
0.01840258	139.568
0.01840258	139.568
0.01840258	139.568
0.01840226	118.412
0.01840226	118.412
0.01840226	118.412
0.01840199	172.916
0.01840199	172.916
0.01840199	172.916
0.01840169	75.68
0.01840169	75.68
0.01840169	75.68
0.01840138	69.464
0.01840138	69.464
0.01840138	69.464
0.0184011	71.018
0.0184011	71.018
0.0184011	71.018
0.01840081	130.105
0.01840081	130.105
0.01840081	130.105
0.01840048	69.697
0.01840048	69.697
0.01840048	69.697
0.01840016	70.318
0.01840016	70.318
0.01840016	70.318
0.01839986	70.396
0.01839986	70.396
0.01839986	70.396
0.01839954	73.66
0.01839954	73.66
0.01839954	73.66
0.01839926	72.65
0.01839926	72.65
0.01839926	72.65
0.01839892	71.872
0.01839892	71.872
0.01839892	71.872
0.01839858	73.349
0.01839858	73.349
0.01839858	73.349
0.01839825	70.396
0.01839825	70.396
0.01839825	70.396
0.01839796	141.321
0.01839796	141.321
0.01839796	141.321
0.01839765	71.717
0.01839765	71.717
0.01839765	71.717
0.01839735	71.795
0.01839735	71.795
0.01839735	71.795
0.01839705	70.707
0.01839705	70.707
0.01839705	70.707
0.01839673	75.214
0.01839673	75.214
0.01839673	75.214
0.01839644	141.261
0.01839644	141.261
0.01839644	141.261
0.01839614	137.356
0.01839614	137.356
0.01839614	137.356
0.01839586	174.388
0.01839586	174.388
0.01839586	174.388
0.01839554	132.406
0.01839554	132.406
0.01839554	132.406
0.01839526	134.309
0.01839526	134.309
0.01839526	134.309
0.01839495	69.464
0.01839495	69.464
0.01839495	69.464
0.01839465	77.312
0.01839465	77.312
0.01839465	77.312
0.01839437	201.911
0.01839437	201.911
0.01839437	201.911
0.01839409	40.79
0.01839409	40.79
0.01839409	40.79
0.0183938	69.464
0.0183938	69.464
0.0183938	69.464
0.01839358	140.139
0.01839358	140.139
0.01839358	140.139
0.01839326	40.79
0.01839326	40.79
0.01839326	40.79
0.01839295	74.048
0.01839295	74.048
0.01839295	74.048
0.01839265	73.893
0.01839265	73.893
0.01839265	73.893
0.01839237	73.66
0.01839237	73.66
0.01839237	73.66
0.01839209	72.183
0.01839209	72.183
0.01839209	72.183
0.0183919	69.153
0.0183919	69.153
0.0183919	69.153
0.0183918	75.447
0.0183918	75.447
0.0183918	75.447
0.01839176	73.97
0.01839176	73.97
0.01839176	73.97
0.01839174	70.94
0.01839174	70.94
0.01839174	70.94
0.0183917	74.747
0.0183917	74.747
0.0183917	74.747
0.01839168	75.058
0.01839168	75.058
0.01839168	75.058
0.01839164	69.075
0.01839164	69.075
0.01839164	69.075
0.01839164	69.075
0.01839164	69.075
0.01839164	69.075
0.01839162	75.835
0.01839162	75.835
0.01839162	75.835
0.01839162	75.79756993
0.01839162	75.79756993
0.01839162	75.79756993
0.01839162	75.79756993
0.01839162	75.79756993
0.01839162	75.79756993
0.01839156	75.68
0.01839156	75.68
0.01839156	75.68
0.01839154	70.707
0.01839154	70.707
0.01839154	70.707
0.01839134	71.795
0.01839134	71.795
0.01839134	71.795
0.01839105	183.087
0.01839105	183.087
0.01839105	183.087
0.01839072	71.018
0.01839072	71.018
0.01839072	71.018
0.01839041	142.52
0.01839041	142.52
0.01839041	142.52
0.01839008	72.028
0.01839008	72.028
0.01839008	72.028
0.01838964	71.406
0.01838964	71.406
0.01838964	71.406
0.01838935	71.096
0.01838935	71.096
0.01838935	71.096
0.01838901	70.085
0.01838901	70.085
0.01838901	70.085
0.01838855	72.494
0.01838855	72.494
0.01838855	72.494
0.01838808	76.845
0.01838808	76.845
0.01838808	76.845
0.01838778	70.862
0.01838778	70.862
0.01838778	70.862
0.01838747	75.369
0.01838747	75.369
0.01838747	75.369
0.01838706	76.612
0.01838706	76.612
0.01838706	76.612
0.01838675	40.79
0.01838675	40.79
0.01838675	40.79
0.01838641	75.136
0.01838641	75.136
0.01838641	75.136
0.01838605	75.602
0.01838605	75.602
0.01838605	75.602
0.01838547	27.39125671
0.01838547	27.39125671
0.01838547	27.39125671
0.01838457	76.301
0.01838457	76.301
0.01838457	76.301
0.01838361	27.39125671
0.01838361	27.39125671
0.01838361	27.39125671
0.01838255	27.39876157
0.01838255	27.39876157
0.01838255	27.39876157
0.01838193	72.183
0.01838193	72.183
0.01838193	72.183
0.01838162	71.251
0.01838162	71.251
0.01838162	71.251
0.0183813	73.426
0.0183813	73.426
0.0183813	73.426
0.0182103	4.98294992
0.0182103	4.98294992
0.0182103	4.98294992
0.0182103	4.98294992
0.0182103	4.98294992
0.0182103	4.98294992
0.0182103	4.98294992
0.0182103	4.98294992
0.0182103	4.98294992
0.0182103	4.98294992
0.0182103	4.98294992
0.0182103	4.98294992
0.0182103	4.98294992
0.0182103	4.98294992
0.0182103	4.98294992
0.0182103	4.98294992
0.0182103	4.98294992
0.0182103	4.98294992
0.0182103	4.98294992
0.0182103	4.98294992
0.0182103	4.98294992
0.0182103	84.98294992
0.0182103	84.98294992
0.0182103	84.98294992
0.0182103	84.98294992
0.0182103	84.98294992
0.0182103	84.98294992
0.01821029	4.98294992
0.01821029	4.98294992
0.01821029	4.98294992
0.01821029	0.21181492
0.01821029	0.21181492
0.01821029	0.21181492
0.01821029	0.21181492
0.01821029	0.21181492
0.01821029	0.21181492
0.01821029	0.21181492
0.01821029	0.21181492
0.01821029	0.21181492
0.0182103	80.0
0.0182103	80.0
0.0182103	80.0
0.01821031	2.17166353
0.01821031	2.17166353
0.01821031	2.17166353
0.01821031	2.17166353
0.01821031	2.17166353
0.01821031	2.17166353
0.01821031	2.17166353
0.01821031	2.17166353
0.01821031	2.17166353
0.01821031	2.17166353
0.01821031	2.17166353
0.01821031	2.17166353
0.01821031	2.17166353
0.01821031	2.17166353
0.01821031	2.17166353
0.01821031	2.17166353
0.01821031	2.17166353
0.01821031	2.17166353
0.01821031	2.10514898
0.01821031	2.10514898
0.01821031	2.10514898
0.01821031	2.10514898
0.01821031	2.10514898
0.01821031	2.10514898
0.01821031	2.10514898
0.01821031	2.10514898
0.01821031	2.10514898
0.01821031	2.10514898
0.01821031	2.10514898
0.01821031	2.10514898
0.01837347	69.697
0.01837347	69.697
0.01837347	69.697
0.01837315	69.93
0.01837315	69.93
0.01837315	69.93
0.01837261	27.47249728
0.01837261	27.47249728
0.01837261	27.47249728
0.01837168	76.146
0.01837168	76.146
0.01837168	76.146
0.01837065	69.075
0.01837065	69.075
0.01837065	69.075
0.01836992	208.7
0.01836992	208.7
0.01836992	208.7
0.01836963	73.815
0.01836963	73.815
0.01836963	73.815
0.01836928	0.44472208
0.01836928	0.44472208
0.01836928	0.44472208
0.01836855	0.44472208
0.01836855	0.44472208
0.01836855	0.44472208
0.01836778	0.44472207
0.01836778	0.44472207
0.01836778	0.44472207
0.01836703	0.26327382
0.01836703	0.26327382
0.01836703	0.26327382
0.01836633	23.9015
0.01836633	23.9015
0.01836633	23.9015
0.01836558	72.416
0.01836558	72.416
0.01836558	72.416
0.01836523	72.572
0.01836523	72.572
0.01836523	72.572
0.01836489	72.727
0.01836489	72.727
0.01836489	72.727
0.01836454	171.519
0.01836454	171.519
0.01836454	171.519
0.01836421	71.872
0.01836421	71.872
0.01836421	71.872
0.01836394	21.604
0.01836394	21.604
0.01836394	21.604
0.01847208	70.707
0.01847208	70.707
0.01847208	70.707
0.01847109	216.785
0.01847109	216.785
0.01847109	216.785
0.01847011	40.79
0.01847011	40.79
0.01847011	40.79
0.01846911	27.3225686
0.01846911	27.3225686
0.01846911	27.3225686
0.0184682	99.06255
0.0184682	99.06255
0.0184682	99.06255
0.01846704	688.7912
0.01846704	688.7912
0.01846704	688.7912
0.018466	77.389
0.018466	77.389
0.018466	77.389
0.01846492	75.835
0.01846492	75.835
0.01846492	75.835
0.01846395	70.785
0.01846395	70.785
0.01846395	70.785
0.01846303	71.795
0.01846303	71.795
0.01846303	71.795
0.0184624	76.845
0.0184624	76.845
0.0184624	76.845
0.01846201	70.707
0.01846201	70.707
0.01846201	70.707
0.01846103	74.126
0.01846103	74.126
0.01846103	74.126
0.01846038	72.183
0.01846038	72.183
0.01846038	72.183
0.01846011	40.79
0.01846011	40.79
0.01846011	40.79
0.01845999	40.79
0.01845999	40.79
0.01845999	40.79
0.01845986	140.89
0.01845986	140.89
0.01845986	140.89
0.0184598	40.79
0.0184598	40.79
0.0184598	40.79
0.0184598	40.79
0.0184598	40.79
0.0184598	40.79
0.01847332	40.79
0.01847332	40.79
0.01847332	40.79
0.01847331	40.79
0.01847331	40.79
0.01847331	40.79
0.01847333	54.46289109
0.01847333	54.46289109
0.01847333	54.46289109
0.01847333	54.46289109
0.01847333	54.46289109
0.01847333	54.46289109
0.01847332	40.79
0.01847332	40.79
0.01847332	40.79
0.01846969	20.0
0.01846969	20.0
0.01846969	20.0
0.01846969	20.0
0.01846969	20.0
0.01846969	20.0
0.01846969	20.0
0.01846969	20.0
0.01846969	20.0
0.01846969	20.0
0.01846969	20.0
0.01846969	20.0
0.01846968	40.54
0.01846968	40.54
0.01846968	40.54
0.01846968	40.54
0.01846968	40.54
0.01846968	40.54
0.0184696	40.79
0.0184696	40.79
0.0184696	40.79
0.01846945	174.204
0.01846945	174.204
0.01846945	174.204
0.01846931	40.79
0.01846931	40.79
0.01846931	40.79
0.01846895	72.65
0.01846895	72.65
0.01846895	72.65
0.01846866	70.008
0.01846866	70.008
0.01846866	70.008
0.01846831	139.96
0.01846831	139.96
0.01846831	139.96
0.018468	76.301
0.018468	76.301
0.018468	76.301
0.01846766	70.396
0.01846766	70.396
0.01846766	70.396
0.01846736	40.79
0.01846736	40.79
0.01846736	40.79
0.01846703	33.506
0.01846703	33.506
0.01846703	33.506
0.01846672	32.171
0.01846672	32.171
0.01846672	32.171
0.01846641	60.241
0.01846641	60.241
0.01846641	60.241
0.01846609	76.923
0.01846609	76.923
0.01846609	76.923
0.0184658	212.568
0.0184658	212.568
0.0184658	212.568
0.01846551	71.795
0.01846551	71.795
0.01846551	71.795
0.01846521	76.534
0.01846521	76.534
0.01846521	76.534
0.0184649	141.728
0.0184649	141.728
0.0184649	141.728
0.01846461	69.619
0.01846461	69.619
0.01846461	69.619
0.01846397	75.835
0.01846397	75.835
0.01846397	75.835
0.01846303	69.308
0.01846303	69.308
0.01846303	69.308
0.01846207	207.062
0.01846207	207.062
0.01846207	207.062
0.01846092	75.291
0.01846092	75.291
0.01846092	75.291
0.01845994	211.659
0.01845994	211.659
0.01845994	211.659
0.01845892	27.27761244
0.01845892	27.27761244
0.01845892	27.27761244
0.01845859	131.159
0.01845859	131.159
0.01845859	131.159
0.01845829	139.271
0.01845829	139.271
0.01845829	139.271
0.01845798	74.514
0.01845798	74.514
0.01845798	74.514
0.01845769	77.234
0.01845769	77.234
0.01845769	77.234
0.01845739	76.224
0.01845739	76.224
0.01845739	76.224
0.0184571	74.437
0.0184571	74.437
0.0184571	74.437
0.01845679	73.426
0.01845679	73.426
0.01845679	73.426
0.01845644	77.078
0.01845644	77.078
0.01845644	77.078
0.01845612	114.061
0.01845612	114.061
0.01845612	114.061
0.0184558	72.339
0.0184558	72.339
0.0184558	72.339
0.01845551	73.66
0.01845551	73.66
0.01845551	73.66
0.01845525	72.416
0.01845525	72.416
0.01845525	72.416
0.01845498	69.308
0.01845498	69.308
0.01845498	69.308
0.01845467	69.231
0.01845467	69.231
0.01845467	69.231
0.01845434	182.451
0.01845434	182.451
0.01845434	182.451
0.01845403	74.98
0.01845403	74.98
0.01845403	74.98
0.01845369	71.018
0.01845369	71.018
0.01845369	71.018
0.01845282	4.96073676
0.01845282	4.96073676
0.01845282	4.96073676
0.01845248	35.278
0.01845248	35.278
0.01845248	35.278
0.01845189	0.1834719
0.01845189	0.1834719
0.01845189	0.1834719
0.0184513	168.676
0.0184513	168.676
0.0184513	168.676
0.01845089	35.572
0.01845089	35.572
0.01845089	35.572
0.01845056	131.601
0.01845056	131.601
0.01845056	131.601
0.01845024	33.087
0.01845024	33.087
0.01845024	33.087
0.01845	33.478
0.01845	33.478
0.01845	33.478
0.01844976	36.586
0.01844976	36.586
0.01844976	36.586
0.01844973	40.79
0.01844973	40.79
0.01844973	40.79
0.01844962	7.777
0.01844962	7.777
0.01844962	7.777
0.01844942	47.498
0.01844942	47.498
0.01844942	47.498
0.01844917	171.531
0.01844917	171.531
0.01844917	171.531
0.01844876	0.81193212
0.01844876	0.81193212
0.01844876	0.81193212
0.0184484	132.528
0.0184484	132.528
0.0184484	132.528
0.01844803	77.622
0.01844803	77.622
0.01844803	77.622
0.01844773	72.494
0.01844773	72.494
0.01844773	72.494
0.01844735	63.741
0.01844735	63.741
0.01844735	63.741
0.01844704	134.301
0.01844704	134.301
0.01844704	134.301
0.01844668	139.811
0.01844668	139.811
0.01844668	139.811
0.01844638	74.359
0.01844638	74.359
0.01844638	74.359
0.01844608	40.79
0.01844608	40.79
0.01844608	40.79
0.01844577	69.308
0.01844577	69.308
0.01844577	69.308
0.01844547	131.375
0.01844547	131.375
0.01844547	131.375
0.01844504	230.4216
0.01844504	230.4216
0.01844504	230.4216
0.01844399	276.2328
0.01844399	276.2328
0.01844399	276.2328
0.01844302	72.96
0.01844302	72.96
0.01844302	72.96
0.01844203	68.998
0.01844203	68.998
0.01844203	68.998
0.01844159	129.285
0.01844159	129.285
0.01844159	129.285
0.01844125	71.096
0.01844125	71.096
0.01844125	71.096
0.01844096	75.447
0.01844096	75.447
0.01844096	75.447
0.01844064	72.339
0.01844064	72.339
0.01844064	72.339
0.01844034	75.758
0.01844034	75.758
0.01844034	75.758
0.01844003	74.825
0.01844003	74.825
0.01844003	74.825
0.01843956	70.163
0.01843956	70.163
0.01843956	70.163
0.01842906	71.872
0.01842906	71.872
0.01842906	71.872
0.018428	76.379
0.018428	76.379
0.018428	76.379
0.01842702	75.602
0.01842702	75.602
0.01842702	75.602
0.01841906	27.36046981
0.01841906	27.36046981
0.01841906	27.36046981
0.018418	73.582
0.018418	73.582
0.018418	73.582
0.01841692	113.284
0.01841692	113.284
0.01841692	113.284
0.01841588	662.827
0.01841588	662.827
0.01841588	662.827
0.01841483	75.991
0.01841483	75.991
0.01841483	75.991
0.01841379	73.97
0.01841379	73.97
0.01841379	73.97
0.01841273	75.835
0.01841273	75.835
0.01841273	75.835
0.01841179	27.47237652
0.01841179	27.47237652
0.01841179	27.47237652
0.01841075	73.582
0.01841075	73.582
0.01841075	73.582
0.01840971	70.785
0.01840971	70.785
0.01840971	70.785
0.01839957	72.65
0.01839957	72.65
0.01839957	72.65
0.01839861	75.136
0.01839861	75.136
0.01839861	75.136
0.0183977	68.998
0.0183977	68.998
0.0183977	68.998
0.01839655	70.94
0.01839655	70.94
0.01839655	70.94
0.01832957	74.592
0.01832957	74.592
0.01832957	74.592
0.01832862	134.675
0.01832862	134.675
0.01832862	134.675
0.01846067	521.573
0.01846067	521.573
0.01846067	521.573
0.01845953	27.33809016
0.01845953	27.33809016
0.01845953	27.33809016
0.01844845	203.369
0.01844845	203.369
0.01844845	203.369
0.01844747	71.018
0.01844747	71.018
0.01844747	71.018
0.01843641	103.51057272
0.01843641	103.51057272
0.01843641	103.51057272
0.01842551	216.072
0.01842551	216.072
0.01842551	216.072
0.01842451	69.619
0.01842451	69.619
0.01842451	69.619
0.01842341	662.764
0.01842341	662.764
0.01842341	662.764
0.01842238	664.237
0.01842238	664.237
0.01842238	664.237
0.01842152	72.028
0.01842152	72.028
0.01842152	72.028
0.0184212	74.903
0.0184212	74.903
0.0184212	74.903
0.0184202	73.349
0.0184202	73.349
0.0184202	73.349
0.01841937	448.69
0.01841937	448.69
0.01841937	448.69
0.01841832	27.34866207
0.01841832	27.34866207
0.01841832	27.34866207
0.01841733	64.413325
0.01841733	64.413325
0.01841733	64.413325
0.01840988	71.986
0.01840988	71.986
0.01840988	71.986
0.01840911	75.058
0.01840911	75.058
0.01840911	75.058
0.0184081	72.261
0.0184081	72.261
0.0184081	72.261
0.01840714	70.474
0.01840714	70.474
0.01840714	70.474
0.01840626	77.389
0.01840626	77.389
0.01840626	77.389
0.01840524	218.6461
0.01840524	218.6461
0.01840524	218.6461
0.01840413	27.38977123
0.01840413	27.38977123
0.01840413	27.38977123
0.01840319	69.542
0.01840319	69.542
0.01840319	69.542
0.01840214	75.758
0.01840214	75.758
0.01840214	75.758
0.0184012	189.317
0.0184012	189.317
0.0184012	189.317
0.01840058	120.154
0.01840058	120.154
0.01840058	120.154
0.01840018	97.00455
0.01840018	97.00455
0.01840018	97.00455
0.01839925	73.737
0.01839925	73.737
0.01839925	73.737
0.01839844	196.884
0.01839844	196.884
0.01839844	196.884
0.01838935	72.805
0.01838935	72.805
0.01838935	72.805
0.01838845	99.1404
0.01838845	99.1404
0.01838845	99.1404
0.01838755	73.582
0.01838755	73.582
0.01838755	73.582
0.01838719	71.096
0.01838719	71.096
0.01838719	71.096
0.01838637	196.277
0.01838637	196.277
0.01838637	196.277
0.01816194	0.10565432
0.01816194	0.10565432
0.01816194	0.10565432
0.01838437	27.41564753
0.01838437	27.41564753
0.01838437	27.41564753
0.01837991	71.717
0.01837991	71.717
0.01837991	71.717
0.01837895	232.126
0.01837895	232.126
0.01837895	232.126
0.01837792	72.65
0.01837792	72.65
0.01837792	72.65
0.01824808	2.44001883
0.01824808	2.44001883
0.01824808	2.44001883
0.01824808	2.44001883
0.01824808	2.44001883
0.01824808	2.44001883
0.01824808	2.44001883
0.01824808	2.44001883
0.01824808	2.44001883
0.01824808	2.44001883
0.01824808	2.44001883
0.01824808	2.44001883
0.01824808	2.44001883
0.01824808	2.44001883
0.01824808	2.44001883
0.01824808	2.44001883
0.01824808	2.44001883
0.01824808	2.44001883
0.01824808	2.44001883
0.01824808	2.44001883
0.01824808	2.44001883
0.01824808	2.44001883
0.01824808	2.44001883
0.01824808	2.44001883
0.01824808	2.44001883
0.01824808	2.44001883
0.01824808	2.44001883
0.01824808	2.44001883
0.01824808	2.44001883
0.01824808	2.44001883
0.01824808	2.44001883
0.01824808	2.44001883
0.01824808	2.44001883
0.01824808	2.44001883
0.01824808	2.44001883
0.01824808	2.44001883
0.01824807	40.79
0.01824807	40.79
0.01824807	40.79
0.01824807	40.79
0.01824807	40.79
0.01824807	40.79
0.01824807	40.79
0.01824807	40.79
0.01824807	40.79
0.01824808	2.44001883
0.01824808	2.44001883
0.01824808	2.44001883
0.01824807	40.79
0.01824807	40.79
0.01824807	40.79
0.01824808	2.44001883
0.01824808	2.44001883
0.01824808	2.44001883
0.01824808	2.44001883
0.01824808	2.44001883
0.01824808	2.44001883
0.01824808	2.44001883
0.01824808	2.44001883
0.01824808	2.44001883
0.01824808	2.44001883
0.01824808	2.44001883
0.01824808	2.44001883
0.01824808	2.44001883
0.01824808	2.44001883
0.01824808	2.44001883
0.01824808	2.44001883
0.01824808	2.44001883
0.01824808	2.44001883
0.01840922	127.48
0.01840922	127.48
0.01840922	127.48
0.01839913	39.68
0.01839913	39.68
0.01839913	39.68
0.01839904	40.79
0.01839904	40.79
0.01839904	40.79
0.01840902	496.395
0.01840902	496.395
0.01840902	496.395
0.01840927	6.68902783
0.01840927	6.68902783
0.01840927	6.68902783
0.01840926	40.79
0.01840926	40.79
0.01840926	40.79
0.01840927	6.68902783
0.01840927	6.68902783
0.01840927	6.68902783
0.01840927	6.68902783
0.01840927	6.68902783
0.01840927	6.68902783
0.01840926	40.79
0.01840926	40.79
0.01840926	40.79
0.01840923	40.79
0.01840923	40.79
0.01840923	40.79
0.01840926	40.79
0.01840926	40.79
0.01840926	40.79
0.01840926	40.79
0.01840926	40.79
0.01840926	40.79
0.01840926	40.79
0.01840926	40.79
0.01840926	40.79
0.01840926	40.79
0.01840926	40.79
0.01840926	40.79
0.01840926	40.79
0.01840926	40.79
0.01840926	40.79
0.01840913	76.457
0.01840913	76.457
0.01840913	76.457
0.01840891	75.913
0.01840891	75.913
0.01840891	75.913
0.01840863	75.68
0.01840863	75.68
0.01840863	75.68
0.0183984	75.913
0.0183984	75.913
0.0183984	75.913
0.01839816	64.121
0.01839816	64.121
0.01839816	64.121
0.0183979	77.389
0.0183979	77.389
0.0183979	77.389
0.01839766	72.65
0.01839766	72.65
0.01839766	72.65
0.01839741	40.79
0.01839741	40.79
0.01839741	40.79
0.01839711	40.79
0.01839711	40.79
0.01839711	40.79
0.01839692	76.69
0.01839692	76.69
0.01839692	76.69
0.0183967	72.883
0.0183967	72.883
0.0183967	72.883
0.01839648	69.075
0.01839648	69.075
0.01839648	69.075
0.0183963	74.903
0.0183963	74.903
0.0183963	74.903
0.01839606	69.231
0.01839606	69.231
0.01839606	69.231
0.01839582	69.308
0.01839582	69.308
0.01839582	69.308
0.01839558	69.075
0.01839558	69.075
0.01839558	69.075
0.01839532	68.998
0.01839532	68.998
0.01839532	68.998
0.01839512	76.301
0.01839512	76.301
0.01839512	76.301
0.01839485	40.79
0.01839485	40.79
0.01839485	40.79
0.01839466	68.998
0.01839466	68.998
0.01839466	68.998
0.01839444	69.775
0.01839444	69.775
0.01839444	69.775
0.01839424	73.737
0.01839424	73.737
0.01839424	73.737
0.01839402	77.312
0.01839402	77.312
0.01839402	77.312
0.01839379	40.79
0.01839379	40.79
0.01839379	40.79
0.01839356	72.183
0.01839356	72.183
0.01839356	72.183
0.01839339	40.79
0.01839339	40.79
0.01839339	40.79
0.01839312	73.426
0.01839312	73.426
0.01839312	73.426
0.01839294	73.193
0.01839294	73.193
0.01839294	73.193
0.01839268	70.318
0.01839268	70.318
0.01839268	70.318
0.01839245	40.79
0.01839245	40.79
0.01839245	40.79
0.01839228	64.585
0.01839228	64.585
0.01839228	64.585
0.0183921	61.935
0.0183921	61.935
0.0183921	61.935
0.01839209	40.79
0.01839209	40.79
0.01839209	40.79
0.01839209	40.79
0.01839209	40.79
0.01839209	40.79
0.01839203	40.79
0.01839203	40.79
0.01839203	40.79
0.01839188	16.73
0.01839188	16.73
0.01839188	16.73
0.01838197	46.768
0.01838197	46.768
0.01838197	46.768
0.0183818	40.79
0.0183818	40.79
0.0183818	40.79
0.0183818	40.79
0.0183818	40.79
0.0183818	40.79
0.01835201	31.2660895
0.01835201	31.2660895
0.01835201	31.2660895
0.018352	0.0481293
0.018352	0.0481293
0.018352	0.0481293
0.01835199	0.04785926
0.01835199	0.04785926
0.01835199	0.04785926
0.01835198	0.04762184
0.01835198	0.04762184
0.01835198	0.04762184
0.01835197	0.04762384
0.01835197	0.04762384
0.01835197	0.04762384
0.01835196	0.04769038
0.01835196	0.04769038
0.01835196	0.04769038
0.01835195	0.04773901
0.01835195	0.04773901
0.01835195	0.04773901
0.01835194	0.04767973
0.01835194	0.04767973
0.01835194	0.04767973
0.01835193	0.04762785
0.01835193	0.04762785
0.01835193	0.04762785
0.01835192	0.04750559
0.01835192	0.04750559
0.01835192	0.04750559
0.0183519	40.79
0.0183519	40.79
0.0183519	40.79
0.0183519	0.04575868
0.0183519	0.04575868
0.0183519	0.04575868
0.01835189	0.04572139
0.01835189	0.04572139
0.01835189	0.04572139
0.01835188	0.04520946
0.01835188	0.04520946
0.01835188	0.04520946
0.01835187	0.04476781
0.01835187	0.04476781
0.01835187	0.04476781
0.01835201	4.44646497
0.01835201	4.44646497
0.01835201	4.44646497
0.01840927	9.97669397
0.01840927	9.97669397
0.01840927	9.97669397
0.01840927	9.97669397
0.01840927	9.97669397
0.01840927	9.97669397
0.01840927	0.28305697
0.01840927	0.28305697
0.01840927	0.28305697
0.01840927	0.28305697
0.01840927	0.28305697
0.01840927	0.28305697
0.01840927	0.28305697
0.01840927	0.28305697
0.01840927	0.28305697
0.01840927	0.28305697
0.01840927	0.28305697
0.01840927	0.28305697
0.01840927	0.28305697
0.01840927	0.28305697
0.01840927	0.28305697
0.01840927	0.28305697
0.01840927	0.28305697
0.01840927	0.28305697
0.01840927	0.28305697
0.01840927	0.28305697
0.01840927	0.28305697
0.01840927	0.28305697
0.01840927	0.28305697
0.01840927	0.28305697
0.01840927	0.2555444
0.01840927	0.2555444
0.01840927	0.2555444
0.01840927	0.2555444
0.01840927	0.2555444
0.01840927	0.2555444
0.01840927	0.2555444
0.01840927	0.2555444
0.01840927	0.2555444
0.01840927	0.2555444
0.01840927	0.2555444
0.01840927	0.2555444
0.01840927	0.2555444
0.01840927	0.2555444
0.01840927	0.2555444
0.01840927	0.2555444
0.01840927	0.2555444
0.01840927	0.2555444
0.01840927	0.2555444
0.01840927	0.2555444
0.01840927	0.2555444
0.01850925	0.08920952
0.01850925	0.08920952
0.01850925	0.08920952
0.01850925	0.08920952
0.01850925	0.08920952
0.01850925	0.08920952
0.01850925	0.08920952
0.01850925	0.08920952
0.01850925	0.08920952
0.01850925	0.08920952
0.01850925	0.08920952
0.01850925	0.08920952
0.01850925	0.08920952
0.01850925	0.08920952
0.01850925	0.08920952
0.01850925	0.08920952
0.01850925	0.08920952
0.01850925	0.08920952
0.01850925	0.08920952
0.01850925	0.08920952
0.01850925	0.08920952
0.01850925	0.08920952
0.01850925	0.08920952
0.01850925	0.08920952
0.01850925	0.08920952
0.01850925	0.08920952
0.01850925	0.08920952
0.01850925	0.08920952
0.01850925	0.08920952
0.01850925	0.08920952
0.01850927	0.0642327
0.01850927	0.0642327
0.01850927	0.0642327
0.01850925	0.08920952
0.01850925	0.08920952
0.01850925	0.08920952
0.01850925	0.08920952
0.01850925	0.08920952
0.01850925	0.08920952
0.01850925	4.83118851
0.01850925	4.83118851
0.01850925	4.83118851
0.01850925	4.83118851
0.01850925	4.83118851
0.01850925	4.83118851
0.0185	40.9
0.0185	40.9
0.0185	40.9
0.0185	40.9
0.0185	40.9
0.0185	40.9
0.0185	40.9
0.0185	40.9
0.0185	40.9
0.0185	40.9
0.0185	40.9
0.0185	40.9
0.0185	40.9
0.0185	40.9
0.0185	40.9
0.0185	41.2
0.0185	41.2
0.0185	41.2
0.0185	41.2
0.0185	41.2
0.0185	41.2
0.0185	41.2
0.0185	41.2
0.0185	41.2
0.0185	41.2
0.0185	41.2
0.0185	41.2
0.0185	41.2
0.0185	41.2
0.0185	41.2
0.01857087	0.08920952
0.01857087	0.08920952
0.01857087	0.08920952
0.01857089	39.53917466
0.01857089	39.53917466
0.01857089	39.53917466
0.01857089	39.53917466
0.01857089	39.53917466
0.01857089	39.53917466
0.01857089	39.53917466
0.01857089	39.53917466
0.01857089	39.53917466
0.01857089	64.99133466
0.01857089	64.99133466
0.01857089	64.99133466
0.01857089	64.99133466
0.01857089	64.99133466
0.01857089	64.99133466
0.01857089	64.99133466
0.01857089	64.99133466
0.01857089	64.99133466
0.01857089	64.83798321
0.01857089	64.83798321
0.01857089	64.83798321
0.01857089	64.83798321
0.01857089	64.83798321
0.01857089	64.83798321
0.01857089	64.83798321
0.01857089	64.83798321
0.01857089	64.83798321
0.01857089	64.83798321
0.01857089	64.83798321
0.01857089	64.83798321
0.01857089	64.83798321
0.01857089	64.83798321
0.01857089	64.83798321
0.01857089	64.83798321
0.01857089	64.83798321
0.01857089	64.83798321
0.01857089	64.83798321
0.01857089	64.83798321
0.01857089	64.83798321
0.01857089	64.83798321
0.01857089	64.83798321
0.01857089	64.83798321
0.01857089	64.83798321
0.01857089	64.83798321
0.01857089	64.83798321
0.01857089	64.83798321
0.01857089	64.83798321
0.01857089	64.83798321
0.01857085	40.79
0.01857085	40.79
0.01857085	40.79
0.01857068	10.61458729
0.01857068	10.61458729
0.01857068	10.61458729
0.01857056	11.07214743
0.01857056	11.07214743
0.01857056	11.07214743
0.0185704	9.5490838
0.0185704	9.5490838
0.0185704	9.5490838
0.01857024	8.88866591
0.01857024	8.88866591
0.01857024	8.88866591
0.01857011	40.79
0.01857011	40.79
0.01857011	40.79
0.01857	8.21515968
0.01857	8.21515968
0.01857	8.21515968
0.01856986	4.06330015
0.01856986	4.06330015
0.01856986	4.06330015
0.01856969	40.79
0.01856969	40.79
0.01856969	40.79
0.01856952	40.79
0.01856952	40.79
0.01856952	40.79
0.01856939	1.80833793
0.01856939	1.80833793
0.01856939	1.80833793
0.01856924	40.79
0.01856924	40.79
0.01856924	40.79
0.01856912	42.60489094
0.01856912	42.60489094
0.01856912	42.60489094
0.01856882	13.069
0.01856882	13.069
0.01856882	13.069
0.01856851	9.621
0.01856851	9.621
0.01856851	9.621
0.01856842	40.79
0.01856842	40.79
0.01856842	40.79
0.01856842	40.79
0.01856842	40.79
0.01856842	40.79
0.01856837	40.79
0.01856837	40.79
0.01856837	40.79
0.01856827	40.79
0.01856827	40.79
0.01856827	40.79
0.01856814	40.79
0.01856814	40.79
0.01856814	40.79
0.01856798	40.79
0.01856798	40.79
0.01856798	40.79
0.01856786	6.13927765
0.01856786	6.13927765
0.01856786	6.13927765
0.01856779	40.79
0.01856779	40.79
0.01856779	40.79
0.01856763	40.79
0.01856763	40.79
0.01856763	40.79
0.0185675	40.79
0.0185675	40.79
0.0185675	40.79
0.01856738	40.79
0.01856738	40.79
0.01856738	40.79
0.01856724	6.13948266
0.01856724	6.13948266
0.01856724	6.13948266
0.01856708	6.13953556
0.01856708	6.13953556
0.01856708	6.13953556
0.01856693	6.13958516
0.01856693	6.13958516
0.01856693	6.13958516
0.01855753	0.30636109
0.01855753	0.30636109
0.01855753	0.30636109
0.01855753	0.30636109
0.01855753	0.30636109
0.01855753	0.30636109
0.01855753	0.30636109
0.01855753	0.30636109
0.01855753	0.30636109
0.01855753	0.30636109
0.01855753	0.30636109
0.01855753	0.30636109
0.01855753	0.30636109
0.01855753	0.30636109
0.01855753	0.30636109
0.01855753	0.30636109
0.01855753	0.30636109
0.01855753	0.30636109
0.01855753	0.30636109
0.01855753	0.30636109
0.01855753	0.30636109
0.01855753	0.30636109
0.01855753	0.30636109
0.01855753	0.30636109
0.01855753	0.30636109
0.01855753	0.30636109
0.01855753	0.30636109
0.01855753	0.30636109
0.01855753	0.30636109
0.01855753	0.30636109
0.01855753	0.30636109
0.01855753	0.30636109
0.01855753	0.30636109
0.01855753	0.30636109
0.01855753	0.30636109
0.01855753	0.30636109
0.01855753	0.30636109
0.01855753	0.30636109
0.01855753	0.30636109
0.01856518	71.872
0.01856518	71.872
0.01856518	71.872
0.01856517	76.534
0.01856517	76.534
0.01856517	76.534
0.01856517	76.534
0.01856517	76.534
0.01856517	76.534
0.01856517	76.534
0.01856517	76.534
0.01856517	76.534
0.01856517	76.534
0.01856517	76.534
0.01856517	76.534
0.01856517	76.49933311
0.01856517	76.49933311
0.01856517	76.49933311
0.01856508	77.59439586
0.01856508	77.59439586
0.01856508	77.59439586
0.01856487	73.426
0.01856487	73.426
0.01856487	73.426
0.01856471	71.872
0.01856471	71.872
0.01856471	71.872
0.01856453	6.11807434
0.01856453	6.11807434
0.01856453	6.11807434
0.01855739	40.79
0.01855739	40.79
0.01855739	40.79
0.01855727	40.79
0.01855727	40.79
0.01855727	40.79
0.01855711	6.062
0.01855711	6.062
0.01855711	6.062
0.01855693	12.17551584
0.01855693	12.17551584
0.01855693	12.17551584
0.01855675	69.941
0.01855675	69.941
0.01855675	69.941
0.01855658	6.11813696
0.01855658	6.11813696
0.01855658	6.11813696
0.0185564	40.79
0.0185564	40.79
0.0185564	40.79
0.01855628	40.79
0.01855628	40.79
0.01855628	40.79
0.01855614	6.11853035
0.01855614	6.11853035
0.01855614	6.11853035
0.018556	68.533
0.018556	68.533
0.018556	68.533
0.01855575	40.79
0.01855575	40.79
0.01855575	40.79
0.0185555	63.704
0.0185555	63.704
0.0185555	63.704
0.01855525	68.636
0.01855525	68.636
0.01855525	68.636
0.01855499	110.326
0.01855499	110.326
0.01855499	110.326
0.01855472	66.224
0.01855472	66.224
0.01855472	66.224
0.0185545	70.52414379
0.0185545	70.52414379
0.0185545	70.52414379
0.01855427	65.316
0.01855427	65.316
0.01855427	65.316
0.01855753	40.79
0.01855753	40.79
0.01855753	40.79
0.01855745	40.79
0.01855745	40.79
0.01855745	40.79
0.01855732	3.30995371
0.01855732	3.30995371
0.01855732	3.30995371
0.01855719	40.79
0.01855719	40.79
0.01855719	40.79
0.01855709	40.79
0.01855709	40.79
0.01855709	40.79
0.01855694	40.79
0.01855694	40.79
0.01855694	40.79
0.01855687	3.30995371
0.01855687	3.30995371
0.01855687	3.30995371
0.01855678	3.30995371
0.01855678	3.30995371
0.01855678	3.30995371
0.01855664	3.30995371
0.01855664	3.30995371
0.01855664	3.30995371
0.01855653	40.79
0.01855653	40.79
0.01855653	40.79
