0.00017264	4.19192419
0.00017264	4.19192419
0.00017264	4.19192419
0.00017264	4.19192419
0.00017264	4.19192419
0.00017264	4.19192419
0.00017242	464.33604
0.00017242	464.33604
0.00017242	464.33604
0.00017225	7407.89365491
0.00017225	7407.89365491
0.00017225	7407.89365491
0.00017224	4.15563263
0.00017224	4.15563263
0.00017224	4.15563263
0.00017224	4.15563263
0.00017224	4.15563263
0.00017224	4.15563263
0.00017224	4.15563263
0.00017224	4.15563263
0.00017224	4.15563263
0.00017224	4.15563263
0.00017224	4.15563263
0.00017224	4.15563263
0.00017224	4.15563263
0.00017224	4.15563263
0.00017224	4.15563263
0.00017224	4.15563263
0.00017224	4.15563263
0.00017224	4.15563263
0.00017299	464.33604
0.00017299	464.33604
0.00017299	464.33604
0.00017224	8.39290029
0.00017224	8.39290029
0.00017224	8.39290029
0.00017299	464.33604
0.00017299	464.33604
0.00017299	464.33604
0.00017299	464.33604
0.00017299	464.33604
0.00017299	464.33604
0.00017279	472.72376088
0.00017279	472.72376088
0.00017279	472.72376088
0.00017278	464.33604
0.00017278	464.33604
0.00017278	464.33604
0.00017276	4480.65377716
0.00017276	4480.65377716
0.00017276	4480.65377716
0.00017275	4.1941062
0.00017275	4.1941062
0.00017275	4.1941062
0.00017259	472.72897736
0.00017259	472.72897736
0.00017259	472.72897736
0.00017236	5549.599
0.00017236	5549.599
0.00017236	5549.599
0.00017041	37.60359332
0.00017041	37.60359332
0.00017041	37.60359332
0.00017041	37.60359332
0.00017041	37.60359332
0.00017041	37.60359332
0.00017041	37.60359332
0.00017041	37.60359332
0.00017041	37.60359332
0.00017041	37.60359332
0.00017041	37.60359332
0.00017041	37.60359332
0.0001704	4.21014154
0.0001704	4.21014154
0.0001704	4.21014154
0.00017218	2832.196
0.00017218	2832.196
0.00017218	2832.196
0.00017041	37.61998945
0.00017041	37.61998945
0.00017041	37.61998945
0.00017218	2832.196
0.00017218	2832.196
0.00017218	2832.196
0.00017218	2832.196
0.00017218	2832.196
0.00017218	2832.196
0.00017041	37.6202371
0.00017041	37.6202371
0.00017041	37.6202371
0.00017218	2832.196
0.00017218	2832.196
0.00017218	2832.196
0.00017041	37.6202371
0.00017041	37.6202371
0.00017041	37.6202371
0.00017218	2832.196
0.00017218	2832.196
0.00017218	2832.196
0.00017218	2832.196
0.00017218	2832.196
0.00017218	2832.196
0.00017218	2832.196
0.00017218	2832.196
0.00017218	2832.196
0.00017218	2832.196
0.00017218	2832.196
0.00017218	2832.196
0.00017041	33.40984791
0.00017041	33.40984791
0.00017041	33.40984791
0.0001729	7395.927
0.0001729	7395.927
0.0001729	7395.927
0.00017275	464.33604
0.00017275	464.33604
0.00017275	464.33604
0.00017194	6452.407
0.00017194	6452.407
0.00017194	6452.407
0.00017041	33.40984791
0.00017041	33.40984791
0.00017041	33.40984791
0.00017	7281.38287923
0.00017	7281.38287923
0.00017	7281.38287923
0.00017098	5759.816
0.00017098	5759.816
0.00017098	5759.816
0.00017038	9.44375479
0.00017038	9.44375479
0.00017038	9.44375479
0.00017031	10.48118128
0.00017031	10.48118128
0.00017031	10.48118128
0.0001724	6211.05
0.0001724	6211.05
0.0001724	6211.05
0.00017041	37.61010706
0.00017041	37.61010706
0.00017041	37.61010706
0.00017019	10.49169552
0.00017019	10.49169552
0.00017019	10.49169552
0.00017018	10.49826102
0.00017018	10.49826102
0.00017018	10.49826102
0.00017015	1176.19366411
0.00017015	1176.19366411
0.00017015	1176.19366411
0.00017014	4.25342383
0.00017014	4.25342383
0.00017014	4.25342383
0.00017014	4.25342383
0.00017014	4.25342383
0.00017014	4.25342383
0.00017013	4.25089774
0.00017013	4.25089774
0.00017013	4.25089774
0.00017013	4.25089774
0.00017013	4.25089774
0.00017013	4.25089774
0.00017012	4.25190783
0.00017012	4.25190783
0.00017012	4.25190783
0.00017011	4.25064531
0.00017011	4.25064531
0.00017011	4.25064531
0.00017008	5.22066528
0.00017008	5.22066528
0.00017008	5.22066528
0.00017008	5.22066528
0.00017008	5.22066528
0.00017008	5.22066528
0.00017025	2701.569
0.00017025	2701.569
0.00017025	2701.569
0.00017019	9.49725048
0.00017019	9.49725048
0.00017019	9.49725048
0.00017019	9.49725048
0.00017019	9.49725048
0.00017019	9.49725048
0.00017019	9.49725048
0.00017019	9.49725048
0.00017019	9.49725048
0.00017019	9.49725048
0.00017019	9.49725048
0.00017019	9.49725048
0.00017019	9.49725048
0.00017019	9.49725048
0.00017019	9.49725048
0.00017019	9.49725048
0.00017019	9.49725048
0.00017019	9.49725048
0.00017019	9.49725048
0.00017019	9.49725048
0.00017019	9.49725048
0.00017018	4.26000573
0.00017018	4.26000573
0.00017018	4.26000573
0.00017017	4.26025929
0.00017017	4.26025929
0.00017017	4.26025929
0.00017016	5.21586031
0.00017016	5.21586031
0.00017016	5.21586031
0.00017015	4.57380615
0.00017015	4.57380615
0.00017015	4.57380615
0.00017026	180.0
0.00017026	180.0
0.00017026	180.0
0.00017024	1788.70654361
0.00017024	1788.70654361
0.00017024	1788.70654361
0.00017024	1788.70654361
0.00017024	1788.70654361
0.00017024	1788.70654361
0.00017024	1788.70654361
0.00017024	1788.70654361
0.00017024	1788.70654361
0.00017026	180.0
0.00017026	180.0
0.00017026	180.0
0.00017026	180.0
0.00017026	180.0
0.00017026	180.0
0.00017026	180.0
0.00017026	180.0
0.00017026	180.0
0.00016917	86.52684688
0.00016917	86.52684688
0.00016917	86.52684688
0.00016916	4140.20231149
0.00016916	4140.20231149
0.00016916	4140.20231149
0.00016915	4.85787062
0.00016915	4.85787062
0.00016915	4.85787062
0.00016915	4.85787062
0.00016915	4.85787062
0.00016915	4.85787062
0.00016915	4.85787062
0.00016915	4.85787062
0.00016915	4.85787062
0.00016915	3614.98187062
0.00016915	3614.98187062
0.00016915	3614.98187062
0.00016915	3614.98187062
0.00016915	3614.98187062
0.00016915	3614.98187062
0.00016917	86.52684688
0.00016917	86.52684688
0.00016917	86.52684688
0.00016915	579.57120446
0.00016915	579.57120446
0.00016915	579.57120446
0.00016914	7416.30134776
0.00016914	7416.30134776
0.00016914	7416.30134776
0.00016914	7416.30134776
0.00016914	7416.30134776
0.00016914	7416.30134776
0.00016914	7416.30134776
0.00016914	7416.30134776
0.00016914	7416.30134776
0.00016914	7416.30134776
0.00016914	7416.30134776
0.00016914	7416.30134776
0.00016914	7416.30134776
0.00016914	7416.30134776
0.00016914	7416.30134776
0.00016914	7416.30134776
0.00016914	7416.30134776
0.00016914	7416.30134776
0.00016914	7416.30134776
0.00016914	7416.30134776
0.00016914	7416.30134776
0.00016914	7416.30134776
0.00016914	7416.30134776
0.00016914	7416.30134776
0.00016914	7416.30134776
0.00016914	7416.30134776
0.00016914	7416.30134776
0.00016914	7416.30134776
0.00016914	7416.30134776
0.00016914	7416.30134776
0.00016915	579.57120446
0.00016915	579.57120446
0.00016915	579.57120446
0.00016915	579.57120446
0.00016915	579.57120446
0.00016915	579.57120446
0.00016915	579.57120446
0.00016915	579.57120446
0.00016915	579.57120446
0.00016915	579.57120446
0.00016915	579.57120446
0.00016915	579.57120446
0.00016915	579.57120446
0.00016915	579.57120446
0.00016915	579.57120446
0.00016915	579.57120446
0.00016915	579.57120446
0.00016915	579.57120446
0.00016915	579.57120446
0.00016915	579.57120446
0.00016915	579.57120446
0.00016915	579.57120446
0.00016915	579.57120446
0.00016915	579.57120446
0.00016915	579.57120446
0.00016915	579.57120446
0.00016915	579.57120446
0.00016915	579.57120446
0.00016915	579.57120446
0.00016915	579.57120446
0.00016915	579.57120446
0.00016915	579.57120446
0.00016915	579.57120446
0.00016915	579.57120446
0.00016915	579.57120446
0.00016915	579.57120446
0.00016915	579.57120446
0.00016915	579.57120446
0.00016915	579.57120446
0.00016911	464.33604
0.00016911	464.33604
0.00016911	464.33604
0.00016911	464.33604
0.00016911	464.33604
0.00016911	464.33604
0.00016911	464.33604
0.00016911	464.33604
0.00016911	464.33604
0.00016911	464.33604
0.00016911	464.33604
0.00016911	464.33604
0.00016911	464.33604
0.00016911	464.33604
0.00016911	464.33604
0.00016911	464.33604
0.00016911	464.33604
0.00016911	464.33604
0.00016911	464.33604
0.00016911	464.33604
0.00016911	464.33604
0.00016911	464.33604
0.00016911	464.33604
0.00016911	464.33604
0.00016911	464.33604
0.00016911	464.33604
0.00016911	464.33604
0.00016911	464.33604
0.00016911	464.33604
0.00016911	464.33604
0.00016915	579.57120446
0.00016915	579.57120446
0.00016915	579.57120446
0.00016915	579.57120446
0.00016915	579.57120446
0.00016915	579.57120446
0.00016915	579.57120446
0.00016915	579.57120446
0.00016915	579.57120446
0.00016915	579.57120446
0.00016915	579.57120446
0.00016915	579.57120446
0.00016909	4.82037789
0.00016909	4.82037789
0.00016909	4.82037789
0.00016915	579.57120446
0.00016915	579.57120446
0.00016915	579.57120446
0.00016915	579.57120446
0.00016915	579.57120446
0.00016915	579.57120446
0.00016915	579.57120446
0.00016915	579.57120446
0.00016915	579.57120446
0.00016908	4.82037789
0.00016908	4.82037789
0.00016908	4.82037789
0.00016915	579.57120446
0.00016915	579.57120446
0.00016915	579.57120446
0.00016915	579.57120446
0.00016915	579.57120446
0.00016915	579.57120446
0.00016915	579.57120446
0.00016915	579.57120446
0.00016915	579.57120446
0.00016915	579.57120446
0.00016915	579.57120446
0.00016915	579.57120446
0.00016914	1586.027
0.00016914	1586.027
0.00016914	1586.027
0.00016914	1586.027
0.00016914	1586.027
0.00016914	1586.027
0.00016914	1586.027
0.00016914	1586.027
0.00016914	1586.027
0.00016914	1586.027
0.00016914	1586.027
0.00016914	1586.027
0.00016914	1586.027
0.00016914	1586.027
0.00016914	1586.027
0.00016914	1586.027
0.00016914	1586.027
0.00016914	1586.027
0.00016914	1586.027
0.00016914	1586.027
0.00016914	1586.027
0.00016913	1350.199
0.00016913	1350.199
0.00016913	1350.199
0.00016913	1350.199
0.00016913	1350.199
0.00016913	1350.199
0.00016915	579.57120446
0.00016915	579.57120446
0.00016915	579.57120446
0.00016915	579.57120446
0.00016915	579.57120446
0.00016915	579.57120446
0.00016915	579.57120446
0.00016915	579.57120446
0.00016915	579.57120446
0.00016915	579.57120446
0.00016915	579.57120446
0.00016915	579.57120446
0.00016917	86.52684688
0.00016917	86.52684688
0.00016917	86.52684688
0.00016917	86.52684688
0.00016917	86.52684688
0.00016917	86.52684688
0.00016917	86.52684688
0.00016917	86.52684688
0.00016917	86.52684688
0.00016917	86.52684688
0.00016917	86.52684688
0.00016917	86.52684688
0.00016917	86.52684688
0.00016917	86.52684688
0.00016917	86.52684688
0.00016917	86.52684688
0.00016917	86.52684688
0.00016917	86.52684688
0.00016917	86.52684688
0.00016917	86.52684688
0.00016917	86.52684688
0.00016917	86.52684688
0.00016917	86.52684688
0.00016917	86.52684688
0.00016917	86.52684688
0.00016917	86.52684688
0.00016917	86.52684688
0.00016917	86.52684688
0.00016917	86.52684688
0.00016917	86.52684688
0.00016917	86.52684688
0.00016917	86.52684688
0.00016917	86.52684688
0.00016917	86.52684688
0.00016917	86.52684688
0.00016917	86.52684688
0.00016917	86.52684688
0.00016917	86.52684688
0.00016917	86.52684688
0.00016917	86.52684688
0.00016917	86.52684688
0.00016917	86.52684688
0.00016917	86.52684688
0.00016917	86.52684688
0.00016917	86.52684688
0.00016917	86.52684688
0.00016917	86.52684688
0.00016917	86.52684688
0.00016917	86.52684688
0.00016917	86.52684688
0.00016917	86.52684688
0.00016917	86.52684688
0.00016917	86.52684688
0.00016917	86.52684688
0.00016917	86.52684688
0.00016917	86.52684688
0.00016917	86.52684688
0.00016917	86.52684688
0.00016917	86.52684688
0.00016917	86.52684688
0.00016915	579.57120446
0.00016915	579.57120446
0.00016915	579.57120446
0.00016915	579.57120446
0.00016915	579.57120446
0.00016915	579.57120446
0.00016915	579.57120446
0.00016915	579.57120446
0.00016915	579.57120446
0.00016915	579.57120446
0.00016915	579.57120446
0.00016915	579.57120446
0.00016915	579.57120446
0.00016915	579.57120446
0.00016915	579.57120446
0.00016915	579.57120446
0.00016915	579.57120446
0.00016915	579.57120446
0.00016915	579.57120446
0.00016915	579.57120446
0.00016915	579.57120446
0.00016915	579.57120446
0.00016915	579.57120446
0.00016915	579.57120446
0.00016915	579.57120446
0.00016915	579.57120446
0.00016915	579.57120446
0.00016915	579.57120446
0.00016915	579.57120446
0.00016915	579.57120446
0.00016915	579.57120446
0.00016915	579.57120446
0.00016915	579.57120446
0.00016915	579.57120446
0.00016915	579.57120446
0.00016915	579.57120446
0.00016915	579.57120446
0.00016915	579.57120446
0.00016915	579.57120446
0.00016915	579.57120446
0.00016915	579.57120446
0.00016915	579.57120446
0.00016915	579.57120446
0.00016915	579.57120446
0.00016915	579.57120446
0.00016915	579.57120446
0.00016915	579.57120446
0.00016915	579.57120446
0.00016915	579.57120446
0.00016915	579.57120446
0.00016915	579.57120446
0.00016915	579.57120446
0.00016915	579.57120446
0.00016915	579.57120446
0.00016915	579.57120446
0.00016915	579.57120446
0.00016915	579.57120446
0.00016915	579.57120446
0.00016915	579.57120446
0.00016915	579.57120446
0.00016915	579.57120446
0.00016915	579.57120446
0.00016915	579.57120446
0.00016915	579.57120446
0.00016915	579.57120446
0.00016915	579.57120446
0.00016915	579.57120446
0.00016915	579.57120446
0.00016915	579.57120446
0.00016915	579.57120446
0.00016915	579.57120446
0.00016915	579.57120446
0.00016915	579.57120446
0.00016915	579.57120446
0.00016915	579.57120446
0.00016915	579.57120446
0.00016915	579.57120446
0.00016915	579.57120446
0.00016915	579.57120446
0.00016915	579.57120446
0.00016915	579.57120446
0.00016915	579.57120446
0.00016915	579.57120446
0.00016915	579.57120446
0.00016915	579.57120446
0.00016915	579.57120446
0.00016915	579.57120446
0.00016915	579.57120446
0.00016915	579.57120446
0.00016915	579.57120446
0.00016915	579.57120446
0.00016915	579.57120446
0.00016915	579.57120446
0.00016915	579.57120446
0.00016915	579.57120446
0.00016915	579.57120446
0.00016915	579.57120446
0.00016915	579.57120446
0.00016915	579.57120446
0.00016915	579.57120446
0.00016915	579.57120446
0.00016915	579.57120446
0.00016915	579.57120446
0.00016915	579.57120446
0.00016915	579.57120446
0.00016915	579.57120446
0.00016915	579.57120446
0.00016915	579.57120446
0.00016915	579.57120446
0.00016915	579.57120446
0.00016915	579.57120446
0.00016915	579.57120446
0.00016915	579.57120446
0.00016915	579.57120446
0.00016915	579.57120446
0.00016915	579.57120446
0.00016915	579.57120446
0.00016915	579.57120446
0.00016915	579.57120446
0.00016915	579.57120446
0.00016915	579.57120446
0.00016915	579.57120446
0.00016915	579.57120446
0.00016915	579.57120446
0.00016915	579.57120446
0.00016915	579.57120446
0.00016915	579.57120446
0.00016915	579.57120446
0.00016915	579.57120446
0.00016915	579.57120446
0.00016915	579.57120446
0.00016915	579.57120446
0.00016915	579.57120446
0.00016915	579.57120446
0.00016915	579.57120446
0.00016915	579.57120446
0.00016915	579.57120446
0.00016915	579.57120446
0.00016915	579.57120446
0.00016915	579.57120446
0.00016915	579.57120446
0.00016915	579.57120446
0.00016915	579.57120446
0.00016915	579.57120446
0.00017028	59.4283
0.00017028	59.4283
0.00017028	59.4283
0.00017028	59.4283
0.00017028	59.4283
0.00017028	59.4283
0.00017028	59.4283
0.00017028	59.4283
0.00017028	59.4283
0.00017028	59.4283
0.00017028	59.4283
0.00017028	59.4283
0.00017028	59.4283
0.00017028	59.4283
0.00017028	59.4283
0.00017028	59.4283
0.00017028	59.4283
0.00017028	59.4283
0.00017028	59.4283
0.00017028	59.4283
0.00017028	59.4283
0.00017028	59.4283
0.00017028	59.4283
0.00017028	59.4283
0.00017028	59.4283
0.00017028	59.4283
0.00017028	59.4283
0.00017028	59.4283
0.00017028	59.4283
0.00017028	59.4283
0.00017028	59.4283
0.00017028	59.4283
0.00017028	59.4283
0.00017028	59.4283
0.00017028	59.4283
0.00017028	59.4283
0.00017028	59.4283
0.00017028	59.4283
0.00017028	59.4283
0.00017028	59.4283
0.00017028	59.4283
0.00017028	59.4283
0.00017028	59.4283
0.00017028	59.4283
0.00017028	59.4283
0.00017028	59.4283
0.00017028	59.4283
0.00017028	59.4283
0.00017028	59.4283
0.00017028	59.4283
0.00017028	59.4283
0.00017028	59.4283
0.00017028	59.4283
0.00017028	59.4283
0.00017028	59.4283
0.00017028	59.4283
0.00017028	59.4283
0.00017028	59.4283
0.00017028	59.4283
0.00017028	59.4283
0.00017064	6.73933427
0.00017064	6.73933427
0.00017064	6.73933427
0.00017064	6.73933427
0.00017064	6.73933427
0.00017064	6.73933427
0.00017064	6.73933427
0.00017064	6.73933427
0.00017064	6.73933427
0.00017064	6.73933427
0.00017064	6.73933427
0.00017064	6.73933427
0.00017064	6.73933427
0.00017064	6.73933427
0.00017064	6.73933427
0.00017064	6.73933427
0.00017064	6.73933427
0.00017064	6.73933427
0.00017064	6.73933427
0.00017064	6.73933427
0.00017064	6.73933427
0.00017064	6.73933427
0.00017064	6.73933427
0.00017064	6.73933427
0.00017064	6.73933427
0.00017064	6.73933427
0.00017064	6.73933427
0.00017297	1751.685
0.00017297	1751.685
0.00017297	1751.685
0.00017299	1503.611
0.00017299	1503.611
0.00017299	1503.611
0.00017299	1503.611
0.00017299	1503.611
0.00017299	1503.611
0.00017299	1503.611
0.00017299	1503.611
0.00017299	1503.611
0.00017298	1762.815
0.00017298	1762.815
0.00017298	1762.815
0.00017297	1648.213
0.00017297	1648.213
0.00017297	1648.213
0.00017296	1546.943
0.00017296	1546.943
0.00017296	1546.943
0.00017296	1546.943
0.00017296	1546.943
0.00017296	1546.943
0.00017296	1546.943
0.00017296	1546.943
0.00017296	1546.943
0.00017296	1546.943
0.00017296	1546.943
0.00017296	1546.943
0.00017296	1546.943
0.00017296	1546.943
0.00017296	1546.943
0.00017296	1546.943
0.00017296	1546.943
0.00017296	1546.943
0.00017295	1844.143
0.00017295	1844.143
0.00017295	1844.143
0.00017294	1740.456
0.00017294	1740.456
0.00017294	1740.456
0.00017294	1740.456
0.00017294	1740.456
0.00017294	1740.456
0.00017294	1740.456
0.00017294	1740.456
0.00017294	1740.456
0.00017293	4223.863
0.00017293	4223.863
0.00017293	4223.863
0.00017293	4223.863
0.00017293	4223.863
0.00017293	4223.863
0.00017292	3577.882
0.00017292	3577.882
0.00017292	3577.882
0.00017299	3103.559
0.00017299	3103.559
0.00017299	3103.559
0.00017298	2743.241
0.00017298	2743.241
0.00017298	2743.241
0.00017298	2743.241
0.00017298	2743.241
0.00017298	2743.241
0.00017297	1977.289
0.00017297	1977.289
0.00017297	1977.289
0.00017297	1977.289
0.00017297	1977.289
0.00017297	1977.289
0.00017299	2070.523
0.00017299	2070.523
0.00017299	2070.523
0.000173	7681.38287923
0.000173	7681.38287923
0.000173	7681.38287923
0.000173	7681.38287923
0.000173	7681.38287923
0.000173	7681.38287923
0.00017299	1890.089
0.00017299	1890.089
0.00017299	1890.089
0.00017297	29.57354942
0.00017297	29.57354942
0.00017297	29.57354942
0.00017297	29.57354942
0.00017297	29.57354942
0.00017297	29.57354942
0.00017297	29.57354942
0.00017297	29.57354942
0.00017297	29.57354942
0.00017297	29.57354942
0.00017297	29.57354942
0.00017297	29.57354942
0.00017297	29.57354942
0.00017297	29.57354942
0.00017297	29.57354942
0.00017297	29.57354942
0.00017297	29.57354942
0.00017297	29.57354942
0.00017297	29.57354942
0.00017297	29.57354942
0.00017297	29.57354942
0.00017297	29.57354942
0.00017297	29.57354942
0.00017297	29.57354942
0.00017297	29.57354942
0.00017297	29.57354942
0.00017297	29.57354942
0.00017297	29.57354942
0.00017297	29.57354942
0.00017297	29.57354942
0.00017297	29.57354942
0.00017297	29.57354942
0.00017297	29.57354942
0.00017297	29.57354942
0.00017297	29.57354942
0.00017297	29.57354942
0.00017297	29.57354942
0.00017297	29.57354942
0.00017297	29.57354942
0.00017297	29.57354942
0.00017297	29.57354942
0.00017297	29.57354942
0.00017297	29.57354942
0.00017297	29.57354942
0.00017297	29.57354942
0.00017297	29.57354942
0.00017297	29.57354942
0.00017297	29.57354942
0.00017297	29.57354942
0.00017297	29.57354942
0.00017297	29.57354942
0.00017297	29.57354942
0.00017297	29.57354942
0.00017297	29.57354942
0.00017297	29.57354942
0.00017297	29.57354942
0.00017297	29.57354942
0.00017297	29.57354942
0.00017297	29.57354942
0.00017297	29.57354942
0.00017297	29.57354942
0.00017297	29.57354942
0.00017297	29.57354942
0.00017297	29.57354942
0.00017297	29.57354942
0.00017297	29.57354942
0.00017297	29.57354942
0.00017297	29.57354942
0.00017297	29.57354942
0.000173	7681.38287923
0.000173	7681.38287923
0.000173	7681.38287923
0.00017346	1482.325
0.00017346	1482.325
0.00017346	1482.325
0.00017347	1006.68703522
0.00017347	1006.68703522
0.00017347	1006.68703522
0.000173	7681.38287923
0.000173	7681.38287923
0.000173	7681.38287923
0.00017347	1006.68703522
0.00017347	1006.68703522
0.00017347	1006.68703522
0.00017347	1006.68703522
0.00017347	1006.68703522
0.00017347	1006.68703522
0.000173	9862.76575846
0.000173	9862.76575846
0.000173	9862.76575846
0.00017347	1006.68703522
0.00017347	1006.68703522
0.00017347	1006.68703522
0.000173	9862.76575846
0.000173	9862.76575846
0.000173	9862.76575846
0.00017347	1006.68703522
0.00017347	1006.68703522
0.00017347	1006.68703522
0.000173	9862.76575846
0.000173	9862.76575846
0.000173	9862.76575846
0.000173	9892.33930788
0.000173	9892.33930788
0.000173	9892.33930788
0.00017347	1006.68703522
0.00017347	1006.68703522
0.00017347	1006.68703522
0.00017347	1006.68703522
0.00017347	1006.68703522
0.00017347	1006.68703522
0.00017347	1006.68703522
0.00017347	1006.68703522
0.00017347	1006.68703522
0.000173	9892.33930788
0.000173	9892.33930788
0.000173	9892.33930788
0.000173	9892.33930788
0.000173	9892.33930788
0.000173	9892.33930788
0.000173	9892.33930788
0.000173	9892.33930788
0.000173	9892.33930788
0.00017347	1006.68703522
0.00017347	1006.68703522
0.00017347	1006.68703522
0.00017347	1006.68703522
0.00017347	1006.68703522
0.00017347	1006.68703522
0.000173	9892.33930788
0.000173	9892.33930788
0.000173	9892.33930788
0.000173	9892.33930788
0.000173	9892.33930788
0.000173	9892.33930788
0.000173	9892.33930788
0.000173	9892.33930788
0.000173	9892.33930788
0.000173	9892.33930788
0.000173	9892.33930788
0.000173	9892.33930788
0.000173	9892.33930788
0.000173	9892.33930788
0.000173	9892.33930788
0.000173	9892.33930788
0.000173	9892.33930788
0.000173	9892.33930788
0.000173	9892.33930788
0.000173	9892.33930788
0.000173	9892.33930788
0.000173	9892.33930788
0.000173	9892.33930788
0.000173	9892.33930788
0.000173	9892.33930788
0.000173	9892.33930788
0.000173	9892.33930788
0.000173	9892.33930788
0.000173	9892.33930788
0.000173	9892.33930788
0.000173	9892.33930788
0.000173	9892.33930788
0.000173	9892.33930788
0.000173	9892.33930788
0.000173	9892.33930788
0.000173	9892.33930788
0.000173	9892.33930788
0.000173	9892.33930788
0.000173	9892.33930788
0.000173	9892.33930788
0.000173	9892.33930788
0.000173	9892.33930788
0.000173	9892.33930788
0.000173	9892.33930788
0.000173	9892.33930788
0.000173	9862.76575846
0.000173	9862.76575846
0.000173	9862.76575846
0.000173	9862.76575846
0.000173	9862.76575846
0.000173	9862.76575846
0.000173	9862.76575846
0.000173	9862.76575846
0.000173	9862.76575846
0.000173	9862.76575846
0.000173	9862.76575846
0.000173	9862.76575846
0.000173	9862.76575846
0.000173	9862.76575846
0.000173	9862.76575846
0.000173	9862.76575846
0.000173	9862.76575846
0.000173	9862.76575846
0.00017093	3205.76726094
0.00017093	3205.76726094
0.00017093	3205.76726094
0.00017093	3205.76726094
0.00017093	3205.76726094
0.00017093	3205.76726094
0.00017297	4562.993
0.00017297	4562.993
0.00017297	4562.993
0.00017297	4562.993
0.00017297	4562.993
0.00017297	4562.993
0.00017291	6260.441
0.00017291	6260.441
0.00017291	6260.441
0.00017291	6260.441
0.00017291	6260.441
0.00017291	6260.441
0.00017291	6260.441
0.00017291	6260.441
0.00017291	6260.441
0.00017291	6260.441
0.00017291	6260.441
0.00017291	6260.441
0.00017291	6260.441
0.00017291	6260.441
0.00017291	6260.441
0.00017291	6260.441
0.00017291	6260.441
0.00017291	6260.441
0.00017291	6260.441
0.00017291	6260.441
0.00017291	6260.441
0.00017291	6260.441
0.00017291	6260.441
0.00017291	6260.441
0.00017291	6260.441
0.00017291	6260.441
0.00017291	6260.441
0.00017291	6260.441
0.00017291	6260.441
0.00017291	6260.441
0.00017291	6260.441
0.00017291	6260.441
0.00017291	6260.441
0.00017291	6260.441
0.00017291	6260.441
0.00017291	6260.441
0.00017291	6260.441
0.00017291	6260.441
0.00017291	6260.441
0.00017291	6260.441
0.00017291	6260.441
0.00017291	6260.441
0.00017291	6260.441
0.00017291	6260.441
0.00017291	6260.441
0.00017291	6260.441
0.00017291	6260.441
0.00017291	6260.441
0.00017291	6260.441
0.00017291	6260.441
0.00017291	6260.441
0.00017291	6260.441
0.00017291	6260.441
0.00017291	6260.441
0.00017291	6260.441
0.00017291	6260.441
0.00017291	6260.441
0.0001729	7753.669
0.0001729	7753.669
0.0001729	7753.669
0.00017289	4509.309
0.00017289	4509.309
0.00017289	4509.309
0.00017289	4509.309
0.00017289	4509.309
0.00017289	4509.309
0.00017289	4509.309
0.00017289	4509.309
0.00017289	4509.309
0.00017289	4509.309
0.00017289	4509.309
0.00017289	4509.309
0.00017289	4509.309
0.00017289	4509.309
0.00017289	4509.309
0.00017289	4509.309
0.00017289	4509.309
0.00017289	4509.309
0.00017288	4238.865
0.00017288	4238.865
0.00017288	4238.865
0.00017287	3046.452
0.00017287	3046.452
0.00017287	3046.452
0.00017287	3046.452
0.00017287	3046.452
0.00017287	3046.452
0.00017287	3046.452
0.00017287	3046.452
0.00017287	3046.452
0.00017287	3046.452
0.00017287	3046.452
0.00017287	3046.452
0.00017287	3046.452
0.00017287	3046.452
0.00017287	3046.452
0.00017287	3046.452
0.00017287	3046.452
0.00017287	3046.452
0.00017287	3046.452
0.00017287	3046.452
0.00017287	3046.452
0.00017287	3046.452
0.00017287	3046.452
0.00017287	3046.452
0.00017287	3046.452
0.00017287	3046.452
0.00017287	3046.452
0.00017287	3046.452
0.00017287	3046.452
0.00017287	3046.452
0.00017287	3046.452
0.00017287	3046.452
0.00017287	3046.452
0.00017287	3046.452
0.00017287	3046.452
0.00017287	3046.452
0.00017287	3046.452
0.00017287	3046.452
0.00017287	3046.452
0.00017287	3046.452
0.00017287	3046.452
0.00017287	3046.452
0.00017287	3046.452
0.00017287	3046.452
0.00017287	3046.452
0.00017287	3046.452
0.00017287	3046.452
0.00017287	3046.452
0.00017287	3046.452
0.00017287	3046.452
0.00017287	3046.452
0.00017287	3046.452
0.00017287	3046.452
0.00017287	3046.452
0.00017287	3046.452
0.00017287	3046.452
0.00017287	3046.452
0.00017287	3046.452
0.00017287	3046.452
0.00017287	3046.452
0.00017287	3046.452
0.00017287	3046.452
0.00017287	3046.452
0.00017287	3046.452
0.00017287	3046.452
0.00017287	3046.452
0.00017287	3046.452
0.00017287	3046.452
0.00017287	3046.452
0.00017287	3046.452
0.00017287	3046.452
0.00017287	3046.452
0.00017287	3046.452
0.00017287	3046.452
0.00017287	3046.452
0.00017287	3046.452
0.00017287	3046.452
0.00017287	3046.452
0.00017287	3046.452
0.00017287	3046.452
0.00017287	3046.452
0.00017287	3046.452
0.00017287	3046.452
0.00017287	3046.452
0.00017287	3046.452
0.00017287	3046.452
0.00017287	3046.452
0.00017212	29.57354942
0.00017212	29.57354942
0.00017212	29.57354942
0.00017212	29.57354942
0.00017212	29.57354942
0.00017212	29.57354942
0.00017212	29.57354942
0.00017212	29.57354942
0.00017212	29.57354942
0.00017212	29.57354942
0.00017212	29.57354942
0.00017212	29.57354942
0.00017212	29.57354942
0.00017212	29.57354942
0.00017212	29.57354942
0.00017212	29.57354942
0.00017212	29.57354942
0.00017212	29.57354942
0.00017212	29.57354942
0.00017212	29.57354942
0.00017212	29.57354942
0.00017212	29.57354942
0.00017212	29.57354942
0.00017212	29.57354942
0.00017212	29.57354942
0.00017212	29.57354942
0.00017212	29.57354942
0.00017212	29.57354942
0.00017212	29.57354942
0.00017212	29.57354942
0.00017212	29.57354942
0.00017212	29.57354942
0.00017212	29.57354942
0.00017212	29.57354942
0.00017212	29.57354942
0.00017212	29.57354942
0.00017212	29.57354942
0.00017212	29.57354942
0.00017212	29.57354942
0.00017212	29.57354942
0.00017212	29.57354942
0.00017212	29.57354942
0.00017212	29.57354942
0.00017212	29.57354942
0.00017212	29.57354942
0.00017212	29.57354942
0.00017212	29.57354942
0.00017212	29.57354942
0.00017209	4.19214864
0.00017209	4.19214864
0.00017209	4.19214864
0.00017206	4.19214864
0.00017206	4.19214864
0.00017206	4.19214864
0.00017203	4.19214864
0.00017203	4.19214864
0.00017203	4.19214864
0.00017209	4.19214864
0.00017209	4.19214864
0.00017209	4.19214864
0.00017212	29.57354942
0.00017212	29.57354942
0.00017212	29.57354942
0.00017212	29.57354942
0.00017212	29.57354942
0.00017212	29.57354942
0.00017212	29.57354942
0.00017212	29.57354942
0.00017212	29.57354942
0.000173	9862.76575846
0.000173	9862.76575846
0.000173	9862.76575846
0.00017347	1006.68703522
0.00017347	1006.68703522
0.00017347	1006.68703522
0.000173	9862.76575846
0.000173	9862.76575846
0.000173	9862.76575846
0.000173	9862.76575846
0.000173	9862.76575846
0.000173	9862.76575846
0.00017347	1006.68703522
0.00017347	1006.68703522
0.00017347	1006.68703522
0.00017347	1006.68703522
0.00017347	1006.68703522
0.00017347	1006.68703522
0.000173	9862.76575846
0.000173	9862.76575846
0.000173	9862.76575846
0.000173	9862.76575846
0.000173	9862.76575846
0.000173	9862.76575846
0.000173	9862.76575846
0.000173	9862.76575846
0.000173	9862.76575846
0.000173	9862.76575846
0.000173	9862.76575846
0.000173	9862.76575846
0.00017347	1006.68703522
0.00017347	1006.68703522
0.00017347	1006.68703522
0.000173	9892.33930788
0.000173	9892.33930788
0.000173	9892.33930788
0.000173	9892.33930788
0.000173	9892.33930788
0.000173	9892.33930788
0.00017298	568.4480466
0.00017298	568.4480466
0.00017298	568.4480466
0.00017297	1287.751
0.00017297	1287.751
0.00017297	1287.751
0.00017298	568.4480466
0.00017298	568.4480466
0.00017298	568.4480466
0.00017298	568.4480466
0.00017298	568.4480466
0.00017298	568.4480466
0.00017295	968.89969438
0.00017295	968.89969438
0.00017295	968.89969438
0.00017295	968.89969438
0.00017295	968.89969438
0.00017295	968.89969438
0.00017295	964.718
0.00017295	964.718
0.00017295	964.718
0.00017298	4.18169438
0.00017298	4.18169438
0.00017298	4.18169438
0.000173	9892.33930788
0.000173	9892.33930788
0.000173	9892.33930788
0.000173	9892.33930788
0.000173	9892.33930788
0.000173	9892.33930788
0.00017297	4.18169438
0.00017297	4.18169438
0.00017297	4.18169438
0.00017294	4.18169438
0.00017294	4.18169438
0.00017294	4.18169438
0.000173	9892.33930788
0.000173	9892.33930788
0.000173	9892.33930788
0.00017299	8.38264016
0.00017299	8.38264016
0.00017299	8.38264016
0.00017298	36.03243973
0.00017298	36.03243973
0.00017298	36.03243973
0.00017295	40.21649589
0.00017295	40.21649589
0.00017295	40.21649589
0.00017294	4.18928623
0.00017294	4.18928623
0.00017294	4.18928623
0.00017289	4.20820275
0.00017289	4.20820275
0.00017289	4.20820275
0.00017286	4.18146476
0.00017286	4.18146476
0.00017286	4.18146476
0.00017284	4.20818234
0.00017284	4.20818234
0.00017284	4.20818234
0.00017346	7201.502
0.00017346	7201.502
0.00017346	7201.502
0.00017279	4.1976678
0.00017279	4.1976678
0.00017279	4.1976678
0.00017277	4.18150537
0.00017277	4.18150537
0.00017277	4.18150537
0.00017275	4.20814168
0.00017275	4.20814168
0.00017275	4.20814168
0.00017274	4.19764755
0.00017274	4.19764755
0.00017274	4.19764755
0.00017274	4.19764755
0.00017274	4.19764755
0.00017274	4.19764755
0.000173	2581.38287923
0.000173	2581.38287923
0.000173	2581.38287923
0.000173	2581.38287923
0.000173	2581.38287923
0.000173	2581.38287923
0.00017271	8.38264016
0.00017271	8.38264016
0.00017271	8.38264016
0.0001727	796.291
0.0001727	796.291
0.0001727	796.291
0.00017272	7281.38287923
0.00017272	7281.38287923
0.00017272	7281.38287923
0.000172	7281.38287923
0.000172	7281.38287923
0.000172	7281.38287923
0.00017346	7084.847
0.00017346	7084.847
0.00017346	7084.847
0.000173	2610.95642865
0.000173	2610.95642865
0.000173	2610.95642865
0.00017298	8.38264016
0.00017298	8.38264016
0.00017298	8.38264016
0.00017295	4.20617291
0.00017295	4.20617291
0.00017295	4.20617291
0.00017295	4.20617291
0.00017295	4.20617291
0.00017295	4.20617291
0.00017292	8.38381562
0.00017292	8.38381562
0.00017292	8.38381562
0.00017289	4.20615688
0.00017289	4.20615688
0.00017289	4.20615688
0.00017298	7652.568
0.00017298	7652.568
0.00017298	7652.568
0.00017295	8.38264016
0.00017295	8.38264016
0.00017295	8.38264016
0.00017292	4.20617291
0.00017292	4.20617291
0.00017292	4.20617291
0.00017274	4588.41881562
0.00017274	4588.41881562
0.00017274	4588.41881562
0.00017264	2470.289
0.00017264	2470.289
0.00017264	2470.289
0.00017244	2790.152
0.00017244	2790.152
0.00017244	2790.152
0.00017239	1291.6305
0.00017239	1291.6305
0.00017239	1291.6305
0.0001722	36.03243973
0.0001722	36.03243973
0.0001722	36.03243973
0.000172	36.03243973
0.000172	36.03243973
0.000172	36.03243973
0.00017212	4.19191844
0.00017212	4.19191844
0.00017212	4.19191844
0.00017196	4.20818234
0.00017196	4.20818234
0.00017196	4.20818234
0.00017193	4.19193882
0.00017193	4.19193882
0.00017193	4.19193882
0.0001719	4.20816199
0.0001719	4.20816199
0.0001719	4.20816199
0.00017189	4.19044562
0.00017189	4.19044562
0.00017189	4.19044562
0.00017188	4.20617291
0.00017188	4.20617291
0.00017188	4.20617291
0.00017185	40.21592674
0.00017185	40.21592674
0.00017185	40.21592674
0.00017185	4.18348701
0.00017185	4.18348701
0.00017185	4.18348701
0.00017279	2657.497
0.00017279	2657.497
0.00017279	2657.497
0.00017276	4.18350227
0.00017276	4.18350227
0.00017276	4.18350227
0.00017276	4.18350227
0.00017276	4.18350227
0.00017276	4.18350227
0.00017273	4.2061423
0.00017273	4.2061423
0.00017273	4.2061423
0.00017272	4.19565316
0.00017272	4.19565316
0.00017272	4.19565316
0.00017272	4.19565316
0.00017272	4.19565316
0.00017272	4.19565316
0.00017281	75.44667463
0.00017281	75.44667463
0.00017281	75.44667463
0.00017281	75.44667463
0.00017281	75.44667463
0.00017281	75.44667463
0.00017281	75.44667463
0.00017281	75.44667463
0.00017281	75.44667463
0.00017281	75.44667463
0.00017281	75.44667463
0.00017281	75.44667463
0.00017281	75.44667463
0.00017281	75.44667463
0.00017281	75.44667463
0.00017281	75.44667463
0.00017281	75.44667463
0.00017281	75.44667463
0.00017281	75.44667463
0.00017281	75.44667463
0.00017281	75.44667463
0.00017281	75.44667463
0.00017281	75.44667463
0.00017281	75.44667463
0.000172	170.57354942
0.000172	170.57354942
0.000172	170.57354942
0.000172	170.57354942
0.000172	170.57354942
0.000172	170.57354942
0.000172	170.57354942
0.000172	170.57354942
0.000172	170.57354942
0.00017281	75.44667463
0.00017281	75.44667463
0.00017281	75.44667463
0.00017281	75.44667463
0.00017281	75.44667463
0.00017281	75.44667463
0.00017281	75.44667463
0.00017281	75.44667463
0.00017281	75.44667463
0.000172	170.57354942
0.000172	170.57354942
0.000172	170.57354942
0.00017281	75.44667463
0.00017281	75.44667463
0.00017281	75.44667463
0.00017281	75.44667463
0.00017281	75.44667463
0.00017281	75.44667463
0.00017281	75.44667463
0.00017281	75.44667463
0.00017281	75.44667463
0.00017281	75.44667463
0.00017281	75.44667463
0.00017281	75.44667463
0.00017281	75.44667463
0.00017281	75.44667463
0.00017281	75.44667463
0.00017281	75.44667463
0.00017281	75.44667463
0.00017281	75.44667463
0.000172	170.57354942
0.000172	170.57354942
0.000172	170.57354942
0.000172	170.57354942
0.000172	170.57354942
0.000172	170.57354942
0.00017281	75.44667463
0.00017281	75.44667463
0.00017281	75.44667463
0.000172	170.57354942
0.000172	170.57354942
0.000172	170.57354942
0.000172	170.57354942
0.000172	170.57354942
0.000172	170.57354942
0.000172	170.57354942
0.000172	170.57354942
0.000172	170.57354942
0.000172	170.57354942
0.000172	170.57354942
0.000172	170.57354942
0.000172	170.57354942
0.000172	170.57354942
0.000172	170.57354942
0.00017281	75.44667463
0.00017281	75.44667463
0.00017281	75.44667463
0.000172	170.57354942
0.000172	170.57354942
0.000172	170.57354942
0.00017281	75.44667463
0.00017281	75.44667463
0.00017281	75.44667463
0.00017281	75.44667463
0.00017281	75.44667463
0.00017281	75.44667463
0.000172	170.57354942
0.000172	170.57354942
0.000172	170.57354942
0.00017281	75.44667463
0.00017281	75.44667463
0.00017281	75.44667463
0.00017199	4.20615759
0.00017199	4.20615759
0.00017199	4.20615759
0.000172	174.76921782
0.000172	174.76921782
0.000172	174.76921782
0.0001719	1072.27536291
0.0001719	1072.27536291
0.0001719	1072.27536291
0.000172	170.57354942
0.000172	170.57354942
0.000172	170.57354942
0.000172	141.0
0.000172	141.0
0.000172	141.0
0.0001719	1072.27536291
0.0001719	1072.27536291
0.0001719	1072.27536291
0.00017185	4.20615759
0.00017185	4.20615759
0.00017185	4.20615759
0.000172	141.0
0.000172	141.0
0.000172	141.0
0.000172	141.0
0.000172	141.0
0.000172	141.0
0.000172	141.0
0.000172	141.0
0.000172	141.0
0.0001719	1072.27536291
0.0001719	1072.27536291
0.0001719	1072.27536291
0.0001719	1072.27536291
0.0001719	1072.27536291
0.0001719	1072.27536291
0.000172	141.0
0.000172	141.0
0.000172	141.0
0.000172	141.0
0.000172	141.0
0.000172	141.0
0.000172	141.0
0.000172	141.0
0.000172	141.0
0.0001719	1101.84891233
0.0001719	1101.84891233
0.0001719	1101.84891233
0.0001719	1101.84891233
0.0001719	1101.84891233
0.0001719	1101.84891233
0.0001719	1101.84891233
0.0001719	1101.84891233
0.0001719	1101.84891233
0.0001719	1106.04458073
0.0001719	1106.04458073
0.0001719	1106.04458073
0.0001719	1106.04458073
0.0001719	1106.04458073
0.0001719	1106.04458073
0.000172	141.0
0.000172	141.0
0.000172	141.0
0.000172	141.0
0.000172	141.0
0.000172	141.0
0.0001719	1106.04458073
0.0001719	1106.04458073
0.0001719	1106.04458073
0.000172	141.0
0.000172	141.0
0.000172	141.0
0.000172	141.0
0.000172	141.0
0.000172	141.0
0.000172	141.0
0.000172	141.0
0.000172	141.0
0.0001719	1101.84891233
0.0001719	1101.84891233
0.0001719	1101.84891233
0.0001719	1101.84891233
0.0001719	1101.84891233
0.0001719	1101.84891233
0.000172	141.0
0.000172	141.0
0.000172	141.0
0.0001719	1101.84891233
0.0001719	1101.84891233
0.0001719	1101.84891233
0.00017345	2181.38287923
0.00017345	2181.38287923
0.00017345	2181.38287923
0.00017345	2181.38287923
0.00017345	2181.38287923
0.00017345	2181.38287923
0.00017345	2181.38287923
0.00017345	2181.38287923
0.00017345	2181.38287923
0.00017345	2181.38287923
0.00017345	2181.38287923
0.00017345	2181.38287923
0.00017345	2181.38287923
0.00017345	2181.38287923
0.00017345	2181.38287923
0.000173	404.1956684
0.000173	404.1956684
0.000173	404.1956684
0.000173	404.1956684
0.000173	404.1956684
0.000173	404.1956684
0.00017345	2181.38287923
0.00017345	2181.38287923
0.00017345	2181.38287923
0.00017345	2181.38287923
0.00017345	2181.38287923
0.00017345	2181.38287923
0.00017345	2181.38287923
0.00017345	2181.38287923
0.00017345	2181.38287923
0.00017345	2181.38287923
0.00017345	2181.38287923
0.00017345	2181.38287923
0.00017345	2181.38287923
0.00017345	2181.38287923
0.00017345	2181.38287923
0.00017345	2181.38287923
0.00017345	2181.38287923
0.00017345	2181.38287923
0.00017345	2181.38287923
0.00017345	2181.38287923
0.00017345	2181.38287923
0.000173	422.98641415
0.000173	422.98641415
0.000173	422.98641415
0.000173	422.98641415
0.000173	422.98641415
0.000173	422.98641415
0.00017345	2181.38287923
0.00017345	2181.38287923
0.00017345	2181.38287923
0.00017345	2181.38287923
0.00017345	2181.38287923
0.00017345	2181.38287923
0.00017344	220.89985437
0.00017344	220.89985437
0.00017344	220.89985437
0.000173	422.98641415
0.000173	422.98641415
0.000173	422.98641415
0.00017344	220.89985437
0.00017344	220.89985437
0.00017344	220.89985437
0.000173	422.99690334
0.000173	422.99690334
0.000173	422.99690334
0.000173	422.99690334
0.000173	422.99690334
0.000173	422.99690334
0.00017299	1004.20615759
0.00017299	1004.20615759
0.00017299	1004.20615759
0.000173	418.79074575
0.000173	418.79074575
0.000173	418.79074575
0.000173	418.79074575
0.000173	418.79074575
0.000173	418.79074575
0.000173	418.79074575
0.000173	418.79074575
0.000173	418.79074575
0.00017299	1004.1956684
0.00017299	1004.1956684
0.00017299	1004.1956684
0.000173	418.79074575
0.000173	418.79074575
0.000173	418.79074575
0.000173	418.79074575
0.000173	418.79074575
0.000173	418.79074575
0.000173	418.79074575
0.000173	418.79074575
0.000173	418.79074575
0.000173	418.79074575
0.000173	418.79074575
0.000173	418.79074575
0.000173	418.79074575
0.000173	418.79074575
0.000173	418.79074575
0.00017299	1004.1956684
0.00017299	1004.1956684
0.00017299	1004.1956684
0.000173	418.79074575
0.000173	418.79074575
0.000173	418.79074575
0.000173	418.79074575
0.000173	418.79074575
0.000173	418.79074575
0.000173	418.79074575
0.000173	418.79074575
0.000173	418.79074575
0.000173	418.79074575
0.000173	418.79074575
0.000173	418.79074575
0.000173	418.79074575
0.000173	418.79074575
0.000173	418.79074575
0.000173	418.79074575
0.000173	418.79074575
0.000173	418.79074575
0.00017298	220.89985437
0.00017298	220.89985437
0.00017298	220.89985437
0.00017298	220.89985437
0.00017298	220.89985437
0.00017298	220.89985437
0.000173	418.79074575
0.000173	418.79074575
0.000173	418.79074575
0.000173	418.79074575
0.000173	418.79074575
0.000173	418.79074575
0.000173	418.79074575
0.000173	418.79074575
0.000173	418.79074575
