115.82
116.730003
116.760002
117.260002
116.519997
116.290001
117.059998
116.949997
116.639999
115.970001
115.82
115.190002
115.190002
113.300003
113.949997
112.120003
111.029999
109.949997
109.110001
109.900002
109.489998
110.519997
111.459999
111.57
111.790001
111.230003
111.800003
111.730003
110.059998
109.949997
109.989998
107.110001
105.709999
108.43
107.790001
110.879997
111.059998
110.410004
108.839996
109.830002
111.589996
111.489998
113.540001
113.720001
114.480003
115.589996
118.25
117.650002
116.599998
117.059998
117.120003
117.470001
117.550003
117.629997
116.980003
117.339996
116.300003
116.050003
114.059998
113.889999
113.050003
113.0
112.519997
113.050003
112.18
113.949997
113.089996
112.879997
112.709999
114.620003
113.550003
113.57
113.580002
114.919998
115.57
111.769997
107.949997
105.440002
103.129997
105.519997
108.360001
107.699997
107.730003
106.730003
106.099998
106.0
106.82
106.940002
107.57
108.029999
108.849998
108.510002
109.360001
109.080002
109.220001
109.379997
109.480003
108.18
107.93
108.0
108.809998
108.370003
107.480003
105.870003
105.790001
104.480003
106.050003
104.209999
104.339996
102.949997
96.669998
97.339996
98.660004
99.43
99.959999
99.870003
99.830002
98.779999
98.790001
96.870003
97.419998
96.980003
96.68
95.940002
95.529999
94.989998
95.889999
95.599998
94.400002
93.589996
92.040001
93.400002
96.099998
95.550003
95.910004
95.099998
95.330002
97.550003
97.139999
97.459999
97.339996
98.830002
99.650002
98.940002
99.029999
98.629997
97.919998
97.720001
98.459999
99.860001
100.349998
100.410004
99.620003
97.900002
96.43
95.220001
94.199997
94.559998
93.489998
93.879997
90.519997
90.339996
92.510002
93.419998
92.790001
92.720001
93.239998
94.190002
95.18
93.639999
93.739998
94.830002
97.82
104.349998
105.080002
105.68
105.970001
107.129997
106.910004
107.480003
109.849998
112.099998
112.040001
110.440002
109.019997
108.660004
108.540001
110.959999
109.809998
111.120003
109.989998
108.989998
109.559998
107.68
105.190002
105.669998
106.129997
106.720001
105.910004
105.919998
105.800003
105.970001
104.580002
102.519997
102.260002
101.169998
101.120003
101.029999
101.870003
103.010002
101.5
100.75
100.529999
96.690002
96.910004
96.760002
96.099998
94.690002
96.879997
96.040001
96.260002
98.120003
96.639999
93.989998
93.699997
94.269997
94.989998
95.010002
94.019997
96.599998
96.349998
94.480003
96.43
97.339996
94.089996
93.419998
99.989998
99.440002
101.419998
96.300003
96.790001
96.660004
97.129997
99.519997
97.389999
99.959999
98.529999
96.959999
96.449997
100.699997
102.709999
105.349998
105.260002
107.32
108.739998
106.82
108.029999
108.610001
107.230003
107.330002
106.029999
108.980003
111.339996
110.489998
112.480003
113.18
116.169998
115.620003
118.230003
118.279999
119.029999
115.199997
116.279999
117.339996
118.300003
117.809998
118.029999
118.879997
117.75
119.300003
118.779999
117.290001
113.690002
114.18
112.339996
115.720001
116.110001
116.769997
120.57
121.059998
120.919998
122.0
122.57
121.18
119.5
120.529999
119.269997
114.550003
115.279999
119.080002
115.5
113.760002
113.769997
111.730003
111.040001
111.860001
110.209999
111.790001
111.599998
112.120003
109.5
110.779999
111.309998
110.779999
110.379997
109.580002
110.300003
109.059998
112.440002
114.709999
115.0
114.32
113.400002
115.209999
113.449997
113.919998
116.410004
116.279999
115.309998
114.209999
112.57
110.150002
112.309998
109.269997
110.370003
112.339996
107.720001
112.760002
113.290001
112.919998
109.690002
103.739998
103.120003
105.760002
112.650002
115.010002
116.5
117.160004
115.959999
115.150002
115.239998
113.489998
119.720001
115.519997
115.129997
115.400002
114.639999
118.440002
121.300003
122.370003
122.989998
123.379997
122.769997
124.5
125.160004
125.220001
130.75
132.070007
129.619995
128.509995
126.82
125.610001
125.660004
123.279999
120.07
122.57
125.690002
126.0
126.440002
126.599998
125.43
124.529999
126.75
127.5
128.110001
127.029999
127.610001
126.599998
127.879997
127.300003
127.599998
126.919998
127.169998
128.589996
128.880005
127.419998
127.800003
128.649994
129.360001
130.119995
129.960007
130.539993
130.279999
131.779999
132.039993
129.619995
132.539993
131.389999
130.059998
130.070007
130.190002
128.770004
128.949997
126.010002
125.870003
126.32
127.620003
125.260002
125.010002
125.800003
128.699997
128.949997
125.150002
128.639999
130.559998
132.649994
130.279999
129.669998
128.619995
126.910004
127.599998
124.75
126.169998
126.779999
126.300003
126.849998
127.099998
126.559998
125.599998
126.010002
127.349998
125.32
124.25
124.43
126.370003
123.25
124.239998
123.379997
126.690002
127.209999
125.900002
127.5
128.470001
127.040001
124.949997
123.589996
124.449997
122.239998
124.510002
127.139999
126.599998
126.410004
128.539993
129.360001
129.089996
128.460007
130.419998
128.789993
132.169998
133.0
129.5
128.449997
128.720001
127.830002
127.080002
126.459999
124.879997
122.019997
119.720001
118.93
119.940002
119.559998
118.650002
118.629997
117.160004
118.900002
115.309998
109.139999
113.099998
112.980003
112.400002
109.550003
108.720001
105.989998
106.82
109.800003
110.220001
109.25
112.010002
111.889999
107.75
106.260002
106.25
109.330002
