48.31
48.445
48.17
48.64
48.65
48.65
48.62
48.65
48.67
48.67
48.63
48.79
48.73
48.65
48.58
48.44
48.57
48.69
48.685
48.63
48.64
48.48
48.49
48.53
48.49
48.47
48.51
48.53
48.59
48.57
48.63
48.69
48.68
48.56
48.5
48.47
48.46
48.4401
48.415
48.39
48.38
48.34
48.39
48.36
48.35
48.28
48.34
48.36
48.41
48.43
48.46
48.49
48.42
48.46
48.48
48.48
48.49
48.5
48.54
48.55
48.53
48.47
48.54
48.51
48.56
48.52
48.53
48.515
48.515
48.54
48.48
48.38
48.36
48.35
48.33
48.41
48.44
48.44
48.38
48.385
48.375
48.35
48.3675
48.37
48.3699
48.38
48.365
48.29
48.26
48.23
48.18
48.165
48.19
48.245
48.26
48.295
48.4
48.375
48.41
48.35
48.35
48.39
48.395
48.415
48.37
48.36
48.32
48.34
48.3
48.2
48.3
48.27
48.25
48.26
48.26
48.245
48.28
48.32
48.36
48.365
48.365
48.38
48.35
48.37
48.37
48.39
48.2961
48.27
48.255
48.29
48.29
48.36
48.33
48.32
48.34
48.24
48.24
48.32
48.3
48.31
48.31
48.28
48.23
48.22
48.18
48.2031
48.23
48.23
48.21
48.23
48.13
48.23
48.25
48.19
48.22
48.27
48.25
48.2525
48.24
48.2
48.18
48.16
48.26
48.29
48.25
48.23
48.165
48.01
47.9802
48.0
48.1
48.15
48.11
48.0524
48.2
48.19
48.16
48.29
48.25
48.2035
48.24
48.255
48.255
48.275
48.235
48.23
48.25
48.25
48.25
48.25
48.25
48.215
48.22
48.17
48.09
48.14
48.13
48.21
48.21
48.06
48.05
48.104
48.05
48.09
48.1
48.14
48.14
48.11
48.0914
48.1
48.165
48.2
48.16
48.2
48.21
48.28
48.24
48.16
48.17
48.14
48.16
48.1
48.11
48.14
48.1
48.13
48.16
48.14
48.1
48.13
48.14
48.14
48.14
48.13
48.13
48.13
48.16
48.19
48.24
48.23
48.25
48.24
48.25
48.22
48.22
48.18
48.21
48.15
48.15
48.15
48.18
48.2
48.17
48.15
48.17
48.19
48.21
48.22
48.25
48.27
48.19
48.04
47.89
47.8622
47.75
47.76
47.62
47.6
47.71
47.66
47.6
47.57
47.66
47.76
47.67
47.66
47.65
47.6
47.48
47.4
47.37
47.37
47.4
47.4
47.41
47.51
47.47
47.475
47.5
47.53
47.6
47.57
47.57
47.5
47.6
47.6
47.53
47.6
47.6
47.73
47.78
47.8
47.74
47.7
47.76
47.71
47.71
47.74
47.67
47.66
47.59
47.58
47.49
47.48
47.42
47.37
47.36
47.42
47.47
47.48
47.49
47.5
47.54
47.47
47.45
47.51
47.62
47.63
47.57
47.57
47.57
47.54
47.59
47.56
47.54
47.5
47.46
47.44
47.44
47.45
47.48
47.45
47.46
47.55
47.53
47.48
47.4
47.4
47.4
47.382
47.38
47.34
47.33
47.35
47.34
47.36
47.375
47.36
47.32
47.31
47.32
47.3
47.28
47.26
47.2396
47.23
47.29
47.3024
47.2975
47.29
47.29
47.31
47.32
47.21
47.23
47.25
47.225
47.2525
47.22
47.26
47.3
47.3
47.26
47.25
47.25
47.24
47.29
47.31
47.34
47.375
47.34
47.36
47.35
47.3
47.32
47.31
47.33
47.33
47.35
47.29
47.28
47.27
47.25
47.17
47.22
47.24
47.3
47.29
47.32
47.33
47.29
47.31
47.36
47.33
47.36
47.38
47.39
47.4
47.4
47.38
47.38
47.6
47.645
47.64
47.5485
47.5
47.45
47.45
47.45
47.6
47.56
47.51
47.45
47.54
47.54
47.54
47.53
47.53
47.5
47.47
47.44
47.5
47.5
47.5
47.5
47.47
47.5
47.5
47.56
47.51
47.535
47.51
47.51
47.5
47.49
47.45
47.5
47.5
47.55
47.5
47.5
47.5
47.5
47.54
47.5165
47.5
47.51
47.68
47.88
47.85
47.84
47.86
47.85
47.8298
47.75
47.74
47.74
47.7
47.63
47.71
47.73
47.67
47.67
47.74
47.69
47.73
47.76
47.76
47.75
47.71
47.7115
47.69
47.66
47.65
47.6
47.6
47.63
47.65
47.66
47.69
47.7
47.73
47.7
47.74
47.74
47.75
47.75
47.72
47.69
47.61
47.66
47.67
47.675
47.7
47.7
47.72
47.755
47.75
47.75
47.73
47.75
47.72
47.72
47.73
47.72
47.72
47.75
47.75
47.82
47.75
47.74
47.765
47.75
47.75
47.74
47.73
47.78
47.77
47.8
47.75
47.78
47.81
47.83
47.8299
47.8422
47.8101
47.83
47.76
47.76
47.75
47.73
47.75
47.76
47.76
47.73
47.74
47.76
47.755
47.75
47.75
47.77
47.755
47.75
47.75
47.77
47.75
47.76
47.79
47.83
47.81
47.84
47.86
47.88
47.86
47.86
47.85
47.8
47.845
47.85
47.86
47.85
47.81
47.77
47.84
47.61
47.57
47.56
47.55
47.56
47.45
47.49
47.5
47.48
47.55
47.55
47.55
47.55
47.545
47.52
47.52
47.58
47.56
47.49
47.51
47.55
47.54
47.52
47.51
47.57
47.56
47.5
47.5
47.43
47.46
47.42
47.31
47.27
47.25
47.2
47.22
47.28
47.24
47.24
47.31
47.26
47.28
47.37
47.36
47.35
47.39
47.32
47.3
47.3
47.3
47.34
47.36
47.41
47.34
47.32
47.28
47.27
47.24
47.19
47.18
47.21
47.21
47.18
47.17
47.14
47.13
47.13
47.23
47.22
47.2
47.17
47.16
47.15
47.15
47.1636
47.15
47.16
47.17
47.16
47.19
47.14
47.11
47.1
47.11
47.12
47.1
47.14
47.17
47.19
47.18
47.15
47.12
47.1
47.09
47.09
47.09
47.03
47.07
47.03
47.01
46.98
47.01
46.98
47.0257
47.0
47.04
47.05
47.02
46.96
46.94
46.97
46.99
47.0
47.0
47.01
47.01
47.02
46.98
46.97
46.995
46.91
46.89
46.9
46.95
46.97
46.92
46.9
46.89
46.92
46.9
46.94
46.96
46.96
46.93
46.92
46.9
46.9
46.99
47.03
47.07
47.06
47.03
47.05
47.06
47.09
47.18
47.19
47.22
47.17
47.2072
47.19
47.229
47.19
47.17
47.14
47.16
47.2007
47.15
47.17
47.15
47.13
47.19
47.13
47.13
47.13
47.16
47.16
47.19
47.3
47.285
47.29
47.26
47.25
47.28
47.31
47.35
47.3
47.31
47.28
47.28
47.305
47.26
47.33
47.3078
47.32
47.35
47.3699
47.38
47.36
47.36
47.36
47.42
47.48
47.49
47.5
47.485
47.495
47.53
47.55
47.55
47.55
47.55
47.51
47.55
47.52
47.55
47.54
47.52
47.52
47.54
47.55
47.54
47.54
47.52
47.54
47.52
47.52
47.505
47.52
47.52
47.49
47.49
47.51
47.52
47.54
47.54
47.51
47.52
47.52
47.51
47.5
47.5
47.77
47.5
47.51
47.52
47.4
47.74
47.5
47.51
47.525
47.5
47.58
47.56
47.51
47.54
47.62
47.605
47.655
47.655
47.54
47.63
47.62
47.6
47.6
47.7
47.63
47.66
47.65
47.79
47.7
47.69
47.68
47.72
47.71
47.71
47.76
47.94
47.83
47.82
47.64
47.64
47.64
47.61
47.58
47.65
47.6552
47.74
47.76
47.81
47.8
47.81
47.81
47.84
47.87
47.92
47.94
47.85
47.9
47.96
47.98
47.97
47.9
47.9
47.9
47.9
47.85
47.84
47.87
47.9
47.9
47.84
47.78
47.84
47.77
47.82
47.81
47.77
47.73
47.75
47.78
47.7
47.6549
47.69
47.64
47.64
47.64
47.659
47.75
47.78
47.8
47.8
47.82
47.86
47.83
47.88
47.91
47.88
47.89
47.9
47.87
47.86
47.8
47.78
47.73
47.6867
47.6
47.54
47.5
47.53
47.5
47.51
47.5348
47.53
47.54
47.54
47.57
47.48
47.46
47.47
47.41
47.49
47.52
47.49
47.45
47.38
47.37
47.3788
47.4
47.44
47.49
47.43
47.46
47.47
47.48
47.5
47.5799
47.54
47.56
47.61
47.59
47.66
47.65
47.71
47.76
47.72
47.69
47.71
47.71
47.7136
47.72
47.7
47.71
47.69
47.74
47.695
47.66
47.6308
47.65
47.6557
47.7599
47.68
47.61
47.57
47.5711
47.6
47.635
47.61
47.59
47.61
47.62
47.69
47.6575
47.675
47.62
47.69
47.714
47.66
47.67
47.62
47.61
47.6001
47.6
47.59
47.6
47.6
47.63
47.645
47.64
47.64
47.66
47.67
47.67
47.7
47.69
47.67
47.64
47.65
47.6
47.6
47.58
47.6
47.58
47.61
47.64
47.6375
47.65
47.66
47.65
47.67
47.69
47.7
47.7
47.68
47.65
47.66
47.6899
47.68
47.69
47.7
47.68
47.7
47.69
47.57
47.35
47.25
47.21
47.23
47.3042
47.35
47.26
47.23
47.3
47.16
47.15
46.996
47.02
47.0
47.02
47.02
46.92
46.89
46.98
46.89
46.98
46.94
46.93
46.99
47.02
46.98
47.1
47.06
47.16
47.13
47.11
47.12
47.08
47.19
47.31
47.27
47.29
47.27
47.3
47.38
47.46
47.4858
47.45
47.41
47.39
47.3824
47.35
47.32
47.21
47.23
47.21
47.18
47.15
47.13
47.1
47.175
47.07
47.04
46.99
47.0
46.93
46.91
46.97
46.93
46.935
46.945
46.93
46.85
46.915
46.79
46.74
46.84
46.78
46.74
46.8
46.78
46.86
46.86
46.9
46.85
46.84
46.82
46.87
46.9
46.86
46.9
46.88
46.88
46.87
46.87
46.86
46.84
46.81
46.85
46.8731
46.91
46.85
46.82
46.9
46.96
46.96
46.93
46.96
46.96
46.97
46.99
46.96
46.94
46.96
47.0
47.0
47.0998
47.12
47.13
47.16
47.15
47.15
47.08
47.14
47.21
47.21
47.21
47.15
47.16
47.16
47.13
47.11
47.13
47.11
47.14
47.12
47.12
47.08
47.08
47.09
47.07
47.06
47.04
47.04
47.04
46.98
46.99
47.0
47.0
47.01
47.03
47.0
47.01
47.0
47.03
46.9901
47.01
47.07
47.08
47.06
47.01
47.04
47.065
47.02
47.03
47.0
46.99
46.98
46.95
46.94
47.0
46.96
47.02
47.05
47.02
47.02
47.03
47.0
46.98
47.0
46.98
46.98
46.98
47.01
47.01
47.09
47.08
47.08
47.06
47.03
47.06
47.03
47.01
47.0
47.025
46.99
47.01
47.08
47.03
47.03
47.035
47.06
47.03
47.01
47.02
47.0
46.985
47.0
47.02
47.0
47.04
47.06
47.02
47.04
47.1
47.0
47.04
47.2
47.11
47.2
47.17
47.28
47.38
47.48
47.48
47.6
47.555
47.5
47.53
47.47
47.61
47.62
47.61
47.63
47.66
47.7
47.8
47.72
47.67
47.7
47.79
47.77
47.83
47.86
47.83
47.79
47.8
47.87
47.822
47.83
47.83
47.82
47.84
47.84
47.83
47.87
47.89
47.9
47.96
47.95
47.89
47.84
47.89
47.89
48.0
48.02
47.99
48.01
48.03
48.02
48.02
48.02
48.03
48.02
48.06
48.03
48.02
48.08
48.07
48.05
48.1
48.14
48.14
48.18
48.18
48.13
48.11
47.99
48.02
48.08
48.01
47.96
47.95
47.96
48.05
48.05
47.94
47.91
47.91
47.835
47.81
47.76
47.69
47.77
47.73
47.78
47.78
47.85
47.88
47.83
47.76
47.75
47.79
47.765
47.79
47.82
47.85
47.85
47.8
47.79
47.76
47.84
47.81
47.86
47.87
47.89
47.91
47.92
47.96
47.96
47.93
47.93
47.89
47.85
47.83
47.86
47.85
47.81
47.79
47.76
47.77
47.81
47.8
47.8
47.84
47.83
47.86
47.87
47.89
47.93
47.88
47.91
47.92
47.92
47.97
47.94
47.94
47.84
47.83
47.83
47.79
47.79
47.8
47.8208
47.79
47.78
47.7593
47.75
47.74
47.71
47.71
47.77
47.73
47.68
47.7
47.73
47.66
47.7
47.72
47.79
47.8
47.81
47.84
47.8
47.82
47.81
47.81
47.8312
47.82
47.8
47.8
47.82
47.81
47.81
47.81
47.82
47.79
47.85
47.87
47.885
47.85
47.81
47.86
47.87
47.93
47.87
47.8805
47.84
47.85
47.86
47.79
47.79
47.77
47.802
47.7
47.74
47.72
47.71
47.73
47.73
47.71
47.72
47.73
47.76
47.74
47.75
47.7
47.65
47.61
47.72
47.77
47.77
47.75
47.76
47.78
47.78
47.8
47.78
47.8
47.84
47.8425
47.83
47.86
47.8
47.83
47.83
47.87
47.9
47.87
47.9
47.9225
47.965
47.99
48.01
48.02
47.96
48.34
48.445
48.25
48.17
48.13
48.2
48.31
48.4
48.28
48.24
48.14
48.01
47.98
48.05
48.09
48.11
48.13
48.11
48.075
47.97
47.91
47.91
47.99
48.12
48.12
48.14
48.1
48.12
48.1
48.07
48.09
48.09
48.13
48.07
48.12
48.07
48.03
48.12
48.1
47.98
47.97
47.94
47.95
47.93
47.93
47.96
47.97
47.97
47.96
48.0
48.06
48.07
48.06
48.1
48.12
48.2
48.21
48.2099
48.21
48.25
48.2
48.21
48.22
48.28
48.26
48.28
48.31
48.35
48.31
48.36
48.39
48.4
48.43
48.4
48.4
48.43
48.43
48.43
48.43
48.42
48.48
48.52
48.52
48.54
48.6292
48.56
48.61
48.59
48.52
48.53
48.5221
48.56
48.59
48.64
48.69
48.66
48.69
48.72
48.79
48.73
48.66
48.61
48.64
48.6185
48.58
48.62
48.6
48.57
48.55
48.608
48.63
48.65
48.6
48.62
48.575
48.6
48.58
48.575
48.5708
48.55
48.5661
48.52
48.51
48.52
48.5
48.47
48.465
48.47
48.43
48.4595
48.46
48.45
48.45
48.48
48.47
48.51
48.4998
48.5
48.54
48.49
48.58
48.5899
48.6
48.55
48.53
48.54
48.49
48.51
48.49
48.49
48.51
48.5499
48.56
48.55
48.55
48.56
48.55
48.56
48.57
48.56
48.56
48.59
48.59
48.54
48.545
48.59
48.58
48.6
48.6099
48.59
49.03
49.05
49.14
49.23
49.28
49.35
49.36
49.3997
49.28
49.25
49.21
49.19
49.133
49.21
49.02
48.99
49.06
49.12
49.01
49.06
49.12
49.13
49.09
49.06
49.08
49.05
49.05
49.05
49.06
49.1
49.11
49.03
49.05
49.11
49.12
49.13
49.05
49.14
49.0
48.9411
48.885
48.83
48.826
48.83
48.83
48.9
48.99
49.0
48.95
48.94
48.92
48.93
48.93
48.93
48.955
48.96
48.91
48.88
48.89
48.88
48.842
48.83
48.844
48.815
48.83
48.8
48.8
48.8512
48.84
48.9
48.91
48.87
48.81
48.905
48.91
48.86
48.8999
48.87
48.93
48.92
48.98
48.96
49.01
49.01
48.93
48.96
48.94
48.92
48.9
48.89
48.93
48.9
48.878
48.87
48.9299
48.91
48.88
48.83
48.8499
48.81
48.8
48.77
48.78
48.78
48.79
48.77
48.8299
48.78
48.77
48.77
48.77
48.8
48.75
48.7599
48.74
48.7348
48.7799
48.78
48.78
48.82
48.81
48.83
48.85
48.88
48.84
48.87
48.8699
48.86
48.86
48.88
48.89
48.89
48.85
48.84
48.89
48.88
48.89
48.9
48.89
48.69
48.66
48.49
48.26
48.27
48.55
48.54
48.39
48.3942
48.41
48.2
48.33
48.34
48.29
48.305
48.24
48.26
48.43
48.6
48.65
48.71
48.76
48.68
48.62
48.58
48.64
48.58
48.61
48.52
48.56
48.57
48.52
48.575
48.55
48.54
48.55
48.56
48.63
48.67
48.6
48.61
48.6
48.53
48.55
48.43
48.54
48.54
48.56
48.58
48.61
48.64
48.65
48.67
48.63
48.67
48.68
48.62
48.65
48.66
48.63
48.6
48.57
48.63
48.58
48.58
48.59
48.57
48.58
48.58
48.57
48.59
48.55
48.49
48.49
48.48
48.51
48.54
48.52
48.63
48.61
48.65
48.66
48.61
48.6103
48.5
48.545
48.59
48.52
48.51
48.54
48.48
48.48
48.5
48.535
48.44
48.51
48.484
48.51
48.505
48.51
48.51
48.49
48.47
48.45
48.48
48.42
48.41
48.41
48.4
48.4205
48.4
48.39
48.44
48.47
48.505
48.48
48.52
48.505
48.505
48.5
48.48
48.46
48.46
48.41
48.41
48.46
48.47
48.47
48.48
48.51
48.48
48.46
48.46
48.44
48.43
48.44
48.47
48.53
48.505
48.4915
48.46
48.45
48.45
48.5
48.52
48.51
48.5
48.5
48.49
48.51
48.53
48.52
48.49
48.48
48.5
48.52
48.505
48.5
48.49
48.48
48.4725
48.49
48.49
48.46
48.5
48.47
48.51
48.52
