0.01535299
0.0160001
0.01620001
0.01599626
0.01820988
0.02000937
0.01959821
0.02370228
0.02856497
0.01567956
0.0148495
0.01685705
0.01587085
0.01593532
0.01456756
0.01324525
0.01340649
0.01435077
0.01351129
0.0141
0.01360679
0.01394949
0.0137224
0.01593049
0.01613011
0.01592797
0.01592675
0.01729845
0.01673255
0.0159471
0.01632944
0.01470046
0.01503974
0.0149
0.0154283
0.015415
0.01452191
0.01504965
0.01474355
0.0147026
0.01494
0.01525063
0.01517419
0.01465
0.01506229
0.015
0.01541967
0.01548973
0.01557392
0.0154503
0.01538705
0.01527039
0.01527
0.01506169
0.01433611
0.01349925
0.01305
0.01270001
0.01259141
0.01255897
0.01249895
0.01235833
0.01246586
0.01220108
0.01163707
0.01174432
0.01235671
0.01276
0.01271437
0.01266033
0.01230009
0.01242595
0.01234424
0.01226875
0.01219998
0.01235
0.01228769
0.01228065
0.01255899
0.01266
0.01238151
0.01232865
0.01232999
0.01234659
0.01242451
0.01248999
0.01233451
0.01228453
0.01227399
0.01275778
0.0125903
0.01277076
0.01258985
0.0126
0.01270324
0.01252512
0.01258828
0.0127747
0.01261662
0.01252474
0.01271733
0.01267499
0.01276978
0.01273146
0.01276355
0.01241174
0.01211994
0.0117999
0.011274
0.01146407
0.01156267
0.01148323
0.01146348
0.01132662
0.011149
0.01098825
0.01084239
0.01088622
0.01047001
0.01013645
0.01211785
0.012055
0.0116257
0.01172
0.01141359
0.01132386
0.009948
0.00995519
0.00945989
0.00928697
0.00919443
0.0089371
0.00919998
0.0095398
0.00968229
0.00961467
0.00957093
0.00957197
0.00968997
0.00957551
0.00956765
0.00962032
0.00969001
0.00968618
0.00965
0.00965871
0.00966384
0.01016301
0.01025864
0.00999393
0.00984304
0.00994
0.00958776
0.00950252
0.0093
0.00933996
0.00925323
0.00901768
0.00882982
0.0091601
0.00887732
0.00874
0.0087687
0.00851992
0.00828678
0.0082209
0.00804654
0.008186
0.00808402
0.0081801
0.00806936
0.0080385
0.00795114
0.00787262
0.00777078
0.00802911
0.00796993
0.00792883
0.00821556
0.00826174
0.00821899
0.00806442
0.00811153
0.00805792
0.00809998
0.00805862
0.00807354
0.00807799
0.00801
0.00803861
0.00787998
0.00789463
0.00790014
0.00793708
0.00793244
0.00800007
0.00801704
0.00804194
0.00815004
0.00800969
0.00786207
0.00788004
0.00791002
0.00804078
0.00786967
0.00802611
0.00794758
0.00792419
0.0078826
0.00793869
0.00837249
0.00813047
0.00818077
0.00807622
0.00821608
0.00817002
0.00818668
0.00821001
0.0081
0.00806012
0.00817894
0.00813
0.00811302
0.00803886
0.00803447
0.00797975
0.00801998
0.00796702
0.00783373
0.00785993
0.00779475
0.00775483
0.00763023
0.00768896
0.00788413
0.00787695
0.00789007
0.00810019
0.00789017
0.0079127
0.00787801
0.00785273
0.00792252
0.00780483
0.00788019
0.00793306
0.00785847
0.00787801
0.00788431
0.00783002
0.00788025
0.00783002
0.0079
0.00784999
0.0080584
0.0079506
0.00795002
0.0079
0.0079305
0.0079
0.00785217
0.00775652
0.00777684
0.0077205
0.00775151
0.007731
0.00775167
0.00771406
0.00772675
0.00771956
0.00775365
0.0076921
0.00775012
0.0077746
0.00786284
0.00779546
0.00775001
0.00777
0.00773899
0.00772006
0.00772825
0.00770429
0.00766748
0.00773
0.00766421
0.0077
0.00766681
0.00762
0.00762107
0.00764092
0.00759495
0.00761957
0.00758
0.00761945
0.00746786
0.00744168
0.00751369
0.00739935
0.00799455
0.00828
0.0087
0.00869001
0.00844702
0.00841985
0.00815047
0.00818463
0.0082662
0.00833913
0.00838
0.00827101
0.00838305
0.00873861
0.00860058
0.00889998
0.008492
0.00858083
0.00850871
0.00862853
0.00878577
0.00888133
0.00882103
0.00873858
0.00883767
0.00870004
0.00874276
0.00895445
0.00894
0.00899
0.00884689
0.008939
0.00902204
0.00936001
0.00860066
0.00854729
0.00857059
0.00869436
0.00877328
0.00874778
0.00861455
0.00841001
0.00835037
0.00845041
0.00829743
0.00819733
0.00822999
0.00838864
0.00831027
0.00785999
0.00753617
0.00753367
0.00754
0.00747501
0.00749751
0.00736099
0.007278
0.00717934
0.00727886
0.00665241
0.00620803
0.00646858
0.00640482
0.00645273
0.00636876
0.00633001
0.006355
0.00625146
0.00632586
0.00661444
0.0065
0.00667468
0.00664594
0.00664
0.00644
0.00639741
0.00636626
0.00635556
0.0063631
0.00629197
0.00633
0.00630264
0.006259
0.00625333
0.00618769
0.00618111
0.00615168
0.00618281
0.00622
0.00619669
0.00616856
0.00616895
0.00615288
0.00605001
0.00604359
0.00604577
0.00623508
0.00623493
0.00634961
0.00636112
0.00669254
0.00660822
0.00649425
0.00647011
0.00642052
0.00638306
0.00641639
0.00636877
0.0063254
0.00635518
0.00630812
0.00631492
0.00637161
0.0063088
0.00627055
0.00629432
0.00627692
0.0062633
0.00621479
0.00620969
0.00628789
0.00674961
0.00664501
0.0065864
0.00662265
0.0065756
0.00653405
0.00653069
0.0065764
0.0065926
0.0066785
0.00663002
0.00652494
0.00656302
0.00652633
0.00645899
0.00644507
0.00636931
0.00639038
0.00638134
0.0063976
0.00629999
0.00628568
0.00625933
0.00628119
0.00628165
0.00628149
0.00628991
0.00630746
0.006305
0.00633638
0.00632301
0.00634385
0.00634144
0.00635091
0.00637719
0.00634471
0.00636345
0.00636395
0.00631124
0.00625999
0.00628999
0.00624961
0.00625011
0.0062652
0.00624231
0.0062202
0.00619
0.00616922
0.00611041
0.00594067
0.00598521
0.00610828
0.00609752
0.00608
0.00606384
0.0060151
0.00602012
0.00603182
0.00600869
0.00605489
0.00589
0.00593164
0.0059132
0.00593249
0.00580933
0.00582471
0.00577848
0.00569286
0.00570755
0.00567931
0.0055803
0.005563
0.00560104
0.00554448
0.00549414
0.00546262
0.00548052
0.00539899
0.00533817
0.00534757
0.00532047
0.00533
0.00553853
0.0054685
0.00547664
0.0052807
0.00526894
0.00524541
0.00525071
0.00532716
0.0053026
0.0052185
0.00528364
0.00526914
0.0052937
0.00526
0.00529173
0.0052728
0.00522351
0.00519822
0.00517249
0.00505361
0.00511694
0.00506798
0.00462352
0.00461803
0.00475968
0.00476966
0.00479187
0.00473502
0.00475531
0.004676
0.0046867
0.00464941
0.00467
0.00463241
0.00467356
0.00466066
0.00460392
0.00456912
0.00436281
0.00427861
0.00503098
0.00493629
0.00477782
0.00472525
0.00469485
0.00461977
0.00467499
0.00455595
0.00449997
0.00449121
0.00450032
0.00442686
0.0040657
0.004227
0.00431652
0.0043839
0.00439928
0.00484974
0.00509176
0.00501704
0.00496374
0.00475475
0.00481838
0.00475051
0.00466753
0.00434529
0.00441212
0.00432265
0.00434521
0.00423555
0.00419011
0.00417224
0.00422272
0.00410109
0.004185
0.0042142
0.00419361
0.00422254
0.00443504
0.004197
0.00410941
0.00407369
0.00396692
0.00389867
0.00391232
0.00385803
0.00376053
0.00375021
0.00379307
0.00384637
0.00378132
0.00375704
0.00376509
0.0037962
0.00382697
0.00373779
0.00369939
0.003599
0.00359213
0.00346985
0.00342999
0.00344311
0.003315
0.003335
0.00337548
0.00329256
0.0032314
0.0031875
0.00312614
0.003185
0.003156
0.00314813
0.00312701
0.003198
0.00322623
0.00334665
0.0032773
0.00339244
0.0032399
0.00317477
0.003534
0.00337199
0.00342281
0.0037
0.0038539
0.00412754
0.00388791
0.00388808
0.0035
0.00377988
0.00387356
0.00438539
0.00423278
0.00423494
0.00392408
0.004029
0.0041586
0.007469
0.00659102
0.00693832
0.0075529
0.00749999
0.008
0.01097992
0.00909025
0.00835933
0.00905251
0.00769989
0.00817772
0.00793999
0.00962001
0.00946975
0.00993
0.00987483
0.00993241
0.00939959
0.0090948
0.00841834
0.00887798
0.00970424
0.0115
0.0123062
0.01205895
0.01216
0.01157884
0.01108372
0.01092006
0.01194901
0.01172903
0.01128383
0.01107694
0.01418535
0.01542623
0.01714666
5.97
5.53
5.13
4.85
4.87
4.92
4.9
5.66
5.66
5.72
5.72
5.68
6.05
4.8
4.92
4.82
4.82
4.87
4.98
4.92
4.8
4.61
3.99
3.89
4.51
4.1
3.93
3.97
4.05
3.92
2.24
2.27
2.92
2.72
2.69
4.2
3.95
3.5
3.3
3.33
3.55
3.0
2.95
3.08
3.3
3.3
3.3
3.35
3.35
2.47
2.5
3.0
2.99
2.5
2.43
2.37
2.25
2.59
3.0
2.75
2.77
2.66
2.72
3.19
3.42
3.04
2.93
2.93
2.98
3.3
3.3
3.2
3.27
3.48
3.56
3.47
3.45
3.44
3.5
3.85
4.55
4.38
4.17
4.22
4.33
4.27
4.33
4.29
4.3
4.5
4.21
4.58
5.0
5.0
5.29
5.57
6.65
6.0
6.8
7.0
6.3
7.14
7.0
6.51
6.6
6.3
7.15
7.1
6.0
7.1
6.22
6.95
6.77
6.79
6.52
6.55
6.31
5.5
5.88
4.91
5.5
5.58
5.3
5.88
6.28
6.3
5.94
5.6
5.6
5.69
5.87
5.89
5.88
5.5
5.67
5.79
4.89
4.69
4.51
4.67
4.23
4.38
4.44
4.58
4.51
5.22
4.95
5.0
4.98
5.04
4.88
4.99
5.0
4.79
4.65
4.81
5.06
4.98
4.93
5.01
4.93
4.94
5.0
4.99
5.3
5.27
5.39
5.26
5.42
5.25
4.83
4.79
4.96
4.91
4.78
4.83
4.54
4.73
4.84
4.93
4.84
4.88
4.9
4.89
5.04
4.99
5.01
5.0
4.99
4.7
4.76
4.75
4.8
4.92
4.93
4.93
4.96
4.99
4.98
4.98
5.16
5.13
5.38
5.24
5.17
5.0
5.08
5.14
4.98
5.04
4.91
4.91
5.0
4.97
5.06
5.1
5.07
5.04
5.08
5.05
5.02
5.02
4.87
4.95
4.91
4.94
4.93
4.95
5.04
5.02
5.07
5.07
5.03
5.08
5.03
5.1
5.12
5.08
5.07
5.07
5.07
5.11
5.14
5.17
5.22
5.19
5.19
5.22
5.37
5.41
5.53
5.61
5.48
5.42
5.52
5.71
5.86
5.9
6.42
6.41
6.19
6.06
6.46
6.64
6.64
6.59
6.45
6.4
6.26
6.41
6.49
6.5
6.52
6.61
6.52
6.61
6.44
6.44
6.6
6.59
6.79
6.73
6.94
7.08
7.14
7.59
7.59
7.55
7.57
8.3
8.55
9.0
8.76
8.44
8.74
8.42
8.59
8.61
8.64
8.75
8.83
8.88
8.71
9.0
9.28
9.45
10.44
10.79
10.51
10.71
10.84
10.75
10.99
11.0
11.32
11.38
11.49
11.89
12.25
13.01
13.42
12.5
11.54
8.06
10.05
10.18
9.96
10.02
10.37
10.57
10.31
10.78
11.0
10.78
10.65
10.16
9.91
10.18
10.55
10.36
10.99
11.02
11.03
10.97
10.98
10.95
11.04
11.14
11.3
11.5
11.63
11.75
11.85
11.91
12.32
12.28
12.19
11.97
11.99
11.9
11.75
12.2
12.22
12.28
12.28
12.22
12.14
12.64
12.9
12.57
12.5
12.39
11.71
11.62
11.99
12.24
12.09
11.9
11.85
11.79
11.66
11.92
11.88
11.8
11.67
11.6
11.32
11.49
11.58
11.4
10.55
10.0
10.43
10.54
10.8
10.8
11.0
10.85
10.67
10.66
10.64
10.78
10.74
10.8
10.81
10.8
10.81
10.82
10.87
10.87
10.97
11.05
11.46
11.57
11.51
11.65
11.65
11.67
11.88
12.16
12.25
12.31
12.2
12.07
12.22
12.37
12.43
12.34
12.42
12.6
12.59
13.2
13.45
13.37
13.36
13.29
13.3
13.35
13.49
13.52
13.51
13.38
13.27
13.2
13.13
13.4
13.35
13.2
13.2
13.14
13.23
13.24
13.18
13.2
13.18
13.22
13.2
13.24
13.22
13.09
13.19
13.19
13.15
13.15
13.2
13.5
13.58
14.0
14.0
13.89
13.64
14.1
14.2
14.53
15.36
15.57
15.38
15.5
16.52
17.35
17.5
17.29
17.49
17.49
17.6
18.67
19.35
19.45
20.46
20.35
19.82
20.29
20.3
20.5
20.91
21.71
22.4
23.14
23.7
23.94
25.47
25.0
27.4
27.0
27.5
26.98
26.92
29.39
30.0
30.0
30.4
29.54
29.78
30.43
31.1
31.31
33.53
34.55
34.16
34.33
36.52
40.75
42.32
41.68
43.76
46.0
45.29
48.25
44.84
46.99
46.95
46.9
46.74
47.24
50.35
59.41
64.2
72.23
69.9
63.9
70.22
75.11
79.81
89.3
88.52
90.0
92.11
96.15
104.7
116.0
133.78
135.0
141.8
141.0
164.97
185.6
229.0
162.0
83.4
109.9
91.64
91.11
74.0
68.09
89.98
109.3
117.71
126.55
118.81
123.74
137.29
149.0
141.9
137.3
128.8
135.28
143.31
139.88
116.75
106.81
98.08
112.62
116.57
112.71
110.0
113.16
111.96
117.9
115.04
114.5
115.99
107.0
108.95
113.35
116.73
118.49
116.38
116.55
117.5
119.11
123.84
128.7
128.97
129.5
126.25
125.92
130.35
126.81
127.91
128.77
123.0
123.22
120.57
121.2
118.78
110.18
109.11
100.17
104.22
107.36
106.56
102.0
99.01
99.42
99.37
100.0
104.5
105.24
102.61
101.8
100.0
100.41
99.47
97.87
98.77
96.31
89.96
88.98
89.53
84.5
88.0
77.01
79.4
66.93
66.34
73.96
74.4
75.01
86.19
87.13
90.17
91.67
90.03
93.78
91.55
90.97
85.28
86.51
85.04
85.93
85.6
86.98
88.42
90.16
89.95
88.16
92.71
93.39
96.57
98.28
96.62
95.85
95.55
96.38
97.81
97.69
97.09
94.27
92.27
93.51
94.09
95.35
98.15
99.19
98.08
98.25
99.71
99.3
102.85
104.87
110.43
109.12
107.65
109.15
113.12
111.9
117.75
117.91
118.5
124.86
128.0
130.66
130.15
129.18
122.81
122.5
117.67
119.93
118.34
121.68
122.07
127.55
126.38
127.71
124.49
125.36
126.27
126.92
127.0
124.18
122.91
123.39
123.27
122.63
123.86
123.25
124.84
126.95
126.54
127.01
126.25
127.33
103.85
117.63
121.94
121.2
122.49
123.5
124.13
125.9
126.8
127.38
127.98
132.82
135.42
142.76
137.56
143.94
152.89
166.0
166.59
180.13
189.75
203.96
193.87
186.6
179.56
194.0
196.62
204.69
197.54
203.54
202.15
204.86
210.0
226.83
242.9
263.24
291.0
334.0
341.24
323.0
343.91
354.96
393.5
416.95
412.0
434.53
477.38
669.01
536.01
599.0
720.0
795.0
829.15
800.05
817.88
916.3
963.98
1012.98
1131.99
1119.52
955.0
1047.47
1055.0
1132.01
1023.87
814.91
693.3
787.0
899.9
979.23
879.04
871.22
885.98
850.78
862.0
691.0
673.62
520.0
685.0
610.0
595.03
612.66
654.76
652.99
679.01
747.0
721.08
715.0
728.0
736.51
732.0
754.9
784.19
809.4
828.79
905.0
919.24
785.0
823.45
824.76
852.61
896.59
844.05
823.0
815.99
841.14
814.4
797.2
810.0
842.07
826.02
824.89
819.2
812.0
780.0
806.8
814.75
751.95
788.0
794.21
799.99
803.0
813.23
814.99
808.5
802.99
782.33
763.99
705.01
680.49
687.37
687.81
675.1
651.99
604.11
669.0
655.83
621.0
633.66
627.7
623.01
561.86
581.35
610.88
610.09
535.49
535.0
585.24
583.0
551.89
567.48
566.24
677.69
673.0
669.99
669.57
632.79
620.0
640.0
629.39
632.1
634.95
641.01
630.42
637.24
634.99
621.11
612.0
611.2
587.98
570.0
565.31
561.0
585.99
583.77
581.49
475.0
502.01
491.99
460.0
454.83
478.98
439.0
451.03
452.2
464.8
456.27
447.11
453.57
441.69
363.12
423.0
423.42
416.3
458.5
521.0
530.0
500.09
483.11
503.8
500.0
496.74
490.0
492.0
502.2
466.52
459.0
430.0
442.9
448.0
448.85
460.97
454.5
439.0
438.04
433.0
428.01
440.0
437.69
452.37
455.39
440.0
442.5
439.12
446.0
446.0
447.31
449.06
446.91
448.34
489.0
493.98
529.99
523.77
528.44
573.9
581.88
572.7
580.66
572.37
621.0
627.8
630.99
661.22
670.14
640.59
661.48
647.16
657.13
658.0
648.83
648.55
620.5
569.1
592.0
566.58
588.55
586.91
606.48
607.0
593.4
588.02
591.29
600.34
588.22
572.62
560.4
579.99
599.99
589.56
599.89
641.11
638.25
650.5
645.99
629.0
630.0
630.57
622.09
623.98
621.97
616.87
635.0
638.1
630.88
621.17
622.9
616.86
622.2
632.6
628.63
627.0
622.73
618.26
621.0
601.66
602.93
596.23
590.3
586.53
585.95
563.84
582.04
598.2
589.59
588.91
588.5
581.76
581.16
585.84
588.02
587.97
590.96
573.98
566.69
548.81
507.99
500.25
521.97
496.86
475.22
491.98
516.39
519.28
514.65
497.0
507.85
503.82
512.18
511.87
506.0
509.3
500.85
479.04
474.54
474.5
474.89
487.43
477.65
479.78
475.43
468.33
473.2
476.57
475.9
474.62
477.98
475.49
469.47
462.02
452.09
425.0
395.86
408.76
399.55
400.07
438.97
423.68
408.76
403.57
401.77
375.35
374.2
391.09
384.86
374.68
358.74
326.21
323.52
328.59
334.8
355.73
364.01
360.89
362.0
378.11
392.6
403.38
394.52
383.95
383.65
390.58
387.53
381.21
385.81
382.04
357.18
358.86
348.69
355.18
350.0
356.96
335.7
346.14
337.99
324.7
324.36
325.5
330.22
338.38
349.99
342.16
345.39
364.77
366.43
370.65
426.63
420.93
399.98
376.99
389.86
387.69
374.88
379.03
356.47
351.2
353.12
367.17
375.99
377.37
368.5
369.98
376.86
375.49
377.01
376.53
379.52
375.33
369.16
376.0
374.38
377.26
361.3
352.03
345.21
348.9
352.24
351.67
356.52
349.0
329.05
322.0
312.67
318.33
331.79
320.01
331.56
336.92
323.06
319.86
328.27
316.47
317.64
313.01
311.07
321.0
313.81
315.42
282.0
264.0
276.8
293.97
275.59
266.39
267.42
227.0
171.41
210.98
208.03
199.69
211.85
216.34
210.65
227.16
234.08
233.64
249.19
255.31
274.8
263.98
236.07
235.79
228.98
216.9
226.93
238.47
227.99
227.0
216.81
223.37
228.3
223.88
220.9
220.42
219.55
223.0
237.0
256.99
235.63
234.7
244.7
237.37
240.59
245.48
245.41
236.5
239.65
239.55
237.97
236.84
252.78
253.47
258.34
274.93
281.0
270.78
273.09
272.68
276.71
275.0
287.12
290.0
296.54
295.31
283.25
282.01
286.75
289.27
282.8
256.45
261.81
261.96
260.0
267.74
265.94
245.0
246.94
249.23
247.94
252.87
242.0
247.95
244.24
246.69
253.28
254.19
253.7
260.54
255.58
253.72
244.58
243.43
235.99
236.15
236.5
223.15
215.8
222.88
227.5
222.6
223.4
222.54
224.3
235.74
233.45
235.98
230.24
226.12
219.52
227.23
225.16
225.48
236.2
231.0
233.83
239.0
238.34
235.12
228.49
236.87
243.2
241.96
239.13
241.3
241.03
235.97
237.13
237.37
235.66
235.97
232.87
231.4
234.43
235.0
238.99
237.76
239.22
235.59
235.71
235.17
236.46
236.03
232.11
228.91
223.51
225.18
224.27
222.99
224.4
224.99
222.7
228.17
228.7
227.8
229.03
229.4
231.64
232.09
235.92
250.09
247.76
248.4
243.7
244.76
243.64
246.0
243.74
240.19
241.98
242.98
251.21
248.62
256.04
262.5
257.62
254.54
255.92
260.2
271.5
268.51
265.51
270.63
268.92
285.23
291.64
310.55
292.68
287.55
285.67
277.89
279.43
276.79
275.47
278.96
276.76
277.68
276.61
289.01
288.78
293.19
294.29
294.01
289.85
288.01
284.33
280.19
282.32
280.43
285.0
281.13
277.48
279.63
262.19
265.05
264.33
271.15
267.73
264.48
265.4
261.46
256.11
256.47
224.8
226.92
235.54
233.49
231.0
228.89
209.72
222.38
225.8
225.09
231.65
230.54
229.0
229.86
227.96
229.18
227.28
230.52
235.6
240.28
240.19
244.21
238.35
238.66
240.0
234.79
229.66
229.71
230.03
228.34
232.17
233.12
230.0
230.16
226.15
230.42
229.42
233.86
235.22
233.81
232.41
239.14
236.94
236.2
237.15
237.77
238.95
238.6
240.84
246.57
243.2
242.9
244.48
245.71
248.05
245.81
249.73
252.47
254.49
263.09
270.07
261.05
263.66
270.64
267.89
275.21
278.6
282.84
283.96
286.9
295.54
305.67
314.82
328.65
310.18
325.78
361.26
404.06
408.0
385.5
374.47
383.53
372.65
377.9
336.8
309.91
337.17
336.99
333.0
319.28
330.83
336.08
335.65
326.02
322.04
326.5
324.2
323.48
319.7
328.9
353.21
357.14
356.95
371.48
376.71
363.06
358.89
361.42
363.62
388.0
388.24
395.57
417.89
416.98
415.57
453.04
436.19
433.07
443.36
464.53
455.87
456.17
462.46
461.8
442.54
438.07
435.48
442.56
455.0
455.51
417.39
421.76
421.46
431.82
425.84
430.89
433.82
433.55
431.04
434.17
432.43
429.56
457.0
452.7
448.84
448.79
448.0
434.85
432.64
429.55
360.0
386.91
380.16
385.49
376.76
416.32
409.59
382.55
386.4
402.16
390.9
391.77
394.95
379.75
378.22
375.64
368.49
371.81
373.05
368.38
387.82
385.0
375.39
375.0
370.91
373.2
379.66
377.98
383.27
390.99
405.0
399.28
407.51
415.54
421.18
419.54
434.63
438.5
438.27
419.1
423.78
423.51
432.0
431.07
431.68
435.23
432.5
423.45
420.29
408.01
399.83
406.23
414.01
411.75
413.0
416.0
419.13
410.9
413.04
414.99
415.85
416.57
418.49
407.91
409.04
411.28
411.67
416.64
417.62
415.17
415.7
416.96
424.77
422.87
415.95
413.74
414.66
416.31
419.0
419.11
418.75
422.71
421.03
420.0
417.75
418.24
420.04
422.69
425.54
423.93
424.86
429.45
430.69
427.42
428.14
435.63
442.13
451.0
447.7
451.92
460.02
462.33
467.42
445.38
449.14
456.53
448.37
453.0
444.06
450.61
446.63
448.5
458.48
458.07
458.21
460.82
451.62
452.91
455.2
455.91
455.57
457.56
454.0
453.08
452.92
436.3
442.72
443.31
438.8
442.99
443.97
448.7
452.07
472.05
519.41
517.84
527.64
531.84
536.95
538.0
569.94
573.8
573.91
584.5
577.54
583.03
575.01
578.01
610.0
672.13
704.49
685.25
695.0
766.62
745.22
754.83
761.44
730.85
667.54
601.3
624.91
661.71
659.86
630.16
657.5
646.08
634.11
667.95
674.86
702.48
658.27
680.35
668.94
674.7
638.19
663.0
647.78
648.76
649.32
663.52
655.06
659.1
664.6
662.45
679.54
672.1
673.48
667.03
663.99
649.95
655.52
661.47
654.96
651.24
653.48
653.07
654.61
654.67
623.83
606.35
540.0
563.42
576.13
572.5
589.48
592.47
591.88
582.75
590.27
585.22
585.91
583.52
568.76
565.55
574.99
570.91
571.49
572.91
577.88
577.55
582.78
580.23
577.58
575.71
578.78
568.31
573.2
571.5
575.91
570.75
571.05
572.0
595.01
603.72
603.48
608.16
615.16
625.67
622.01
621.65
606.32
608.04
607.46
608.5
606.71
605.69
604.1
608.0
608.72
600.94
595.46
595.41
601.42
599.33
598.98
606.47
604.26
603.95
605.6
608.23
612.98
608.6
611.16
607.19
608.49
610.25
614.88
614.34
613.06
616.0
639.0
634.5
634.02
638.2
635.96
638.97
636.91
635.95
627.98
628.89
629.0
654.52
648.74
648.6
651.97
675.11
684.71
685.91
711.13
697.23
697.01
726.6
742.0
685.22
702.7
703.46
709.93
702.86
709.31
721.5
714.47
716.39
702.28
700.38
703.82
711.06
739.71
735.24
748.98
750.75
727.09
736.76
749.22
740.18
735.63
737.07
729.91
727.32
729.54
730.76
742.06
751.54
769.99
760.75
762.0
750.24
758.98
763.99
766.84
769.57
772.28
768.97
776.9
775.35
777.09
775.89
781.32
788.52
788.67
791.0
798.65
832.75
859.96
914.0
892.61
890.67
897.1
930.34
976.47
969.58
959.54
966.3
997.75
1012.54
1035.24
1114.92
1004.74
893.89
906.2
909.75
896.23
905.05
778.62
807.47
825.86
818.27
821.86
831.81
905.99
887.7
901.01
895.8
921.98
923.76
913.52
885.47
893.43
914.83
918.02
918.6
912.01
919.99
963.99
983.67
1009.17
1016.99
1033.18
1011.07
1023.99
1052.48
1050.4
986.0
996.08
1012.4
1000.73
1000.79
1008.88
1011.53
1032.7
1055.46
1056.4
1051.8
1084.0
1124.62
1130.01
1188.11
1180.14
1152.2
1179.05
1194.64
1191.21
1226.39
1257.6
1285.33
1260.0
1273.0
1278.49
1233.05
1150.05
1190.89
1116.97
1176.55
1226.62
1242.46
1245.86
1257.32
1172.62
1071.02
969.4
1017.97
1035.96
1114.39
1037.56
1029.65
929.06
956.02
960.0
1039.92
1043.99
1035.96
1033.7
1070.31
1083.94
1078.01
1144.77
1143.0
1134.58
1190.85
1190.66
1184.03
1206.2
1209.25
1218.99
1212.17
1172.91
1170.34
1173.45
1162.31
1176.54
1202.58
1203.98
1234.19
1243.61
1233.2
1241.99
1253.58
1269.0
1287.99
1331.53
1330.7
1333.0
1350.21
1390.86
1447.75
1503.22
1537.23
1544.99
