4.2295
4.2165
4.265
4.0275
3.5735
3.5095
3.515
3.2755
3.1875
2.9695
2.8975
2.7665
2.8735
2.9155
2.9595
2.875
2.95
2.9025
2.945
2.8565
2.8015
2.7665
2.7665
2.6775
2.765
2.8365
2.9095
2.835
2.9075
2.9315
2.8925
2.8515
2.9125
2.8895
2.8965
2.9045
2.8185
2.8855
3.2245
3.335
3.2355
3.0765
3.05
3.0595
3.15
3.135
3.0955
3.1345
3.2445
3.35
3.3285
3.3385
3.3085
3.2535
3.3715
3.2355
3.2325
3.3045
3.2215
3.3735
3.4255
3.3245
3.4345
3.3535
3.3225
3.3075
3.1875
3.2285
3.1945
3.1915
3.1565
3.1675
3.1725
3.1715
3.2915
3.1715
3.2315
3.1455
3.1285
3.135
3.1485
3.0865
3.1515
3.0895
2.815
2.7935
2.8335
2.7425
2.7565
2.4975
2.1855
2.3665
2.2755
2.455
2.2715
2.1235
2.0345
2.1735
2.1035
1.9685
2.0865
2.0535
2.0925
2.1625
2.1165
2.0535
2.1155
2.0185
1.8935
1.8965
1.8925
1.735
1.745
1.7345
1.655
1.655
1.5825
1.6085
1.5695
1.535
1.4215
1.425
1.4765
1.495
1.375
1.3185
1.1075
1.1415
1.1985
1.1985
1.2195
1.1855
1.3275
1.3695
1.2985
1.3095
1.3065
1.3035
1.2745
1.2545
1.2565
1.2835
1.3075
1.3175
1.3155
1.3185
1.3385
1.3125
1.1945
1.1685
1.1935
1.1595
1.1145
1.1245
1.1695
1.2015
1.3435
1.3325
1.3615
1.4235
1.6775
2.0555
1.8655
1.95
1.9785
1.9725
1.55
1.2935
1.475
1.4355
1.3585
1.335
1.3785
1.3825
1.3775
1.3325
1.3145
1.455
1.4495
1.5055
1.5015
1.4185
1.4395
1.3875
1.3665
1.3945
1.3755
1.3745
1.45
1.3845
1.3015
1.2845
1.3335
1.3275
1.35
1.3215
1.3245
1.3115
1.395
1.2885
1.395
1.3665
1.3785
1.2935
1.2825
1.3295
1.3075
1.2625
1.35
1.395
1.7155
1.615
1.8225
1.685
1.7375
1.7735
1.8055
1.8555
1.7585
1.8985
2.1625
2.0575
2.0255
2.0355
2.0125
2.0435
2.0395
2.0875
2.115
2.0945
2.0275
1.8665
1.8945
1.9475
1.8325
1.8215
1.8185
1.8925
1.9035
1.9075
1.8525
1.8265
1.7925
1.8245
1.8475
1.8785
1.8965
1.9775
1.8955
1.9035
1.8865
1.925
1.9295
1.9635
2.0815
2.0575
2.1025
1.985
1.9685
1.9465
1.9625
1.9825
1.9455
1.9135
1.9445
1.9575
2.0015
1.9535
1.9435
1.945
1.8645
1.7355
1.85
1.725
1.7945
1.7575
1.7895
1.7655
1.7655
1.7385
1.6815
1.6035
1.5885
1.4525
1.4115
1.415
1.3785
1.3735
1.4785
1.495
1.5265
1.5275
1.6485
1.5955
1.6725
1.5595
1.6455
1.6265
1.565
1.5535
1.4725
1.4615
1.4775
1.4975
1.5115
1.4815
1.4875
1.4275
1.3975
1.3885
1.45
1.4085
1.3815
1.3855
1.3695
1.3495
1.3525
1.3285
1.3425
1.3115
1.315
1.3045
1.3275
1.3935
1.3645
1.345
1.3535
1.3245
1.2995
1.2525
1.2635
1.1695
1.0315
1.0945
1.0665
1.0545
1.0755
1.0625
1.0165
1.0015
1.0025
9.756
1.0135
9.936
1.0035
9.846
9.446
8.446
8.336
1.0865
9.466
8.746
8.756
8.586
8.866
8.876
8.816
1.1435
1.0055
9.86
9.556
1.0255
9.766
1.0715
1.075
9.826
1.0075
9.46
1.0025
9.886
9.816
9.556
1.0155
9.976
1.0015
1.0045
9.666
9.526
9.766
9.76
9.776
1.0125
9.646
9.686
9.526
9.596
9.736
9.636
9.776
9.526
9.386
9.046
8.996
9.086
9.286
9.286
9.356
9.636
1.0115
9.946
1.0235
1.0365
1.0995
1.0385
1.0055
1.0615
1.0545
1.0525
1.0425
1.0495
1.0485
1.0755
1.0695
1.0535
1.0595
1.0675
1.0555
1.0385
1.0165
1.045
1.0545
1.0535
1.045
1.045
1.0415
1.095
1.0365
1.045
1.0375
1.0345
9.946
9.826
9.776
9.566
9.536
9.46
9.516
9.456
9.616
9.716
9.686
9.956
1.4325
1.1915
1.1525
1.1195
1.1155
1.1155
1.1445
1.1375
1.2065
1.2285
1.3235
1.2775
1.375
1.5475
1.4685
1.4195
1.3055
1.3295
1.3125
1.2595
1.1995
1.2055
1.1965
1.1925
1.2285
1.2765
1.2145
1.2375
1.2445
1.2655
1.2465
1.2335
1.2465
1.3175
1.3875
1.4585
1.4185
1.3375
1.3725
1.3535
1.3345
1.2855
1.2075
1.1525
1.0885
1.1555
1.1545
1.0995
1.0975
1.1815
1.1635
1.175
1.1355
1.1735
1.1425
1.125
1.1285
1.1345
1.1425
1.1545
1.1275
1.1055
1.0325
1.0385
1.0365
1.015
1.0375
1.0145
9.786
9.516
9.26
9.226
9.496
9.466
9.286
9.146
9.046
8.746
8.576
8.546
8.386
8.466
8.936
9.326
8.946
8.896
8.656
8.816
8.626
8.736
8.556
8.656
8.46
8.246
8.376
8.36
8.136
7.826
7.516
6.646
7.186
7.146
6.926
6.626
6.46
6.626
6.696
6.716
6.356
6.166
6.196
5.716
6.26
7.076
7.076
6.866
6.856
7.56
8.296
7.946
8.126
8.46
8.236
8.26
7.516
7.586
7.456
7.396
7.296
7.296
7.296
7.36
7.26
6.936
6.986
6.876
6.916
6.926
6.486
6.646
6.366
6.326
6.26
6.266
6.26
6.016
6.056
6.436
6.326
6.296
6.246
6.266
6.216
6.046
5.716
5.66
5.26
5.626
5.376
5.216
5.26
4.996
4.796
4.936
4.796
4.676
4.646
4.356
4.846
5.046
4.946
4.746
4.726
5.456
5.596
5.436
5.516
5.296
5.116
5.156
5.156
4.966
5.436
5.556
6.946
6.636
6.626
6.126
6.956
1.1035
1.1395
9.166
9.916
9.166
9.126
9.846
1.3155
2.0175
2.0285
5.7075
2.835
3.3065
3.1455
2.755
3.0995
3.0455
2.865
2.8295
2.7165
2.8565
2.9365
2.885
2.8855
2.8115
2.8125
2.7215
2.4655
2.4395
2.6855
2.5665
2.5755
2.5145
2.5515
2.5595
2.6445
3.385
3.985
3.8335
3.895
3.7155
4.0965
5.1935
6.0455
6.455
8.9285
0.00011576
9.115
0.00010501
9.9995
0.00012179
0.00012
0.00012147
0.0001545
0.0001984
0.0002085
0.00018951
0.00016363
0.0001689
0.0001605
0.0001415
0.000143
0.00013331
