7.1955
7.15
7.0835
7.655
8.425
9.4165
9.45
9.9385
9.0775
9.5615
9.4545
9.1675
9.0835
9.7085
9.85
9.775
9.9285
9.9985
9.9775
0.00010342
0.00011509
0.0001142
0.00011988
0.00011897
0.00011838
0.00011546
0.00011486
0.00012397
0.00012053
0.00011359
0.00011636
0.00011556
0.00010695
9.4815
8.7945
8.8575
9.0895
8.2115
8.4945
8.3525
8.5965
8.0135
8.1815
8.2995
8.3165
8.0945
8.1235
8.1275
8.15
8.2485
8.2715
8.0985
8.1045
8.6625
8.5165
8.5435
8.7275
9.05
8.9665
8.8645
9.1245
9.755
9.6525
9.8825
0.00010138
9.8225
9.75
9.6625
9.4885
9.1755
9.55
9.4315
8.995
8.9095
9.125
9.045
9.1355
8.8015
8.9915
9.015
9.0055
9.1245
8.8965
8.8975
8.375
8.5985
8.6695
8.6755
8.5855
8.475
8.3265
8.4855
7.9235
7.7565
7.8635
7.885
7.7565
7.825
7.9695
8.15
8.2995
8.1255
7.945
7.8015
7.9275
7.9045
7.6965
7.4435
6.5135
6.6515
6.6765
5.8565
6.35
5.5635
5.5195
4.8185
4.855
4.8385
5.3355
4.85
5.1315
5.0075
4.8715
5.05
4.5295
3.7885
2.8675
3.335
3.5445
3.6035
3.4645
3.5285
3.7955
4.8825
4.7575
4.595
4.3085
4.7015
4.6115
4.5365
4.5995
4.2755
3.75
3.8045
3.8575
3.7015
3.6365
3.6355
3.5225
3.5335
3.6315
3.5475
3.295
3.4285
3.4255
3.4965
3.5125
3.7155
4.1155
3.8965
3.9255
3.9275
3.9185
3.9135
3.795
3.7125
3.4835
3.3875
3.4995
3.2945
3.325
3.2375
3.3965
3.3015
3.4925
3.1745
3.2665
3.2095
3.2975
3.4195
3.2785
3.2335
3.3235
3.385
3.3175
3.3895
3.495
3.4235
3.3985
4.0965
3.7495
3.8615
3.8075
3.7935
3.9235
4.0385
4.0185
3.8135
4.055
3.9715
3.8935
5.0175
4.9725
4.0025
4.025
4.1695
4.4875
4.7945
4.7195
5.0595
6.05
5.7025
5.1095
5.5185
5.4335
5.2725
4.9295
4.8555
5.1615
5.4845
5.2455
5.6015
5.555
5.3555
7.4045
9.05
0.0001064
9.5585
0.00011246
0.00013203
0.00011495
0.00012096
0.00011234
0.00011962
0.00011539
0.00012661
0.00013588
0.00014812
0.00016387
0.00015543
0.00016626
0.00019789
0.0002006
0.00020705
0.00018312
0.00020252
0.00022821
0.000239
0.00027004
0.00025705
0.00025172
0.00025365
0.00025975
0.0002648
0.00025988
0.0002615
0.0002288
0.00022493
0.00024846
0.00023264
0.00019437
0.00019691
0.00020583
0.00020206
0.00022465
0.00020884
0.00021828
0.0002356
0.00023404
0.00022482
0.00020523
0.00021252
0.00021048
0.00020359
0.00019399
0.00019152
0.00018949
0.00019404
0.00019495
0.00018278
0.00017904
0.0001768
0.00018091
0.00017768
0.00015954
0.00014722
0.00019107
0.00018715
0.00018042
0.00017614
0.00017956
0.00018816
0.00019529
0.00018126
0.00017779
0.0001699
0.00016075
0.00016695
0.00015432
0.00013125
0.00010993
0.00012256
0.00012204
0.00011558
0.00012491
0.00012869
0.00013595
0.00013178
0.00013004
0.00013073
0.0001259
0.00011177
0.00010941
0.00010324
0.0001169
0.00011737
0.00011495
0.00011547
0.00011194
0.00011326
0.0001303
0.0001354
0.00012755
0.00013654
0.00012813
0.00013117
0.00013662
0.00012952
0.0001255
0.00012246
0.0001212
0.00011536
0.00010864
0.00012172
0.0001335
0.00011655
0.00010812
0.00011226
0.00010633
0.00010598
0.00010635
0.00010106
9.6015
9.4675
9.7145
9.5215
9.3415
7.675
7.5435
7.5945
0.0001026
0.00010276
8.8965
9.3975
9.2165
0.00010348
0.00011154
0.000135
0.00013612
0.00011909
0.0001165
0.00012249
0.00011663
0.00011541
0.00012099
0.00011318
0.00010971
0.00010179
0.00010801
0.00010345
0.00010299
0.00010181
0.00010577
0.00010166
0.00010155
0.00010408
0.00010465
0.00010585
0.0001004
0.00010402
0.00011995
0.00011441
0.000109
0.0001106
0.00010948
0.00010849
0.00011306
0.00011499
0.00012195
0.00012
0.00011872
0.000115
0.00011396
0.00011572
0.00011908
0.000122
0.00012344
0.00012484
0.00012833
0.00012069
0.00012975
0.00014881
0.00014973
0.00014467
0.00015307
0.00015886
0.00014806
0.00015114
0.00020012
0.000175
0.00018992
0.00017953
0.00017513
0.00017434
0.00017009
0.0001715
0.0001705
0.00018399
0.00018404
0.00017708
0.00020388
0.0001962
0.0001893
0.00019334
0.00018438
0.00019717
0.00019345
0.00018599
0.00017186
0.0001723
0.00014797
0.000145
0.00015897
0.0001459
0.00015047
0.00015885
0.00015681
0.00017155
0.00016768
0.00016426
0.000161
0.00015975
0.00015938
0.00015369
0.00015216
0.00015616
0.00015108
0.00013682
0.00014514
0.00014254
0.00014217
0.00014379
0.00014198
0.0001396
0.000135
0.00013691
0.00013885
0.0001502
0.00014502
0.00014554
0.0001387
0.000142
0.00013576
0.00013553
0.00013504
0.00013747
0.00013917
0.00013877
0.00013028
0.00013013
0.00012962
0.00012834
0.00013864
0.0001391
0.00014635
0.00014333
0.00014351
0.00014069
0.00013774
0.0001355
0.00013445
0.0001381
0.00013653
0.00013089
0.00012015
0.00010568
0.00010487
0.00011103
0.00010432
9.9685
9.95
0.00010611
0.00011052
0.00011131
0.00010907
0.0001147
0.00011273
0.00010667
0.00010674
0.00010573
0.00010735
0.00011229
0.0001124
0.00011245
0.00010006
9.9375
9.1345
9.125
9.6295
9.9775
9.575
9.7015
9.4655
9.3575
9.65
9.6055
9.785
9.6985
9.4985
9.25
8.4365
9.2015
7.9375
8.0145
8.1015
8.5475
8.3085
8.7265
8.4485
8.65
8.7625
9.35
9.8635
0.00010082
0.00011834
0.0001155
0.00011989
0.000121
0.00011809
0.00012782
0.00011965
0.00011399
0.0001165
0.00011057
0.0001157
0.00010966
0.00010598
0.00010881
0.00010706
0.00010311
9.5355
9.2315
9.4945
9.5925
0.00010109
0.00010296
0.000101
0.00010314
0.000104
0.00010349
0.00010639
0.00011
0.00010982
0.00012102
0.00012829
0.0001358
0.0001293
0.000133
0.00013297
0.00013134
0.00012949
0.00013063
0.00013359
0.00013382
0.00014197
0.00013405
0.00013324
0.00013548
0.000146
0.00014952
0.00015063
0.000139
0.00014507
0.00015018
0.0001473
0.00014525
0.00014586
0.00014924
0.00015273
0.00015354
0.00016199
0.00016607
0.00018399
0.00018883
0.00020507
0.00019165
0.00020095
0.00018772
0.00018949
0.0001806
0.00017402
0.00016127
0.00016149
0.00015986
0.00015173
0.00014411
0.00015066
0.00015344
0.00014887
0.00013721
0.00013065
0.00013076
0.00013533
0.00013243
0.00012868
0.00012747
0.00011966
0.00012949
0.000134
0.00013501
0.00013899
0.0001494
0.00013987
0.00014734
0.00015966
0.00015748
0.00015501
0.00015951
0.00016577
0.00015994
0.00015606
0.00015849
0.00015524
0.00014489
0.00014419
0.00014487
0.00014567
0.00014872
0.00014963
0.00015466
0.00016408
0.00016019
0.0001765
0.00017976
0.00017549
0.00015685
0.00015851
0.00016902
0.00015813
0.00017693
0.0001625
0.00017161
0.00016966
0.00016614
0.00016812
0.00017601
0.00017562
0.00017608
0.00018115
0.00017294
0.00017941
0.00018293
0.00019043
0.00018821
0.00018255
0.00018777
0.00018578
0.00019132
0.00019681
0.00018969
0.00017604
0.00017765
0.00017049
0.00017289
0.0001807
0.00018426
0.0002039
0.00019877
0.00016504
0.00017473
0.00018156
0.00019735
0.00018475
0.00019874
0.00018237
0.00017839
0.00017415
0.00017714
0.00018508
0.00017904
0.00018199
0.00017163
0.00017853
0.000197
