0.01103656
0.01139595
0.01167054
0.01181102
0.01144
0.01149496
0.01118746
0.01100077
0.01173991
0.01413851
0.013
0.013
0.01288873
0.01299998
0.01296399
0.01278787
0.0135846
0.01351463
0.01318248
0.01333017
0.0130001
0.01303739
0.01304151
0.0127014
0.01291408
0.01290234
0.01282946
0.01259819
0.01264318
0.01265
0.01300138
0.01269678
0.01280002
0.01297523
0.01284521
0.01269999
0.01260195
0.01179199
0.01179
0.01165047
0.01168437
0.01179776
0.0115
0.01156971
0.01144122
0.01128666
0.01146214
0.01124431
0.01199997
0.01167422
0.01189645
0.01173266
0.01157323
0.01152417
0.01126
0.01151363
0.01149997
0.01131864
0.0111
0.01119069
0.01114316
0.01121856
0.01117008
0.01098844
0.01089344
0.0106017
0.01069586
0.01042295
0.00980702
0.00947416
0.01014006
0.01004718
0.0100091
0.01028325
0.01005813
0.01004504
0.01008992
0.01028431
0.01027003
0.01050031
0.0102246
0.01022553
0.01037
0.01079393
0.01067858
0.0103409
0.01041286
0.00991001
0.01021376
0.00996999
0.00999378
0.009905
0.00969913
0.00930009
0.00904978
0.00908976
0.0096759
0.00966042
0.00981941
0.00970477
0.00971665
0.00986891
0.00953425
0.00959493
0.00952796
0.00911
0.00885332
0.00888718
0.0089871
0.00910366
0.0089323
0.00895265
0.00856279
0.00880057
0.00839998
0.00805771
0.00763973
0.00751
0.00715076
0.00706244
0.0077325
0.00770005
0.00722733
0.00790415
0.00723659
0.00661849
0.0062913
0.0066
0.0072032
0.00699845
0.0067595
0.00658314
0.00715089
0.00734704
0.0074
0.00753395
0.0071927
0.0071526
0.006972
0.00669407
0.00700001
0.00668775
0.0069357
0.00666
0.00625224
0.00655726
0.00642589
0.00639001
0.00608426
0.00591403
0.00572152
0.00572887
0.0057
0.00570004
0.00606269
0.0065
0.006474
0.0059294
0.00600278
0.00590457
0.00586508
0.00604985
0.00588382
0.00601295
0.00596383
0.00650005
0.0060313
0.00579473
0.0059182
0.00572021
0.00568113
0.00562323
0.00560939
0.00560551
0.00590081
0.00573481
0.00618835
0.00625626
0.00656
0.00627018
0.00727947
0.00740988
0.00824
0.00777561
0.00788997
0.00775022
0.00757999
0.00777
0.00768001
0.00784998
0.00737543
0.00729992
0.00709002
0.00724246
0.00703
0.00696214
0.00717224
0.00789968
0.00891999
0.00970014
0.0128101
0.01122782
0.01012057
0.01129961
0.01243731
0.0134
0.01159104
0.01088889
0.01022763
0.01171722
0.01064068
0.01116224
0.01160975
0.01132001
0.01113149
0.01110227
0.0109863
0.01129999
0.01099951
0.01117999
0.01116416
0.011189
0.01112758
0.01046165
0.00970021
0.00874523
0.00988473
0.00964347
0.00929421
0.00939979
0.00851002
0.00897397
0.00840242
0.00833036
0.00845778
0.0091634
0.00963774
0.00900013
0.00944353
0.00920003
0.00927687
0.00940646
0.00921922
0.0089403
0.00897
0.00910652
0.01112971
0.01132783
0.01211047
0.01131546
0.01040322
0.01122001
0.01099174
0.01176679
0.01220004
0.01287449
0.01364935
0.01323767
0.01416287
0.01527144
0.01423353
0.01452681
0.0144307
0.01482163
0.01439166
0.01458188
0.01569323
0.01605
0.01787
0.01722837
0.01648401
0.01661645
0.01704999
0.01631937
0.01666
0.01708914
0.0167459
0.01665646
0.01649536
0.01671762
0.01652122
0.0163372
0.01666062
0.01591095
0.01553994
0.01506162
0.01528496
0.01538734
0.01515
0.01402099
0.0146696
0.01498421
0.0146227
0.01476807
0.01443391
0.01370437
0.01413953
0.01454011
0.01399607
0.01333273
0.01314358
0.01415184
0.01444798
0.01445166
0.01539899
0.01505
0.01539992
0.015051
0.01530881
0.01518104
0.01476704
0.01437
0.01455
0.01437581
0.0151036
0.01492572
0.01487765
0.01522901
0.01526626
0.01535
0.01607996
0.01608188
0.01628536
0.01743796
0.01784027
0.01855108
0.0183407
0.0183399
0.01733963
0.01691999
0.01626342
0.01588394
0.01479991
0.01549086
0.01514508
0.01535032
0.0153602
0.01503009
0.014065
0.01405227
0.01318376
0.01327924
0.01378997
0.01356824
0.01348054
0.01357508
0.013
0.0111565
0.01095834
0.01193751
0.01173633
0.01125487
0.01113959
0.01077103
0.01051729
0.01128182
0.01161501
0.01249568
0.01159169
0.01069989
0.01032614
0.01079217
0.01080806
0.010703
0.0109311
0.01061479
0.0107221
0.01021759
0.0106286
0.01045048
0.01043729
0.01035095
0.01092002
0.0112
0.01135141
0.01151091
0.01238775
0.01183366
0.01199622
0.01169945
0.01217001
0.01250005
0.01199556
0.01227943
0.0127236
0.01268608
0.01336007
0.01424042
0.01431146
0.01386775
0.01396932
0.01367682
0.01396807
0.01403511
0.01446497
0.01412096
0.01508929
0.01656688
0.01689299
0.01650896
0.01650696
0.01684
0.01796
0.01752297
0.01749158
0.0175745
0.01769994
0.01880001
0.02144999
0.02183021
0.02541
0.02348204
0.0223
0.02190583
0.02407682
0.02397997
0.02245201
0.0231
0.02422691
0.02298906
0.02293
0.02124186
0.02204999
0.02221499
0.02146241
0.02040701
0.02040293
0.02054667
0.02001027
0.01968998
0.01926764
0.01866494
0.01856685
0.01782333
0.01831423
0.0187
0.01799598
0.01830377
0.01835185
0.02017776
0.02130006
0.0208175
0.02007829
0.01939032
0.01947647
0.01910839
0.01892708
0.01874446
0.01919972
0.0192986
0.01904121
0.01897
0.01915
0.01872318
0.01924999
0.01917456
0.01994
0.01980017
0.01905511
0.01936999
0.01942223
0.01989094
0.01968
0.01961657
0.01929093
0.01886
0.01865976
0.01885564
0.01838603
0.01800295
0.01795
0.0179999
0.01728654
0.01686707
0.01662373
0.01606337
0.01634099
0.01663832
0.01701097
0.01584498
0.01515743
0.0150453
0.01434
0.0138218
0.01405136
0.01303503
0.01203
0.01386167
0.01319995
0.01245767
0.012077
0.0133
0.01299119
0.01300483
0.01316416
0.0141541
0.01374999
0.01341283
0.01340802
0.0135
0.01365647
0.01359984
0.01366901
0.01364402
0.01267533
0.01229289
0.01193179
0.01137496
0.01162749
0.01158
0.01148
0.01131843
0.01230701
0.01233167
0.01212001
0.01239997
0.01211457
0.0121
0.01194675
0.01160054
0.0112
0.01145136
0.01134967
0.01129
0.01152873
0.01134999
0.01138219
0.01144
0.01144663
0.01233646
0.011598
0.0120725
0.01163813
0.01188448
0.01258584
0.01239999
0.01255999
0.01306807
0.01277114
0.0118401
0.01139002
0.01046769
0.01100347
0.01124951
0.0107884
0.01048795
0.01035434
0.01118718
0.01168001
0.01176417
0.01143545
0.011601
0.012278
0.0144
0.01429752
0.01335427
0.01389626
0.01405
0.0137
0.013785
0.0143359
0.01481515
0.01522569
0.01512966
0.01482664
0.01554999
0.015691
0.01598999
0.01685
0.01699998
0.01622015
0.01634043
0.0164988
0.01572553
0.0161
0.01647777
0.01668696
0.01662498
0.01681669
0.01738586
0.01652001
0.01605526
0.01623202
0.01702434
0.01689985
0.01659133
0.01653918
0.01611633
0.01631244
0.01662
0.01676777
0.017038
0.01696089
0.01702744
0.01804516
0.01941689
0.01902626
0.01912498
0.02033226
0.0213
0.01977751
0.0191079
0.01980395
0.0215
0.02226623
0.02338238
0.0241102
0.02393
0.02757284
0.03476675
0.03449
0.03724851
0.03427004
0.03334966
0.03659993
0.0372004
0.03672
0.0429999
0.04519999
0.06201515
0.06289779
0.0605
0.0714988
0.07573155
0.07579
0.09033
0.1107
0.10451001
0.09429999
0.08499001
0.09685996
0.09725001
0.10400009
0.09629
0.09659
0.0806
0.08353012
0.08126563
0.07562
0.06684974
0.06245827
0.051
0.05499499
0.0604006
0.06596799
0.05626999
0.05628618
0.05751002
0.05452689
0.05192
0.05046
0.05674206
0.06203775
0.06037
0.06424327
0.063615
0.06339
0.05993973
0.05929998
0.05805999
0.05729903
0.05750301
0.05662
0.05792
0.05681276
0.05592
0.05948134
0.0604
0.07140018
0.06818037
0.06184813
0.05953998
0.06053111
0.06053695
0.06380001
0.06302187
0.06710014
0.0586426
0.05229504
0.05176544
0.04973765
0.05057785
0.0497804
