3.5245e-05
2.755e-05
2.2355e-05
1.9535e-05
2.4955e-05
2.0695e-05
2.0365e-05
2.1165e-05
2.0285e-05
1.8575e-05
1.9345e-05
1.8615e-05
1.8635e-05
1.8965e-05
1.8925e-05
1.8275e-05
1.7985e-05
1.7695e-05
1.7075e-05
1.6515e-05
1.7835e-05
1.9845e-05
1.8915e-05
2.1135e-05
1.9475e-05
2.0655e-05
2.5085e-05
3.6225e-05
2.9695e-05
3.5035e-05
5.35e-05
4.575e-05
4.5355e-05
4.695e-05
4.6615e-05
4.3075e-05
5.1825e-05
4.7675e-05
5.445e-05
6.1795e-05
8.1985e-05
7.9235e-05
8.375e-05
7.0495e-05
6.8155e-05
6.8155e-05
6.8785e-05
6.7935e-05
6.335e-05
6.4965e-05
6.0135e-05
6.045e-05
5.7695e-05
6.1695e-05
6.5765e-05
6.3395e-05
6.6045e-05
6.8045e-05
7.5675e-05
8.855e-05
8.385e-05
8.1135e-05
8.055e-05
7.9155e-05
7.9595e-05
8.1325e-05
7.9385e-05
8.115e-05
9.9995e-05
0.00010945
0.00012809
0.0001614
0.00015244
0.00015405
0.00014999
0.00016117
0.00015501
0.00016
0.0001506
0.00014399
0.00012099
0.00012271
0.00012861
0.00013165
0.00012218
0.00011615
0.00011985
0.00011279
0.00010579
0.00012701
0.00012998
0.00012179
0.000152
0.00014689
0.00018185
0.000185
0.00017
0.000166
0.00016
0.00022011
0.00020331
0.00019188
0.0001894
0.000191
0.00019218
0.00018001
0.00019
0.00019221
0.00018335
0.00019552
0.0001915
0.00019
0.00020279
0.00019195
0.00019069
0.00021287
0.00020505
0.00020701
0.00021899
0.00023755
0.00022808
0.00027243
0.00024369
0.00022608
0.00022533
0.0002386
0.00024099
0.00021938
0.00020373
0.00021565
0.00022364
0.00020224
0.00019314
0.00018365
0.00018943
0.00018243
0.00018155
0.0001775
0.00016652
0.00013561
0.0001492
0.0001361
0.0001055
0.00012082
0.00013025
0.000123
0.000116
0.000107
0.00010159
0.00011388
0.00011506
0.00010439
9.8355e-05
0.00010276
0.00011648
0.00011086
0.00010815
9.85e-05
9.855e-05
9.7475e-05
