0.00312499
0.00258069
0.00264498
0.00395009
0.0045
0.00695489
0.00683103
0.006377
0.00618999
0.004747
0.00513914
0.00550004
0.00622
0.00595881
0.00595305
0.00588889
0.00583353
0.00513441
0.0051902
0.00510001
0.0051
0.00514499
0.00575011
0.0059119
0.00592353
0.00565999
0.00550007
0.00550906
0.0056995
0.00538311
0.00517007
0.00510405
0.00508243
0.004868
0.0040905
0.00444892
0.00405726
0.00377716
0.004095
0.0039329
0.00378761
0.00366847
0.00379001
0.00405714
0.00407829
0.00389586
0.00387021
0.00349091
0.00316307
0.00336503
0.003122
0.002426
0.0027705
0.0031348
0.00285022
0.00283028
0.00286501
0.00281891
0.0026112
0.002645
0.00251001
0.00270046
0.00265941
0.00256765
0.00258599
0.00256975
0.0024673
0.00207953
0.00220349
0.0020301
0.00201506
0.00198283
0.00186176
0.00161699
0.0016801
0.00207495
0.00196673
0.00200898
0.00216529
0.00257998
0.00300927
0.00335422
0.00387
0.00319999
0.00290025
0.00324
0.00277999
0.00250797
0.00217009
0.00231062
0.00251351
0.00241499
0.00275901
0.0026291
0.0027702
0.00253892
0.00267466
0.00268999
0.00266874
0.0028168
0.00280366
0.00298004
0.0029698
0.00292813
0.00289387
0.00298102
0.00299499
0.00293723
0.00279996
0.00262496
0.00249996
0.00243999
0.00255151
0.00234324
0.00230693
0.0024
0.00228301
0.00223877
0.00230325
0.00219544
0.00211985
0.00202774
0.00197138
0.00189001
0.00201509
0.00207441
0.00224001
0.0022
0.00223
0.002173
0.00218169
0.00208077
0.00198001
0.00195059
0.00203997
0.00205945
0.00198633
0.00192889
0.00188327
0.00191183
0.00204086
0.00201997
0.00200058
0.00201411
0.00215
0.00216521
0.00217692
0.00215034
0.0022437
0.00218069
0.0022
0.002215
0.00204944
0.00217001
0.00219001
0.00223245
0.00236753
0.0026499
0.00259849
0.0027922
0.00334997
0.00314864
0.00347951
0.00368471
0.003615
0.00367934
0.00379887
0.00393986
0.00503
0.00529243
0.00637467
0.0058
0.00607994
0.00668
0.00666488
0.00647687
0.00623988
0.00594538
0.00649103
0.00684379
0.00661998
0.00658077
0.00670447
0.00792
0.008495
0.0107519
0.0118
0.01600001
0.01478
0.01375961
0.01301665
0.01318106
0.01061569
0.0090876
0.010499
0.0112
0.00995001
0.01058748
0.013
0.01339
0.014721
0.01425001
0.01369998
0.01484
0.01489
0.01443017
0.01761352
0.01999
0.02219996
0.02501103
0.0275
0.02799978
0.02296408
0.02362115
0.02865
0.02719792
0.02630003
0.032838
0.03487101
0.03
0.03119
0.02984011
0.0264
0.02717099
0.025645
0.02491485
0.028687
0.027
0.029751
0.026993
0.025752
0.026311
0.02442801
0.027577
0.027891
0.028786
0.02738099
0.02789609
0.027583
0.02765
0.026453
0.0247
0.02523
0.023825
0.02318
0.02182468
0.02119998
0.02041316
0.01749432
0.01908427
0.01973642
0.01918806
0.02
0.02181716
0.02106255
0.01998563
0.01917
0.01811964
0.01751463
0.01839906
0.01742178
0.016275
0.01583702
0.01742725
0.01600229
0.01637647
0.01964
0.01969634
0.02289764
0.02065105
0.0211
0.02195039
0.02034105
0.02050078
0.02066011
0.02014178
0.02088962
0.02211184
0.02204581
0.02306024
0.02245952
0.02177922
0.02458301
0.02688164
0.0296893
0.0337
0.03075
0.03168965
0.03254913
0.03035895
0.02854996
0.02783989
0.02739
0.02384991
0.02251401
0.02349993
0.02383115
0.02654409
0.02608117
0.025529
0.0242886
0.02404874
0.02438698
0.02379876
0.0251532
0.02480092
0.02502307
0.02403496
0.02335071
0.02341899
0.02494003
0.02763762
0.02643199
0.02688999
0.02052849
0.0149243
0.01603166
0.01606888
0.01959998
0.02216703
0.02183901
0.02154587
0.02140001
0.0219363
0.02129997
0.01883932
0.01970076
0.0185
0.018098
0.017241
0.01777967
0.0167924
0.01581388
0.01553048
0.0157886
0.01707421
0.01686006
0.01684892
0.01609686
0.01579437
0.01606961
0.01744296
0.01797933
0.01755
0.01640043
0.016391
0.01722888
0.01872492
0.019
0.02250589
0.02177867
0.01926412
0.02114563
0.0188
0.01986
0.01927695
0.01943865
0.01893
0.01899365
0.01800555
0.01611892
0.01819629
0.01906891
0.01895
0.01850273
0.018353
0.01908032
0.02082661
0.020532
0.019871
0.020069
0.019793
0.0196551
0.01983911
0.01926044
0.01877
0.01870997
0.01867797
0.01933935
0.01925729
0.01897105
0.01892309
0.01900408
0.0196507
0.0194992
0.01954752
0.01901409
0.019164
0.01945841
0.0203267
0.02088536
0.02102058
0.01958553
0.01919971
0.01931682
0.019136
0.01877884
0.018188
0.018682
0.01951813
0.01917285
0.01946527
0.019495
0.01950003
0.01962654
0.020695
0.02085645
0.0203799
0.02172681
0.02372551
0.02297365
0.02218
0.02206989
0.02136
0.02180502
0.02117835
0.02160001
0.02197787
0.02150058
0.02162
0.02144742
0.021591
0.02194401
0.0217334
0.02122697
0.0209
0.0205113
0.01972994
0.01952541
0.01899364
0.018352
0.01875291
0.01885676
0.01863001
0.018745
0.01858664
0.018804
0.01972003
0.019093
0.01919512
0.01915895
0.01844004
0.01827829
0.01823001
0.01731644
0.01700553
0.01669611
0.01605
0.01463269
0.01594341
0.01565014
0.01476
0.01450001
0.01567324
0.01587054
0.015712
0.01529012
0.015477
0.01523277
0.01478958
0.01470099
0.01435001
0.01402201
0.01436
0.01413501
0.0143609
0.01351701
0.01349798
0.01259995
0.01282
0.01310014
0.01301079
0.0131908
0.013221
0.01247099
0.01266583
0.01261566
0.01224143
0.01184203
0.01107
0.011507
0.01116389
0.00999506
0.01027459
0.00963
0.008977
0.01033318
0.01091903
0.01062222
0.01089721
0.01049026
0.01064599
0.010921
0.01076511
0.01054682
0.01007653
0.010005
0.00988012
0.00996499
0.0096311
0.009575
0.009475
0.00876501
0.00774715
0.00808
0.007975
0.00804223
0.00765869
0.007695
0.00851328
0.00849
0.00833002
0.0082
0.00822048
0.00928
0.009745
0.01018516
0.011272
0.0108305
0.01130598
0.01152505
0.011595
0.01233044
0.01205061
0.01172708
0.01183501
0.01185899
0.011525
0.01131758
0.01154172
0.01154801
0.01183
0.01183701
0.01155999
0.01178682
0.01193999
0.01171993
0.01152501
0.01145395
0.011481
0.0114265
0.01146999
0.01104601
0.01082706
0.01068001
0.010803
0.01096206
0.01101004
0.011025
0.01087199
0.01074999
0.01107381
0.01136674
0.01126101
0.01140697
0.011343
0.01292041
0.0127406
0.01237207
0.01206999
0.01214
0.012148
0.01130003
0.01132921
0.01122001
0.01117
0.01104639
0.011751
0.01239751
0.012974
0.01327
0.01411201
0.01507501
0.0151
0.01456294
0.0150999
0.01525399
0.01528057
0.01442511
0.01481076
0.01742839
0.01815014
0.01902472
0.022877
0.02294994
0.02789999
0.03868
0.04168
0.035
0.04224002
0.0408
0.038094
0.04000001
0.04181135
0.0564
0.052548
0.05220508
0.04689399
0.0482251
0.05072
0.049803
0.045922
0.04623951
0.04370309
0.03819766
0.03877701
0.03969998
0.03618
0.03528362
0.037474
0.03609801
0.03615636
0.03569304
0.03810601
0.04249997
0.04012602
0.041501
0.04100496
0.04009989
0.04136
0.03925
0.03983678
0.03863579
0.03895548
0.03919504
0.03990015
0.03911949
0.041036
0.0472551
0.053457
0.0514001
0.05823999
0.05300004
0.05251799
0.05311562
0.06150021
0.0593
0.0604899
0.05839985
0.05209979
0.05060001
0.0492
0.04799003
0.0502
0.0495
