0.01535299
0.0160001
0.01620001
0.01599626
0.01820988
0.02000937
0.01959821
0.02370228
0.02856497
0.01567956
0.0148495
0.01685705
0.01587085
0.01593532
0.01456756
0.01324525
0.01340649
0.01435077
0.01351129
0.0141
0.01360679
0.01394949
0.0137224
0.01593049
0.01613011
0.01592797
0.01592675
0.01729845
0.01673255
0.0159471
0.01632944
0.01470046
0.01503974
0.0149
0.0154283
0.015415
0.01452191
0.01504965
0.01474355
0.0147026
0.01494
0.01525063
0.01517419
0.01465
0.01506229
0.015
0.01541967
0.01548973
0.01557392
0.0154503
0.01538705
0.01527039
0.01527
0.01506169
0.01433611
0.01349925
0.01305
0.01270001
0.01259141
0.01255897
0.01249895
0.01235833
0.01246586
0.01220108
0.01163707
0.01174432
0.01235671
0.01276
0.01271437
0.01266033
0.01230009
0.01242595
0.01234424
0.01226875
0.01219998
0.01235
0.01228769
0.01228065
0.01255899
0.01266
0.01238151
0.01232865
0.01232999
0.01234659
0.01242451
0.01248999
0.01233451
0.01228453
0.01227399
0.01275778
0.0125903
0.01277076
0.01258985
0.0126
0.01270324
0.01252512
0.01258828
0.0127747
0.01261662
0.01252474
0.01271733
0.01267499
0.01276978
0.01273146
0.01276355
0.01241174
0.01211994
0.0117999
0.011274
0.01146407
0.01156267
0.01148323
0.01146348
0.01132662
0.011149
0.01098825
0.01084239
0.01088622
0.01047001
0.01013645
0.01211785
0.012055
0.0116257
0.01172
0.01141359
0.01132386
0.009948
0.00995519
0.00945989
0.00928697
0.00919443
0.0089371
0.00919998
0.0095398
0.00968229
0.00961467
0.00957093
0.00957197
0.00968997
0.00957551
0.00956765
0.00962032
0.00969001
0.00968618
0.00965
0.00965871
0.00966384
0.01016301
0.01025864
0.00999393
0.00984304
0.00994
0.00958776
0.00950252
0.0093
0.00933996
0.00925323
0.00901768
0.00882982
0.0091601
0.00887732
0.00874
0.0087687
0.00851992
0.00828678
0.0082209
0.00804654
0.008186
0.00808402
0.0081801
0.00806936
0.0080385
0.00795114
0.00787262
0.00777078
0.00802911
0.00796993
0.00792883
0.00821556
0.00826174
0.00821899
0.00806442
0.00811153
0.00805792
0.00809998
0.00805862
0.00807354
0.00807799
0.00801
0.00803861
0.00787998
0.00789463
0.00790014
0.00793708
0.00793244
0.00800007
0.00801704
0.00804194
0.00815004
0.00800969
0.00786207
0.00788004
0.00791002
0.00804078
0.00786967
0.00802611
0.00794758
0.00792419
0.0078826
0.00793869
0.00837249
0.00813047
0.00818077
0.00807622
0.00821608
0.00817002
0.00818668
0.00821001
0.0081
0.00806012
0.00817894
0.00813
0.00811302
0.00803886
0.00803447
0.00797975
0.00801998
0.00796702
0.00783373
0.00785993
0.00779475
0.00775483
0.00763023
0.00768896
0.00788413
0.00787695
0.00789007
0.00810019
0.00789017
0.0079127
0.00787801
0.00785273
0.00792252
0.00780483
0.00788019
0.00793306
0.00785847
0.00787801
0.00788431
0.00783002
0.00788025
0.00783002
0.0079
0.00784999
0.0080584
0.0079506
0.00795002
0.0079
0.0079305
0.0079
0.00785217
0.00775652
0.00777684
0.0077205
0.00775151
0.007731
0.00775167
0.00771406
0.00772675
0.00771956
0.00775365
0.0076921
0.00775012
0.0077746
0.00786284
0.00779546
0.00775001
0.00777
0.00773899
0.00772006
0.00772825
0.00770429
0.00766748
0.00773
0.00766421
0.0077
0.00766681
0.00762
0.00762107
0.00764092
0.00759495
0.00761957
0.00758
0.00761945
0.00746786
0.00744168
0.00751369
0.00739935
0.00799455
0.00828
0.0087
0.00869001
0.00844702
0.00841985
0.00815047
0.00818463
0.0082662
0.00833913
0.00838
0.00827101
0.00838305
0.00873861
0.00860058
0.00889998
0.008492
0.00858083
0.00850871
0.00862853
0.00878577
0.00888133
0.00882103
0.00873858
0.00883767
0.00870004
0.00874276
0.00895445
0.00894
0.00899
0.00884689
0.008939
0.00902204
0.00936001
0.00860066
0.00854729
0.00857059
0.00869436
0.00877328
0.00874778
0.00861455
0.00841001
0.00835037
0.00845041
0.00829743
0.00819733
0.00822999
0.00838864
0.00831027
0.00785999
0.00753617
0.00753367
0.00754
0.00747501
0.00749751
0.00736099
0.007278
0.00717934
0.00727886
0.00665241
0.00620803
0.00646858
0.00640482
0.00645273
0.00636876
0.00633001
0.006355
0.00625146
0.00632586
0.00661444
0.0065
0.00667468
0.00664594
0.00664
0.00644
0.00639741
0.00636626
0.00635556
0.0063631
0.00629197
0.00633
0.00630264
0.006259
0.00625333
0.00618769
0.00618111
0.00615168
0.00618281
0.00622
0.00619669
0.00616856
0.00616895
0.00615288
0.00605001
0.00604359
0.00604577
0.00623508
0.00623493
0.00634961
0.00636112
0.00669254
0.00660822
0.00649425
0.00647011
0.00642052
0.00638306
0.00641639
0.00636877
0.0063254
0.00635518
0.00630812
0.00631492
0.00637161
0.0063088
0.00627055
0.00629432
0.00627692
0.0062633
0.00621479
0.00620969
0.00628789
0.00674961
0.00664501
0.0065864
0.00662265
0.0065756
0.00653405
0.00653069
0.0065764
0.0065926
0.0066785
0.00663002
0.00652494
0.00656302
0.00652633
0.00645899
0.00644507
0.00636931
0.00639038
0.00638134
0.0063976
0.00629999
0.00628568
0.00625933
0.00628119
0.00628165
0.00628149
0.00628991
0.00630746
0.006305
0.00633638
0.00632301
0.00634385
0.00634144
0.00635091
0.00637719
0.00634471
0.00636345
0.00636395
0.00631124
0.00625999
0.00628999
0.00624961
0.00625011
0.0062652
0.00624231
0.0062202
0.00619
0.00616922
0.00611041
0.00594067
0.00598521
0.00610828
0.00609752
0.00608
0.00606384
0.0060151
0.00602012
0.00603182
0.00600869
0.00605489
0.00589
0.00593164
0.0059132
0.00593249
0.00580933
0.00582471
0.00577848
0.00569286
0.00570755
0.00567931
0.0055803
0.005563
0.00560104
0.00554448
0.00549414
0.00546262
0.00548052
0.00539899
0.00533817
0.00534757
0.00532047
0.00533
0.00553853
0.0054685
0.00547664
0.0052807
0.00526894
0.00524541
0.00525071
0.00532716
0.0053026
0.0052185
0.00528364
0.00526914
0.0052937
0.00526
0.00529173
0.0052728
0.00522351
0.00519822
0.00517249
0.00505361
0.00511694
0.00506798
0.00462352
0.00461803
0.00475968
0.00476966
0.00479187
0.00473502
0.00475531
0.004676
0.0046867
0.00464941
0.00467
0.00463241
0.00467356
0.00466066
0.00460392
0.00456912
0.00436281
0.00427861
0.00503098
0.00493629
0.00477782
0.00472525
0.00469485
0.00461977
0.00467499
0.00455595
0.00449997
0.00449121
0.00450032
0.00442686
0.0040657
0.004227
0.00431652
0.0043839
0.00439928
0.00484974
0.00509176
0.00501704
0.00496374
0.00475475
0.00481838
0.00475051
0.00466753
0.00434529
0.00441212
0.00432265
0.00434521
0.00423555
0.00419011
0.00417224
0.00422272
0.00410109
0.004185
0.0042142
0.00419361
0.00422254
0.00443504
0.004197
0.00410941
0.00407369
0.00396692
0.00389867
0.00391232
0.00385803
0.00376053
0.00375021
0.00379307
0.00384637
0.00378132
0.00375704
0.00376509
0.0037962
0.00382697
0.00373779
0.00369939
0.003599
0.00359213
0.00346985
0.00342999
0.00344311
0.003315
0.003335
0.00337548
0.00329256
0.0032314
0.0031875
0.00312614
0.003185
0.003156
0.00314813
0.00312701
0.003198
0.00322623
0.00334665
0.0032773
0.00339244
0.0032399
0.00317477
0.003534
0.00337199
0.00342281
0.0037
0.0038539
0.00412754
0.00388791
0.00388808
0.0035
0.00377988
0.00387356
0.00438539
0.00423278
0.00423494
0.00392408
0.004029
0.0041586
0.007469
0.00659102
0.00693832
0.0075529
0.00749999
0.008
0.01097992
0.00909025
0.00835933
0.00905251
0.00769989
0.00817772
0.00793999
0.00962001
0.00946975
0.00993
0.00987483
0.00993241
0.00939959
0.0090948
0.00841834
0.00887798
0.00970424
0.0115
0.0123062
0.01205895
0.01216
0.01157884
0.01108372
0.01092006
0.01194901
0.01172903
0.01128383
0.01107694
0.01418535
0.01542623
0.01714666
