19.5
2.85000004
0.8019
2.29999999
1.82000002
1.255
1.29899998
0.8597
0.71230001
0.450727
0.33510335
0.4366
0.35509999
0.31403
0.25399499
0.20118
0.166211
0.15087896
0.154
0.12867
0.11698214
0.09336999
0.085866
0.08151818
0.0724
0.0768
0.10252598
0.13100003
0.1228
0.10421003
0.09435844
0.096503
0.093005
0.09132758
0.08310003
0.07680977
0.076705
0.07500102
0.06658402
0.063934
0.07056801
0.068949
0.065
0.06436425
0.06279
0.063775
0.0597049
0.056533
0.05165
0.05120002
0.04510035
0.04584072
0.04340985
0.04480589
0.04321119
0.055236
0.05625
0.053215
0.050931
0.04759617
0.046675
0.04954998
0.05200001
0.05241
0.04951
0.04813344
0.048964
0.04759464
0.04835442
0.0486
0.05225901
0.05212
0.05048701
0.051
0.05016406
0.05186801
0.05318666
0.052377
0.0534
0.05511002
0.05237774
0.04919091
0.04950001
0.0493333
0.04859442
0.0472999
0.04679502
0.04651114
0.04637001
0.04439
0.04195992
0.041678
0.04144999
0.04196001
0.04310632
0.0407
0.04034334
0.03880102
0.03793801
0.03768111
0.0371
0.03604011
0.03432344
0.033202
0.0335472
0.032964
0.03243786
0.03162012
0.03051013
0.032155
0.03332002
0.031555
0.03046101
0.02902598
0.02911
0.02846415
0.02667902
0.02428
0.02559999
0.02563201
0.0254
0.025167
0.03030029
0.03138026
0.0339371
0.031857
0.032833
0.03300011
0.03100101
0.031505
0.03081999
0.030835
0.03075528
0.03118801
0.033665
0.03286947
0.03890856
0.03620014
0.03636648
0.04116074
0.04408995
0.06560456
0.06741003
0.06840498
0.05880066
0.06579229
0.06409182
0.0682849
0.06488804
0.06144538
0.05107765
0.062
0.06068954
0.05920538
0.05797271
0.05626942
0.05501501
0.05208006
0.05106646
0.05241
0.04892774
0.05057905
0.05399512
0.0524157
0.054062
0.05118
0.0515
0.05517615
0.06099987
0.06225013
0.06013
0.05835051
0.05880246
0.05819922
0.0543
0.05490647
0.05558888
0.05420063
0.0547
0.05454892
0.056321
0.05839999
0.063883
0.072421
0.06940597
0.06319859
0.063175
0.060863
0.06453828
0.06643715
0.06883909
0.065076
0.06185882
0.05477261
0.05409
0.05151001
0.056465
0.05390973
0.05362986
0.0535
0.05128228
0.0504
0.04997465
0.05303587
0.05159996
0.05827901
0.0958
0.10441143
0.1086
