5.37
5.67
5.57
5.47
4.67
4.77
5.57
5.87
5.57
5.17
5.57
5.17
5.47
5.47
5.47
5.37
5.37
5.37
5.47
5.37
5.17
5.17
5.27
6.17
6.27
6.17
5.57
5.97
5.47
5.77
5.67
5.57
5.47
5.47
5.17
5.47
5.07
5.07
5.17
4.97
5.17
4.97
5.17
4.67
4.57
4.57
4.77
4.67
4.47
4.67
4.57
4.47
4.47
4.37
4.47
3.97
4.17
4.47
4.17
4.37
4.57
4.17
4.47
4.27
4.17
4.27
4.27
4.07
4.07
4.07
4.07
3.97
3.97
3.77
3.97
3.97
4.37
4.67
4.77
4.37
4.47
4.47
4.57
5.67
5.27
5.07
5.77
5.67
5.67
5.77
6.37
6.47
7.47
6.37
5.37
5.17
4.97
5.27
5.67
4.97
4.87
4.77
4.67
4.87
4.77
4.57
4.47
4.47
4.67
4.77
4.47
4.37
4.47
4.37
4.47
4.37
4.27
3.97
4.07
3.97
4.57
4.87
4.37
4.67
4.57
4.37
3.77
3.97
3.87
3.97
3.87
3.97
3.97
4.17
3.97
3.87
3.97
3.57
3.97
2.97
3.37
3.47
3.47
3.27
2.97
3.27
3.37
3.37
3.27
2.77
2.97
2.87
2.87
3.27
2.97
3.07
3.27
2.97
2.77
3.27
3.37
3.37
3.37
3.37
3.17
3.37
3.17
2.77
3.97
5.47
3.97
3.57
3.57
4.37
4.47
4.67
3.97
4.17
3.97
3.57
3.37
3.87
3.87
3.57
3.77
3.87
4.17
4.77
4.47
4.47
5.57
6.07
5.77
5.77
5.67
5.97
5.97
6.77
7.07
7.27
7.57
9.17
1.226
1.396
1.146
1.196
1.176
1.036
9.77
1.056
1.076
1.046
1.136
1.246
1.326
1.366
1.556
1.76
1.546
1.636
1.686
1.596
1.586
1.446
1.46
1.366
1.586
1.456
1.466
1.436
1.266
1.126
1.296
1.336
1.46
1.566
1.516
1.546
1.56
1.476
1.56
1.486
1.56
1.496
1.436
1.536
1.446
1.566
1.776
2.586
3.966
3.926
3.216
3.326
3.186
3.296
3.176
3.06
2.956
2.796
3.096
2.886
3.176
2.956
3.076
2.986
3.136
3.06
2.986
3.586
3.46
3.726
3.656
3.656
3.596
3.556
3.436
3.246
3.326
3.236
3.26
3.216
3.386
3.396
3.316
3.396
3.36
3.26
3.746
3.336
3.356
3.546
3.676
3.736
3.656
3.486
3.546
3.566
3.336
3.276
3.326
3.746
3.586
3.626
3.556
3.596
3.556
3.56
3.436
3.446
3.466
3.386
3.326
3.226
3.366
3.396
3.436
3.336
3.156
3.256
3.36
3.216
3.166
3.566
3.886
3.666
3.876
3.736
3.696
3.666
3.316
3.296
2.946
3.046
3.066
3.436
3.746
3.636
3.516
3.536
3.476
3.486
3.486
3.376
3.196
3.246
3.46
3.116
3.196
3.336
3.396
3.486
3.436
4.056
6.536
7.586
6.916
7.196
8.236
1.1555
1.1355
1.0865
1.7995
2.0025
1.6275
1.8465
1.5345
1.4825
1.6345
1.555
1.4175
1.3755
1.2115
1.2255
1.2355
1.2525
1.2475
1.4025
1.3265
1.235
1.235
1.1915
1.1325
1.1245
1.05
1.0865
1.0325
1.0415
1.0885
1.0335
1.0695
1.0125
1.015
1.0125
1.0055
1.035
1.0755
1.0385
9.126
9.136
9.186
9.166
9.096
8.476
8.416
9.346
9.326
9.676
1.1395
1.1165
1.1295
1.1135
1.0675
1.095
1.1245
1.1985
1.1195
1.0935
1.0585
9.526
1.0025
1.025
1.0095
1.0045
1.0455
1.0155
1.0185
9.866
9.76
9.676
9.596
9.266
9.466
9.356
9.246
9.086
9.986
9.466
9.436
9.416
9.656
9.326
9.486
9.066
8.736
8.496
8.486
8.526
9.16
8.936
8.746
8.576
8.456
8.186
7.696
7.716
6.686
7.056
7.196
7.056
7.06
6.976
7.096
7.166
6.546
6.396
6.316
5.716
7.166
6.326
6.656
6.686
6.226
6.26
5.956
6.086
6.076
5.956
5.856
5.696
5.726
5.936
5.936
5.66
5.716
5.426
4.886
5.346
5.186
5.246
5.036
5.336
5.336
5.556
5.26
5.796
5.836
5.426
5.786
6.736
6.866
6.516
6.06
5.96
5.296
5.356
5.296
5.286
5.326
5.216
4.976
4.956
4.836
4.836
4.976
5.06
5.116
5.16
4.996
4.86
4.486
4.436
4.596
4.346
4.236
4.446
4.36
4.176
4.296
4.476
4.336
4.276
4.396
4.386
4.596
4.566
4.86
4.666
4.696
4.156
4.126
3.626
3.946
4.056
4.046
3.626
3.636
3.836
3.946
3.816
3.426
3.296
3.426
3.146
3.576
3.76
3.896
3.786
4.06
3.966
4.346
4.366
4.436
4.626
4.56
4.436
3.886
4.036
4.036
4.056
4.036
4.036
3.996
4.316
5.066
5.756
5.426
5.226
5.616
5.756
5.386
5.576
6.266
6.766
6.896
6.216
5.796
6.486
6.216
6.286
6.426
6.976
6.896
6.686
6.726
7.076
6.886
6.826
6.486
6.016
6.016
5.646
5.736
5.856
5.576
5.516
5.526
5.416
6.06
6.436
6.946
6.976
7.756
8.696
8.556
8.946
7.976
7.446
8.036
8.36
8.066
8.956
9.356
8.96
9.396
1.0575
1.2055
1.4945
1.3535
1.415
1.5475
1.4335
1.485
1.3055
1.3945
1.265
1.2995
1.4325
1.3715
1.3895
1.6125
1.4795
1.7745
1.6155
1.5565
1.4055
1.4315
1.5725
1.6825
1.7495
1.645
1.7295
1.8015
1.875
2.15
2.0365
2.1885
2.3415
2.675
2.325
2.6735
2.5815
2.5785
2.745
2.9535
3.8835
3.5535
3.7255
3.6285
3.8315
3.7245
3.5845
3.545
4.155
4.6915
4.6295
6.275
7.3975
6.565
6.3085
6.0235
7.6135
7.1465
7.0645
6.8095
5.9195
6.6165
0.00011495
0.00010936
0.00010927
0.00011899
0.00012106
0.00011608
0.000107
