0.00194
0.00192696
0.00192476
0.00195199
0.00192261
0.00188297
0.00192002
0.00189528
0.00183194
0.00182341
0.00184082
0.00202982
0.00197508
0.00198443
0.00189437
0.00193692
0.00191515
0.00190972
0.001975
0.0019671
0.00212924
0.00207
0.00206758
0.00199798
0.00197203
0.00200198
0.00203508
0.00209631
0.00204012
0.0020325
0.00202287
0.00208684
0.00221564
0.00211513
0.00217279
0.00219895
0.00261712
0.00266214
0.00259984
0.00261997
0.00248181
0.00222961
0.00234502
0.00218013
0.00230996
0.0023468
0.002402
0.00236624
0.00231634
0.00236444
0.00253861
0.00244143
0.00240435
0.00238999
0.0020585
0.00221998
0.00220051
0.00207282
0.00209001
0.00207594
0.00201441
0.00203855
0.00201199
0.0020588
0.00202
0.00203332
0.00205
0.00210562
0.00207482
0.00212827
0.00212273
0.00208165
0.00206218
0.00197602
0.00200562
0.00210072
0.00218016
0.00223463
0.00215541
0.00215451
0.00215
0.00211444
0.00214694
0.0020464
0.00202257
0.002
0.00192899
0.00189509
0.00190115
0.00188052
0.00184824
0.00170582
0.00170219
0.00172884
0.00172055
0.00168555
0.00172534
0.00167697
0.00161713
0.0015985
0.001606
0.00158199
0.00154179
0.00162
0.00155979
0.00154828
0.00154721
0.001568
0.00158341
0.0015621
0.0015215
0.00148671
0.00147846
0.00147697
0.00142021
0.00140513
0.00143943
0.0013728
0.00139997
0.00148841
0.00143362
0.00138179
0.00130205
0.00129979
0.00123426
0.00111
0.00124799
0.00112351
0.00117
0.00117294
0.00132867
0.00123101
0.00136558
0.00143047
0.00130994
0.00133768
0.00126226
0.00134323
0.00131794
0.00126356
0.00123872
0.00124312
0.00121033
0.00119645
0.00121
0.00119924
0.00121844
0.00118288
0.00114229
0.00108498
0.00109496
0.00107991
0.00104222
0.00103876
0.00103011
0.00102379
0.00102
0.00114001
0.00111959
0.00106717
0.00103871
0.0010812
0.00104013
0.00101413
0.00104971
0.00107869
0.00120978
0.00119589
0.00113752
0.00108896
0.00106952
0.00102002
0.00115721
0.00112026
0.00108458
0.00104588
0.00106349
0.00106
0.00106825
0.00106647
0.00105642
0.0010454
0.00102815
0.00105001
0.00114123
0.00121729
0.00114571
0.00115114
0.00115622
0.00117882
0.001072
0.00107484
0.00109399
0.00109523
0.00107212
0.00112087
0.00112401
0.00113214
0.001175
0.0012737
0.00117293
0.00129832
0.00144
0.00126006
0.00134226
0.00140423
0.00158957
0.00153948
0.00148725
0.00150142
0.00154
0.00149009
0.00135915
0.00135543
0.00132012
0.00133696
0.00133889
0.00132835
0.00130289
0.00127701
0.00127353
0.00127157
0.00129088
0.00123664
0.00125141
0.00136668
0.00160188
0.0020771
0.00206062
0.00197961
0.00229239
0.00176025
0.00183376
0.00195462
0.00188188
0.00178252
0.00178218
0.00180116
0.00189909
0.00190483
0.00188569
0.00192332
0.00200979
0.00198952
0.001945
0.00194713
0.00258897
0.00267
0.0029999
0.00294987
0.00257137
0.00287
0.00302
0.00262762
0.0026027
0.00279958
0.00301369
0.00267899
0.00272516
0.00275006
0.00302008
0.00279918
0.00294816
0.00368886
0.00358999
0.00332143
0.00345855
0.00404086
0.0038406
0.00404566
0.00358672
0.00351324
0.00359755
0.00347078
0.00336911
0.00349977
0.00362004
0.0037124
0.003766
0.00357038
0.00357884
0.00362681
0.00294003
0.00269004
0.00259821
0.0024135
0.00223842
0.00244
0.002373
0.00232131
0.0022724
0.00242434
0.00260012
0.00255835
0.00240709
0.00217518
0.0022
0.0023021
0.00220664
0.00206044
0.00191007
0.00212222
0.00201383
0.00194151
0.00204589
0.00202428
0.00216858
0.00201588
0.00205175
0.00202417
0.00189562
0.0019209
0.0018541
0.00178336
0.00183824
0.00189999
0.0019277
0.00186164
0.00184009
0.0017995
0.00180994
0.00179247
0.00185023
0.001944
0.00213024
0.0022015
0.00213695
0.00204783
0.00201999
0.00192503
0.00189758
0.00181386
0.00175239
0.00167685
0.00170346
0.001748
0.0017
0.00172253
0.00165302
0.0016998
0.00174886
0.00172049
0.00175536
0.00171946
0.00194
0.00198549
0.0018959
0.001863
0.00182158
0.00202299
0.00211304
0.00205168
0.00237826
0.00268582
0.00244
0.00246747
0.0024156
0.00250927
0.00250577
0.00236879
0.0023392
0.00236499
0.0022575
0.00230953
0.00241718
0.00236066
0.00246045
0.00248818
0.002579
0.00250347
0.00258722
0.00288313
0.00297457
0.00297369
0.00299223
0.00292327
0.00306443
0.00297698
0.00295
0.00304954
0.00300005
0.00299503
0.00292855
0.00290419
0.00282676
0.002647
0.0026161
0.002813
0.00288363
0.00284498
0.00282246
0.0028
0.00297257
0.00285
0.00287989
0.00292
0.00292551
0.00279893
0.00274486
0.00277735
0.0032
0.00311788
0.00322476
0.00318843
0.00321637
0.00348488
0.00340758
0.00335722
0.00332332
0.00338732
0.00352559
0.00387247
0.00381357
0.00390228
0.00380717
0.0040024
0.00419024
0.0043488
0.00658352
0.00808998
0.00772051
0.00715994
0.00724181
0.009236
0.01642001
0.01466299
0.01475
0.01493
0.01398582
0.01770002
0.01810707
0.02204999
0.02284587
0.02030201
0.01923462
0.02037258
0.019981
0.019618
0.01757001
0.01648835
0.01803231
0.01721501
0.01564
0.014646
0.01596361
0.015505
0.0173
0.0185
0.01670974
0.01708041
0.01791883
0.01743814
0.01705
0.0154
0.01534301
0.01554271
0.01432
0.01379999
0.01201
0.0135622
0.01299
0.01254
0.01101298
0.0117
0.01116517
0.0111186
0.01219
0.011158
0.011354
0.01143771
0.01089
0.01084
0.01028398
0.00991001
0.0098299
0.010291
0.010504
0.01039202
0.01073439
0.00991999
0.009916
0.009812
0.009276
0.009082
0.00903345
0.008304
0.0071989
0.00788112
0.00726702
0.00646
0.0060508
0.0071209
0.00688
0.00712496
0.006972
0.00812687
0.00888998
0.008555
0.00852501
0.00952501
0.0104511
0.010111
0.01094
0.01034066
0.0087801
0.00914402
0.00894
0.00872
0.009028
0.00919299
0.010213
0.010621
0.01051503
0.010181
0.01038498
0.010829
0.010729
0.01037
0.011997
0.01127499
0.0105333
0.01071521
0.010126
0.01041392
0.009832
0.01026999
0.01010503
0.01028799
0.01003504
0.01027291
0.010345
0.01052
0.010772
0.01082929
0.010823
0.01055
0.01088203
0.01089594
0.01055
0.0099
0.010281
0.01042972
0.01075699
0.01083
0.01133764
0.0135582
0.01441301
0.01350432
0.013515
0.01429187
0.01403001
0.01569503
0.01547
0.01607
0.016005
0.01555999
0.01445069
0.014805
0.01513501
0.014751
0.014925
0.01474954
0.013597
0.01353
0.01308699
0.01289
0.01368165
0.01362651
0.01351394
0.01329
0.01303678
0.01319001
0.013304
0.01324755
0.01314425
0.01305011
0.01315
0.01391345
0.01375513
0.013796
0.01338
0.01345003
0.01297593
0.01251901
0.0121
0.01247999
0.01242053
0.01192478
0.012056
0.012246
0.012104
0.01221
0.01235
0.01228321
0.01292
0.013495
0.01275887
0.01277936
0.01269999
0.0124
0.01117807
0.01104544
0.01143899
0.010975
0.010129
0.010368
0.010194
0.01015187
0.01042801
0.01004199
0.010479
0.01089001
0.01083933
0.01204365
0.0121
0.01105099
0.010858
0.01097548
0.01184999
0.01253499
0.01375534
0.01468907
0.01430061
0.01522861
0.01905075
0.020456
0.02063602
0.022611
0.02152179
0.01907601
0.02047449
0.02108891
0.022485
0.02074525
0.0202
0.01854
0.01882187
0.02019995
0.019078
0.01866018
0.01915503
0.01780089
0.01755
0.01789737
0.017435
0.01631064
0.0164799
0.01770001
0.01740687
0.01823778
0.01761503
0.01804115
0.01834095
0.01754761
0.01765
0.0172395
0.01711133
0.01728638
0.01679211
0.01619991
0.016441
0.01621369
0.01613001
0.015685
0.0155497
0.01510001
0.01605005
0.01696718
0.01719507
0.01763477
0.01604597
0.015872
0.01687982
0.01701042
0.01839534
0.01841032
0.02085537
0.01775
0.01629998
0.01693898
0.01615603
0.0168846
0.015991
0.01589457
0.01614993
