6.7975
7.0845
6.85
6.8145
7.0995
6.75
6.75
6.8975
6.9845
7.3495
7.7175
7.2925
6.9935
7.1225
6.8165
7.0775
7.0395
7.15
7.055
7.1895
6.7915
6.6895
6.9975
6.8195
7.055
7.0855
6.5585
6.6025
7.0365
6.9095
6.695
6.8115
6.7995
6.3335
6.9025
6.7045
6.5125
5.95
5.8535
5.7465
6.0655
6.05
6.9635
6.5415
6.5015
6.7435
5.9635
6.3135
6.0025
6.05
5.675
6.1475
5.8025
6.1875
6.555
7.45
6.995
7.1925
7.0055
7.3365
7.4755
7.2695
7.685
7.5995
7.2095
7.1825
7.4095
7.315
7.0925
7.0065
7.2265
7.0525
7.1445
6.8985
6.7815
7.125
7.2695
6.9995
7.0435
7.0785
6.9175
6.7845
7.8935
7.1155
7.0195
7.3615
7.4595
7.4675
7.8495
7.2255
7.0445
7.2025
7.0955
6.95
7.1525
7.1515
6.9165
7.05
7.0945
7.1025
7.0685
7.1275
7.125
6.9325
6.9915
6.6095
6.2985
6.4425
6.475
6.4765
6.1045
6.0645
5.8285
5.8515
5.3935
5.2035
4.9485
4.7645
4.9945
4.6025
4.5395
4.3895
4.3955
4.3915
3.9915
3.7475
3.0175
3.0195
3.155
3.1455
3.1075
3.075
3.4035
4.2265
3.9895
3.9995
3.2525
3.2145
3.0155
3.2245
3.445
3.1415
3.1895
3.1055
2.9815
3.0735
3.0985
2.9715
2.8355
3.9225
3.5385
3.6835
4.1185
4.0945
3.8655
3.5785
3.6995
3.3555
3.3595
3.2825
2.9825
3.0215
4.05
3.4785
3.4055
3.2515
3.2845
2.8895
2.865
3.05
3.0325
3.0835
3.0715
2.9955
4.9755
3.5885
3.7795
3.5665
3.5165
3.3015
3.545
3.4855
3.75
3.6935
3.7685
3.7045
3.595
3.6015
3.8785
3.9895
3.5085
3.5575
3.6255
3.5145
3.6115
4.7855
4.7375
3.85
4.6525
4.7085
4.8995
4.7565
4.8785
5.2125
5.7825
5.5535
5.855
5.8855
5.9995
7.1735
7.3695
7.0055
7.4895
7.6755
7.7895
7.6935
7.3275
8.8785
9.2485
9.35
9.6955
9.05
9.2595
9.135
9.4155
9.1085
0.000123
0.00012886
0.00012548
0.00012763
0.00011623
0.00010153
0.00010589
0.00010213
8.6465
9.0655
9.0865
9.845
0.000105
0.00012674
0.00012483
0.00012713
0.00011252
0.0001105
0.00010589
0.00010801
0.0001174
0.00012595
0.00014302
0.000244
0.00020003
0.00021993
0.00022673
0.00025986
0.00024694
0.00026885
0.00021175
0.0002279
0.00019699
0.00020263
0.00019135
0.00019453
0.00021573
0.00019863
0.00020411
0.00021709
0.00022974
0.00024449
0.00026073
0.00023591
0.00021476
0.00021003
0.00020497
0.00021258
0.00021722
0.00019692
0.00020047
0.00019176
0.00019986
0.00020032
0.00021722
0.00022278
0.0002686
0.00023479
0.00022558
0.00022775
0.00019934
0.00020963
0.00020701
0.00020577
0.00020501
0.00020496
0.00020842
0.00020816
0.00019667
0.00019404
0.00018797
0.00018958
0.00019745
0.00014822
0.00014729
0.0001428
0.00015304
0.00014117
0.00013698
0.00013151
0.00013161
0.00012965
0.00013559
0.00012865
0.00012731
0.00011328
0.00011998
0.00012675
0.00012072
0.00012498
0.00012854
0.000142
0.00014697
0.000148
0.00014889
0.00016461
0.00019898
0.00021996
0.000201
0.00020049
0.00018661
0.00022601
0.00023039
0.00022775
0.00022761
0.00019089
0.00018835
0.00018736
0.00021158
0.00021889
0.00022647
0.00019253
0.0001867
0.00016383
0.00016706
0.00015894
0.00018
0.000186
0.00019505
0.00018238
0.00015841
0.00014105
0.00015349
0.00014549
0.000148
0.00013499
0.00013552
0.00012473
0.000124
0.00012713
0.000125
0.00014
0.00013396
0.00014502
0.00017072
0.00016997
0.00016548
0.0001517
0.00015932
0.00016568
0.00017355
0.00016598
0.00016695
0.0001645
0.00016658
0.00017356
0.000194
0.00018433
0.00017256
0.00018004
0.00017283
0.00019964
0.00020476
0.00019607
0.00021551
0.00020935
0.00020028
0.00022152
0.00021558
0.00019423
0.00019595
0.00018634
0.0002
0.00018807
0.00018795
0.00017614
0.00017864
0.00018101
0.00018615
0.00019793
0.00019782
0.00020164
0.00018709
0.00021051
0.000213
0.00021495
0.00022589
0.0002173
0.00021636
0.00022593
0.00021458
0.00020435
0.00020089
0.00020541
0.00020617
0.00020725
0.00021504
0.00020796
0.000205
0.00020473
0.00020906
0.00020313
0.00019536
0.00020656
0.00020397
0.000209
0.00020189
0.000205
0.000202
0.00019793
0.00021245
0.00020472
0.00020775
0.00020755
0.00020895
0.00028156
0.00023368
0.0002256
0.00022152
0.00023175
0.00022132
0.00024294
0.00025254
0.00032001
0.00030291
0.00033759
0.00032422
0.00031211
0.00029967
0.00028397
0.00026728
0.00030997
0.00029364
0.00027902
0.000284
0.00030487
0.00030733
0.00028275
0.0002919
0.00027353
0.00027001
0.00028087
0.00025667
0.00027433
0.00024693
0.0002441
0.00025696
0.00025571
0.00026049
0.00027269
0.00026875
0.00026356
0.00025495
0.00024373
0.00024537
0.00024589
0.00024361
0.0002378
0.00023
0.0002376
0.00023207
0.00024242
0.00025
0.00024431
0.00024642
0.00024301
0.0002469
0.00023931
0.00022829
0.00022014
0.00019706
0.00022691
0.00020302
0.00018603
0.00019401
0.00024347
0.0002265
0.0002428
0.00024535
0.00024195
0.00023575
0.00023177
0.00023229
0.00023628
0.00024
0.0002412
0.000248
0.0002323
0.00022458
0.00021218
0.00020289
0.00020593
0.00020343
0.00019444
0.00018805
0.0002035
0.00019041
0.00020021
0.00019089
0.00018845
0.000188
0.0002
0.00018616
0.00019437
0.00018008
0.00018479
0.00017448
0.00017098
0.0001648
0.00018878
0.00019892
0.00019157
0.00018677
0.00018965
0.00018299
0.00019
0.00017949
0.00019105
0.00018488
0.0001809
0.00017883
0.00017601
0.00017796
0.00016438
0.00014886
0.000147
0.0001486
0.00013598
0.000137
0.00012299
0.00010579
0.00013381
0.00013324
0.00013323
0.000125
0.00010889
0.00011267
0.00010858
0.00011566
0.00014024
0.00014242
0.00014989
0.00013794
0.00013336
0.00015467
0.00014948
0.00014897
0.00015084
0.00014971
0.00014906
0.00014623
0.00014771
0.00017001
0.000175
0.00016877
0.00016592
0.00016792
0.00017244
0.00016766
0.00015412
0.00015341
0.00015526
0.00016177
0.0001635
0.0001508
0.00014767
0.00012935
0.00013493
0.000132
0.00013536
0.000146
0.00013381
0.00012639
0.00012363
0.0001276
0.0001269
0.00012329
0.000121
0.00012865
0.00014002
0.00013803
0.00013499
0.00012097
0.00012568
0.00012283
0.00011344
0.00011444
0.0001459
0.00013816
0.00013493
0.00013674
0.00012621
0.00012808
0.00012258
0.00012024
0.00012024
0.00012075
0.00011954
0.00012076
0.00012944
0.00013076
0.00011942
0.00013114
0.0001181
0.00012344
0.00016899
0.000161
0.00013999
0.00014991
0.0001517
0.00015816
0.00014964
0.00014653
0.00015628
0.00017284
0.00019647
0.00020304
0.00019822
0.00020636
0.000182
0.00019881
0.00019399
0.00018
0.00023192
0.00021319
0.00021
0.000196
0.00020008
0.00020959
0.000195
0.00019729
0.00020184
0.00019269
0.00019976
0.00021672
0.0002166
0.00021874
0.00023198
0.00026783
0.00026251
0.00024945
0.00028301
0.00024
0.00027175
0.00030347
0.000314
0.00031867
0.00032999
0.00034475
0.0003125
0.00032454
0.00033182
0.00031723
0.00030935
0.0002982
0.00029392
0.00027363
0.00027965
0.00028722
0.00036162
0.0003591
0.00030451
0.00027944
0.00026163
0.00026188
0.0002678
0.00026833
0.00028392
0.00029066
0.00029871
0.00035205
0.00033999
0.00029373
0.00030318
0.00029387
0.00029364
0.00030369
0.00029832
