0.000907
0.0007649
0.00063
0.00054
0.00052
0.00052
0.00050003
0.00051001
0.00050424
0.00042
0.00044194
0.00042012
0.00063491
0.00057
0.00054229
0.00049
0.00048556
0.00043002
0.00045002
0.00049397
0.00048
0.00051201
0.00044436
0.00039138
0.00040462
0.00037114
0.00038
0.00040781
0.00035
0.00027987
0.00024744
0.00025004
0.00032
0.00036666
0.00032
0.0003395
0.00038857
0.00036018
0.00035442
0.00039992
0.00033932
0.00038926
0.00032493
0.00033846
0.00031001
0.00031501
0.00032001
0.00032726
0.00033702
0.00034726
0.00032
0.00027708
0.00028394
0.00025326
0.00025
0.00025752
0.0002998
0.0002527
0.00024468
0.00021729
0.00025549
0.00024875
0.00024
0.00022871
0.00023703
0.00022025
0.00023
0.00017987
0.00018368
0.00017209
0.00017994
0.00025
0.00022
0.0002169
0.000294
0.0004816
0.00067
0.00151
0.00121207
0.00108074
0.00086002
0.00087777
0.00111114
0.0010646
0.00100625
0.00092027
0.001065
0.00106999
0.00137799
0.00154352
0.00150442
0.00134824
0.00143056
0.00142234
0.00122
0.00167539
0.00176676
0.00161869
0.00167784
0.00285
0.00275096
0.00260113
0.00262002
0.00232998
0.00250817
0.00243974
0.00230002
0.00221714
0.00243227
0.00262694
0.00261023
0.002535
0.00242302
0.00326133
0.00315004
0.00276244
0.0026013
0.00263002
0.00235994
0.00238126
0.00201876
0.0022873
0.00281013
0.00263926
0.00262724
0.0025456
0.002631
0.00256987
0.00296997
0.00310004
0.00294008
0.00270931
0.00273926
0.00273977
0.00281761
0.0024798
0.00249012
0.00247433
0.00234518
0.00227
0.00220117
0.0022785
0.00253997
0.00248561
0.00231102
0.00236931
0.00246357
0.00227503
0.00220348
0.00235979
0.00261606
0.0029245
0.00400926
0.00507792
0.0058
0.00747494
0.0066
0.0058126
0.00561
0.005699
0.00589119
0.00488385
0.00515819
0.00458981
0.0039217
0.00367005
0.00427001
0.00385904
0.00413824
0.00431
0.00445981
0.0043098
0.00437404
0.00441
0.00395374
0.00405576
0.0042994
0.00414443
0.004077
0.00399714
0.00378846
0.00395851
0.0039
0.003795
0.00363121
0.00359051
0.00362734
0.00354146
0.00289816
0.00277007
0.002662
0.00307376
0.0030149
0.00286336
0.00326861
0.0034181
0.00327959
0.00320553
0.00302
0.00280105
0.00282
0.00290495
0.00281949
0.00261609
0.00239971
0.00254569
0.00241458
0.00235867
0.00252733
0.002659
0.00272236
0.00244804
0.00253
0.00255913
0.00231613
0.00235469
0.002375
0.00221763
0.00229567
0.00233599
0.00243976
0.00240027
0.00234824
0.0023011
0.00240144
0.00237748
0.00233486
0.00254925
0.0025129
0.00246609
0.0025803
0.00240061
0.00231686
0.00212656
0.00199215
0.00174541
0.00139594
0.00151285
0.00161
0.00155992
0.00169553
0.00187999
0.00172697
0.00167703
0.00166819
0.00165236
0.0017
0.0016629
0.00172063
0.00169239
0.00160361
0.00142887
0.00142644
0.00157799
0.00141918
0.00131579
0.001286
0.00199001
0.00156734
0.00157949
0.00160917
0.00179517
0.00161025
0.00154193
0.00162
0.00170065
0.001776
0.00204424
0.00231589
0.00210557
0.00219247
0.00193466
0.00219998
0.00215423
0.00214548
0.00202005
0.00204191
0.00202308
0.00207985
0.00230854
0.00216367
0.00217863
0.00221232
0.00238028
0.00245377
0.00242358
0.00247958
0.00237437
0.00238418
0.00235339
0.00230925
0.0024446
0.00239664
0.0023
0.0022987
0.00215284
0.0021615
0.00221391
0.00266999
0.00273
0.00272636
0.00262757
0.00263967
0.0026011
0.00266001
0.00277898
0.0026885
0.002664
0.00327143
0.0039694
0.00419566
0.00404004
0.00385583
0.00366431
0.00382076
0.003831
0.00372
0.00391662
0.00379112
0.00370501
0.00381212
0.00409414
0.00486
0.00539899
0.00519001
0.00489798
0.00478593
0.00479359
0.00523027
0.00621234
0.00565738
0.005783
0.00589166
0.00554003
0.00462011
0.0047
0.00489156
0.0047966
0.00464883
0.00464637
0.00464228
0.00461905
0.00532862
0.00626987
0.00569255
0.0057349
0.00543433
0.0053877
0.00557798
0.00540613
0.00542991
0.00509831
0.00517918
0.00514785
0.00494901
0.00528167
0.00507
0.00484329
0.00506151
0.00495678
0.00480768
0.00468999
0.00388252
0.00383771
0.0037275
0.00422
0.00419999
0.00415517
0.00384874
0.00390917
0.00381109
0.00393728
0.00389089
0.00398778
0.00427998
0.00410001
0.00403851
0.00391143
0.0037
0.0040475
0.0040219
0.00414127
0.0042002
0.00399535
0.00409999
0.00419499
0.00398007
0.00392544
0.003782
0.00336579
0.00290703
0.00316752
0.00306
0.00275582
0.00260627
0.00292048
0.00292921
0.00295
0.00282691
0.00368972
0.0035989
0.00320404
0.00304297
0.00312498
0.00318242
0.00304005
0.00309537
0.00298253
0.00281918
0.00289497
0.00303146
0.00301893
0.00302546
0.00302579
0.00297
0.00308451
0.00300244
0.00299955
0.00300099
0.0029917
0.00301787
0.00312
0.00292669
0.0027594
0.00270867
0.0027584
0.00257788
0.00253124
0.00244901
0.0024684
0.00247082
0.00249023
0.0024451
0.00268905
0.00271108
0.00312
0.003103
0.00311
0.00312448
0.00315083
0.003417
0.003849
0.00363976
0.00315171
0.00287553
0.00262827
0.0028226
0.00276307
0.0026933
0.0026374
0.00259408
0.00279
0.00285959
0.00312472
0.00290776
0.00292895
0.00299457
0.00319591
0.00321756
0.00320388
0.00313402
0.00325782
0.00321886
0.0031886
0.0032
0.00348981
0.00336643
0.00341008
0.0034
0.00361313
0.00338412
0.00341705
0.00334294
0.003183
0.00314709
0.00338999
0.00364861
0.00362739
0.00359953
0.00355962
0.003541
0.00360698
0.00369999
0.00375413
0.00351365
0.00348932
0.00334627
0.00347276
0.00335843
0.00346739
0.00343338
0.00362648
0.00343174
0.00337591
0.00328
0.00339428
0.00332299
0.003297
0.00337322
0.00340744
0.003139
0.00317043
0.00306294
0.00312718
0.00272101
0.00268848
0.00265097
0.00251696
0.00244825
0.00253709
0.00249701
0.00245252
0.00249495
0.00261987
0.00238646
0.00238672
0.00241768
0.00245286
0.00249951
0.00249854
0.0024502
0.00241339
0.00246993
0.00259
0.00283211
0.00324636
0.00301728
0.00313126
0.00368073
0.00351091
0.00347
0.00347398
0.00337399
0.00325478
0.00333544
0.003628
0.00398943
0.00356149
0.00366111
0.00346002
0.0039
0.0040299
0.00372113
0.00357016
0.00368548
0.0036211
0.00369028
0.00367109
0.0038
0.00373181
0.00361651
0.003914
0.0037615
0.00392035
0.00384259
0.00405323
0.00410324
0.00408003
0.00464287
0.00526116
0.00514
0.00590098
0.00559631
0.00533003
0.0053371
0.0051799
0.00547382
0.00537499
0.00533438
0.00518039
0.0054214
0.00568573
0.006191
0.00599998
0.00548981
0.00514328
0.00502959
0.00538404
0.00551428
0.00619
0.00624
0.00577952
0.00499898
0.00481083
0.00501148
0.005236
0.0048
0.00487694
0.00516
0.00470101
0.00481585
0.00478957
0.00525177
0.00488599
0.0053001
0.00546148
0.00615202
0.006913
