4.52
4.52
4.5
4.49
4.48
4.46
4.47
4.46
4.47
4.48
4.49
4.5
4.5
4.49
4.49
4.49
4.5
4.5
4.49
4.5
4.5
4.5
4.5
4.4994
4.495
4.52
4.53
4.54
4.55
4.57
4.55
4.58
4.58
4.58
4.5731
4.5501
4.56
4.56
4.56
4.56
4.54
4.52
4.51
4.51
4.5
4.5
4.49
4.5
4.49
4.48
4.48
4.485
4.46
4.48
4.48
4.48
4.49
4.4709
4.47
4.47
4.47
4.4899
4.48
4.47
4.47
4.4702
4.47
4.47
4.4802
4.48
4.496
4.5
4.4901
4.495
4.49
4.49
4.4955
4.4901
4.5
4.5
4.51
4.526
4.5499
4.545
4.54
4.52
4.52
4.512
4.51
4.51
4.51
4.5125
4.51
4.51
4.5
4.51
4.51
4.52
4.52
4.51
4.51
4.5053
4.5
4.505
4.5
4.51
4.51
4.52
4.5301
4.52
4.54
4.55
4.5651
4.56
4.54
4.53
4.53
4.548
4.54
4.531
4.55
4.53
4.54
4.52
4.5201
4.53
4.54
4.54
4.52
4.52
4.5137
4.53
4.51
4.52
4.51
4.51
4.51
4.51
4.51
4.51
4.5104
4.51
4.51
4.51
4.51
4.51
4.515
4.52
4.52
4.52
4.51
4.51
4.51
4.51
4.51
4.5
4.5
4.5
4.51
4.5
4.5
4.505
4.51
4.51
4.51
4.51
4.5
4.5
4.51
4.5
4.5
4.5
4.4901
4.49
4.5
4.49
4.48
4.49
4.48
4.48
4.49
4.49
4.49
4.49
4.49
4.49
4.49
4.485
4.486
4.48
4.49
4.4899
4.48
4.48
4.48
4.48
4.49
4.4836
4.49
4.4848
4.49
4.4838
4.485
4.49
4.4801
4.48
4.48
4.49
4.48
4.48
4.485
4.49
4.49
4.49
4.48
4.49
4.5
4.4939
4.5479
4.52
4.51
4.5001
4.5
4.5
4.5
4.495
4.5
4.495
4.48
4.495
4.49
4.49
4.48
4.49
4.48
4.49
4.495
4.495
4.495
4.496
4.49
4.49
4.49
4.5
4.49
4.4882
4.4871
4.48
4.48
4.49
4.49
4.52
4.505
4.505
4.505
4.505
4.49
4.49
4.49
4.49
4.481
4.48
4.5
4.49
4.5
4.49
4.4901
4.49
4.4999
4.4999
4.5
4.5
4.4901
4.49
4.49
4.5
4.48
4.49
4.48
4.49
4.48
4.49
4.48
4.49
4.48
4.49
4.4801
4.48
4.4801
4.4801
4.488
4.48
4.45
4.45
4.4529
4.465
4.48
4.4701
4.47
4.46
4.4771
4.46
4.46
4.46
4.46
4.465
4.476
4.476
4.48
4.49
4.48
4.49
4.49
4.5
4.49
4.495
4.49
4.495
4.485
4.49
4.4818
4.4839
4.49
4.495
4.49
4.48
4.47
4.45
4.45
4.4218
4.43
4.44
4.47
4.5
4.505
4.5
4.5
4.5
4.49
4.4701
4.47
4.44
4.47
4.465
4.4601
4.465
4.46
4.47
4.4656
4.46
4.45
4.44
4.45
4.46
4.45
4.46
4.47
4.46
4.46
4.46
4.45
4.4617
4.45
4.44
4.45
4.44
4.4473
4.44
4.46
4.455
4.47
4.48
4.484
4.48
4.47
4.47
4.47
4.45
4.45
4.46
4.469
4.46
4.48
4.49
4.48
4.48
4.484
4.49
4.48
4.47
4.47
4.475
4.47
4.47
4.47
4.48
4.47
4.475
4.47
4.475
4.475
4.47
4.47
4.47
4.47
4.47
4.47
4.47
4.475
4.47
4.475
4.47
4.47
4.47
4.47
4.451
4.45
4.45
4.45
4.46
4.4692
4.4602
4.4901
4.45
4.4567
4.47
4.45
4.45
4.45
4.45
4.44
4.46
4.46
4.45
4.46
4.45
4.45
4.45
4.45
4.45
4.45
4.4534
4.4475
4.45
4.45
4.45
4.45
4.455
4.45
4.45
4.45
4.45
4.45
4.4501
4.45
4.46
4.46
4.46
4.48
4.48
4.485
4.485
4.48
4.485
4.48
4.485
4.485
4.485
4.48
4.48
4.49
4.48
4.48
4.485
4.48
4.48
4.45
4.45
4.44
4.44
4.44
4.44
4.44
4.44
4.45
4.45
4.4484
4.45
4.45
4.46
4.46
4.47
4.48
4.46
4.4532
4.4514
4.46
4.45
4.45
4.46
4.45
4.4536
4.44
4.44
4.45
4.45
4.46
4.44
4.46
4.46
4.45
4.45
4.45
4.44
4.44
4.44
4.44
4.44
4.44
4.4422
4.45
4.44
4.44
4.46
4.47
4.45
4.45
4.45
4.45
4.44
4.45
4.46
4.46
4.4656
4.45
4.45
4.45
4.45
4.453
4.45
4.45
4.45
4.45
4.4416
4.4416
4.44
4.45
4.45
4.45
4.45
4.45
4.45
4.45
4.44
4.4492
4.44
4.43
4.43
4.4413
4.4445
4.44
4.4493
4.44
4.45
4.44
4.44
4.44
4.44
4.4416
4.45
4.43
4.43
4.44
4.44
4.445
4.44
4.44
4.44
4.45
4.44
4.44
4.45
4.4
4.41
4.43
4.42
4.44
4.44
4.44
4.4679
4.45
4.44
4.45
4.47
4.47
4.46
4.45
4.45
4.46
4.45
4.45
4.4301
4.44
4.46
4.46
4.46
4.45
4.445
4.44
4.43
4.43
4.4302
4.43
4.45
4.44
4.45
4.46
4.469
4.46
4.47
4.4701
4.47
4.47
4.46
4.46
4.4433
4.44
4.44
4.4499
4.44
4.44
4.44
4.45
4.44
4.45
4.43
4.43
4.44
4.44
4.44
4.44
4.43
4.43
4.43
4.43
4.4
4.42
4.4
4.4
4.41
4.4
4.41
4.4099
4.4
4.41
4.405
4.38
4.39
4.4
4.39
4.4
4.39
4.39
4.42
4.44
4.43
4.44
4.447
4.4374
4.45
4.449
4.43
4.43
4.43
4.43
4.43
4.43
4.42
4.42
4.42
4.42
4.42
4.43
4.42
4.42
4.42
4.43
4.42
4.42
4.42
4.42
4.42
4.43
4.43
4.42
4.42
4.42
4.42
4.42
4.42
4.42
4.42
4.424
4.42
4.42
4.43
4.42
4.42
4.47
4.45
4.45
4.46
4.45
4.46
4.46
4.46
4.46
4.46
4.45
4.46
4.47
4.45
4.45
4.47
4.47
4.47
4.46
4.46
4.46
4.45
4.45
4.43
4.45
4.45
4.45
4.44
4.465
4.45
4.45
4.45
4.45
4.46
4.45
4.46
4.44
4.45
4.44
4.4408
4.44
4.44
4.44
4.44
4.44
4.46
4.45
4.46
4.45
4.45
4.4514
4.45
4.45
4.44
4.45
4.45
4.45
4.45
4.4525
4.45
4.45
4.44
4.44
4.44
4.44
4.44
4.47
4.4697
4.45
4.45
4.45
4.45
4.45
4.47
4.47
4.46
4.46
4.47
4.47
4.48
4.47
4.465
4.47
4.47
4.47
4.4778
4.47
4.47
4.47
4.47
4.47
4.47
4.48
4.47
4.47
4.4725
4.47
4.47
4.47
4.46
4.46
4.47
4.46
4.46
4.47
4.4632
4.465
4.47
4.47
4.47
4.47
4.47
4.47
4.47
4.46
4.46
4.47
4.46
4.4734
4.46
4.46
4.47
4.47
4.47
4.47
4.47
4.475
4.47
4.475
4.47
4.47
4.46
4.46
4.46
4.46
4.46
4.46
4.45
4.46
4.45
4.4597
4.46
4.45
4.45
4.44
4.44
4.44
4.45
4.44
4.46
4.46
4.46
4.48
4.4655
4.47
4.47
4.4745
4.4832
4.4938
4.4916
4.5
4.5
4.5
4.5
4.5
4.5178
4.51
4.5599
4.572
4.58
4.5898
4.58
4.53
4.55
4.5431
4.55
4.53
4.52
4.5095
4.51
4.51
4.52
4.52
4.53
4.54
4.54
4.54
4.5452
4.52
4.52
4.53
4.54
4.54
4.53
4.53
4.53
4.52
4.53
4.53
4.535
4.53
4.53
4.53
4.54
4.54
4.54
4.54
4.55
4.55
4.55
4.5527
4.54
4.54
4.5331
4.53
4.54
4.53
4.54
4.53
4.53
4.5496
4.55
4.54
4.5496
4.5499
4.55
4.55
4.555
4.55
4.56
4.55
4.55
4.55
4.55
4.55
4.55
4.565
4.57
4.59
4.59
4.5999
4.6
4.62
4.6261
4.625
4.6
4.6
4.605
4.61
4.6
4.6001
4.61
4.6
4.5963
4.6
4.595
4.59
4.59
4.59
4.59
4.595
4.59
4.6
4.5967
4.6
4.598
4.59
4.6
4.595
4.595
4.6
4.6
4.6
4.6
4.6
4.595
4.6
4.595
4.6
4.595
4.5959
4.595
4.5999
4.61
4.6
4.62
4.62
4.62
4.63
4.65
4.65
4.646
4.65
4.65
4.6522
4.65
4.65
4.66
4.665
4.6601
4.67
4.66
4.665
4.67
4.69
4.7
4.695
4.7
4.69
4.67
4.67
4.6792
4.675
4.67
4.675
4.6791
4.68
4.67
4.67
4.67
4.6748
4.68
4.6869
4.68
4.68
4.67
4.6791
4.67
4.68
4.7
4.7
4.697
4.685
4.68
4.68
4.69
4.69
4.6929
4.685
4.685
4.69
4.68
4.69
4.69
4.7
4.7
4.69
4.69
4.69
4.68
4.69
4.68
4.695
4.69
4.7
4.69
4.685
4.68
4.69
4.6831
4.68
4.68
4.68
4.685
4.685
4.68
4.68
4.68
4.675
4.675
4.69
4.6811
4.6899
4.68
4.69
4.6956
4.6999
4.69
4.69
4.69
4.681
4.68
4.69
4.68
4.68
4.68
4.68
4.685
4.69
4.69
4.6807
4.685
4.69
4.685
4.68
4.6899
4.685
4.69
4.685
4.685
4.69
4.685
4.69
4.69
4.69
4.71
4.7101
4.73
4.72
4.7261
4.727
4.735
4.74
4.731
4.7369
4.738
4.74
4.739
4.735
4.73
4.74
4.749
4.748
4.75
4.7498
4.745
4.74
4.745
4.75
4.75
4.75
4.77
4.77
4.77
4.766
4.7692
4.77
4.76
4.76
4.7614
4.77
4.77
4.77
4.765
4.7647
4.765
4.765
4.77
4.77
4.785
4.7947
4.7999
4.7942
4.8
4.8
4.7984
4.805
4.81
4.81
4.8
4.8
4.805
4.7933
4.8
4.8
4.799
4.8
4.8
4.79
4.79
4.795
4.7373
4.7392
4.7136
4.74
4.74
4.757
4.7608
4.78
4.79
4.7911
4.8
4.84
4.8453
4.86
4.84
4.85
4.8517
4.86
4.87
4.88
4.89
4.86
4.8501
4.88
4.89
4.9
4.8967
4.93
4.9398
4.9378
4.89
4.88
4.86
4.8799
4.88
4.87
4.86
4.815
4.81
4.8
4.79
4.794
4.7616
4.76
4.77
4.78
4.81
4.8
4.79
4.795
4.79
4.78
4.75
4.67
4.69
4.68
4.7
4.7
4.73
4.72
4.72
4.73
4.73
4.73
4.74
4.75
4.75
4.75
4.77
4.77
4.76
4.77
4.78
4.78
4.8
4.8018
4.79
4.82
4.82
4.82
4.82
4.82
4.81
4.825
4.8399
4.8401
4.85
4.82
4.82
4.81
4.78
4.72
4.72
4.77
4.73
4.73
4.73
4.748
4.73
4.73
4.72
4.71
4.7102
4.72
4.725
4.74
4.74
4.7399
4.75
4.75
4.75
4.74
4.7501
4.74
4.74
4.75
4.78
4.77
4.78
4.77
4.78
4.77
4.7999
4.78
4.81
4.8
4.8016
4.82
4.82
4.82
4.83
4.82
4.8135
4.83
4.82
4.82
4.8246
4.83
4.82
4.83
4.83
4.8212
4.83
4.83
4.83
4.8278
4.825
4.83
4.85
4.84
4.84
4.845
4.85
4.84
4.835
4.76
4.78
4.79
4.79
4.8
4.8
4.8
4.8
4.76
4.78
4.7946
4.8
4.81
4.81
4.79
4.79
4.8
4.79
4.79
4.76
4.7898
4.78
4.785
4.75
4.77
4.77
4.78
4.71
4.715
4.73
4.74
4.74
4.78
4.762
4.7734
4.77
4.7601
4.78
4.7701
4.79
4.78
4.7986
4.7962
4.77
4.77
4.7768
4.7882
4.78
4.78
4.78
4.78
4.78
4.78
4.79
4.78
4.76
4.76
4.78
4.78
4.79
4.79
4.77
4.78
4.78
4.7849
4.785
4.7867
4.785
4.79
4.79
4.8
4.8
4.8
4.8
4.8
4.8
4.8
4.8
4.8
4.8
4.8
4.8
4.8
4.8
4.8
4.8
4.81
4.82
4.82
4.8001
4.8158
4.83
4.83
4.84
4.845
4.85
4.85
4.85
4.85
4.86
4.86
4.86
4.86
4.85
4.85
4.865
4.87
4.8601
4.87
4.87
4.88
4.88
4.87
4.87
4.87
4.88
4.9
4.87
4.97
5.04
4.9804
4.95
4.9828
4.98
4.99
4.99
4.99
4.9957
4.9801
4.98
4.9797
4.9586
4.94
4.995
4.9801
5.0
4.99
4.99
4.9574
4.95
4.95
4.95
4.95
4.94
4.93
4.91
4.95
4.96
4.9
4.95
4.9
4.93
4.91
4.9
4.9
4.8502
4.8601
4.8503
4.8899
4.86
4.87
4.85
4.8621
4.87
4.87
4.86
4.87
4.86
4.8699
4.88
4.865
4.85
4.86
4.87
4.85
4.8686
4.85
4.81
4.8399
4.84
4.8573
4.85
4.86
4.855
4.85
4.86
4.85
4.87
4.86
4.84
4.8699
4.86
4.87
4.87
4.875
4.87
4.88
4.88
4.885
4.88
4.8668
4.87
4.87
4.87
4.88
4.8918
4.885
4.899
4.895
4.89
4.9
4.91
4.91
4.92
4.92
4.9473
4.92
4.895
4.88
4.88
4.89
4.89
4.88
4.84
4.84
4.85
4.86
4.86
4.88
4.87
4.8899
4.88
4.87
4.89
4.875
4.87
4.87
4.88
4.85
4.85
4.8699
4.87
4.88
4.88
4.88
4.88
4.88
4.88
4.8799
4.8691
4.88
4.89
4.89
4.8999
4.89
4.89
4.89
4.9
4.91
4.91
4.88
4.89
4.9
4.91
4.91
4.91
4.93
4.93
4.92
4.92
4.93
4.91
4.9299
4.9201
4.93
4.9202
4.92
4.85
4.8799
4.88
4.88
4.89
4.88
4.9
4.9
4.9
4.9
4.9
4.895
4.9
4.89
4.9
4.9
4.9
4.9
4.89
4.8901
4.8999
4.88
4.88
4.9
4.9
4.8916
4.8999
4.9
4.8925
4.895
4.89
4.8999
4.8999
4.9
4.8937
4.9
4.89
4.9
4.9
4.9
4.895
4.9
4.91
4.92
4.92
4.9101
4.93
4.9399
4.93
4.93
4.94
4.94
4.9405
4.93
4.935
4.93
4.94
4.94
4.95
4.95
4.9499
4.95
4.95
4.95
4.94
4.94
4.95
4.9465
4.95
4.95
4.95
4.95
4.9499
4.95
4.95
4.95
4.95
4.9499
4.9499
4.9499
4.9501
4.96
4.9699
4.99
4.99
5.0
4.99
4.991
4.9916
4.99
4.9999
4.995
4.99
4.9999
5.0
5.0
5.0
4.9984
5.0
5.005
5.0
5.0
5.01
5.0
5.01
5.01
5.01
5.01
5.01
5.01
5.02
5.0199
5.0
4.98
4.9999
5.0
5.01
5.01
5.01
5.0
5.01
5.0
5.01
5.0
5.0
5.0
5.0
5.0
5.07
5.0879
5.075
5.0544
5.01
5.01
4.98
5.0
4.96
4.9492
4.94
4.97
4.96
4.97
4.96
4.91
4.96
4.93
4.9282
4.93
4.93
4.99
4.97
4.96
4.97
4.99
5.0
4.98
4.95
4.965
4.95
4.92
4.93
4.94
4.93
4.9321
4.945
4.95
4.94
4.949
4.9493
4.9488
4.945
4.95
4.97
4.98
4.985
4.98
4.96
4.95
4.91
4.923
4.92
4.92
4.92
4.92
4.93
4.9224
4.92
4.92
4.9199
4.9126
4.94
4.94
4.9367
4.94
4.94
4.93
4.93
4.93
4.92
4.93
4.925
4.93
4.9149
4.915
4.91
4.91
4.92
4.92
4.93
4.93
4.9311
4.935
4.94
4.94
4.93
4.93
4.93
4.93
4.93
4.93
4.95
4.9699
4.96
4.96
4.96
4.945
4.93
4.94
4.93
4.94
4.945
4.93
4.93
4.93
4.92
4.935
4.9301
4.94
4.941
4.95
4.95
4.95
4.96
4.955
4.9401
4.95
4.9539
4.96
4.96
4.94
4.95
4.96
4.95
4.95
4.95
4.97
4.97
4.97
4.94
4.94
4.94
4.95
4.95
4.955
4.95
4.96
4.9601
4.96
4.97
4.97
4.99
4.9999
4.99
5.0
5.0
5.0
5.0
4.985
4.99
4.98
4.985
4.97
4.98
4.99
4.9799
4.98
4.97
4.99
4.9952
4.99
4.98
4.98
4.98
4.97
4.9799
4.97
4.98
4.9899
4.99
4.9999
4.995
4.99
4.9999
5.0
4.99
5.0
5.0
5.0
5.0
4.99
4.98
4.98
4.98
4.985
4.9789
4.98
4.99
4.99
4.98
4.985
4.98
4.9747
4.97
4.99
4.98
4.99
4.985
4.9801
4.974
4.97
4.98
4.98
4.98
4.98
4.96
4.98
4.98
4.9785
4.99
4.995
5.0
5.0
4.99
5.0
5.0
5.01
5.01
4.98
4.98
4.98
4.98
4.97
4.98
4.98
4.98
5.0
5.0
5.01
5.005
5.01
5.01
5.01
5.01
5.0193
5.02
5.03
5.03
5.0269
5.02
5.025
5.03
5.02
5.03
5.03
5.01
5.0
5.02
5.02
5.02
5.02
5.02
5.02
5.02
5.0
5.0
5.0
4.9699
4.94
4.97
4.96
4.97
4.99
4.99
5.0
4.98
4.96
4.92
4.975
4.97
4.95
4.95
4.9209
4.96
4.96
4.98
4.96
4.96
4.97
4.97
4.97
4.97
4.97
4.95
4.95
4.95
4.95
4.95
4.97
4.95
4.94
4.95
4.93
4.93
4.92
4.95
4.9398
4.94
4.94
4.91
4.93
4.93
4.92
4.92
4.92
4.93
4.92
4.92
4.92
4.92
4.92
4.94
4.9273
4.92
4.91
4.92
4.92
4.92
4.93
4.93
4.92
4.92
4.93
4.93
4.95
4.95
4.96
4.96
4.96
4.96
4.9501
4.96
4.96
4.9599
4.96
4.96
4.96
4.96
4.96
4.98
4.98
4.97
4.98
4.97
4.98
4.98
4.97
4.98
4.975
4.97
4.97
4.98
4.99
4.98
4.99
4.99
4.98
4.98
4.99
4.99
5.0
5.0
5.0
5.0
4.99
5.0
4.99
5.0
4.98
4.98
4.98
4.98
5.0
5.0
5.0
5.0
5.0
4.99
4.99
5.0
4.995
5.0
5.0
5.0
4.993
5.0
5.0
4.995
5.0
5.0
5.0
5.0
4.995
4.99
5.0
4.9999
4.99
5.0
5.0
5.0
4.99
4.995
5.0
4.995
5.0
5.0
5.0
5.0
5.0
4.99
4.99
4.995
5.0
5.0
5.0
4.99
4.99
4.99
5.0
5.0
4.98
4.98
4.99
4.99
4.99
4.99
4.985
4.98
4.98
4.98
4.98
4.98
4.98
4.98
4.98
4.99
4.99
4.99
4.98
4.99
4.985
4.98
4.97
4.97
4.975
4.98
4.99
4.99
4.99
4.99
4.99
4.985
4.98
4.9808
4.99
4.98
4.99
4.99
4.98
4.98
4.99
4.99
4.99
4.99
4.99
4.99
4.99
5.0
5.0
5.0
5.0
5.01
5.01
5.01
5.01
5.0
5.01
5.01
5.01
5.0053
5.0
5.0
5.0
5.02
5.04
5.05
5.04
5.03
5.0
5.0
5.0
5.0
5.0
5.0
5.03
5.03
5.0
5.03
5.03
5.04
5.0572
5.02
5.0
5.001
5.03
5.03
5.02
5.01
5.01
5.0001
5.0
4.99
4.95
4.95
4.97
4.985
4.97
4.99
5.0
4.98
4.98
4.98
4.9825
5.0
4.95
4.96
4.96
4.96
4.95
4.958
4.95
4.95
4.95
4.96
4.95
4.955
4.93
4.92
4.87
4.87
4.9
4.92
4.935
4.94
4.9301
4.93
4.92
4.9
4.91
4.8908
4.89
4.885
4.88
4.89
4.89
4.9
4.89
4.89
4.88
4.87
4.84
4.8499
4.845
4.845
4.85
4.8445
4.84
4.86
4.86
4.88
4.875
4.87
4.88
4.88
4.89
4.886
4.895
4.8903
4.8973
4.893
4.9
4.915
4.93
4.91
4.93
4.91
4.91
4.92
4.91
4.915
4.92
4.91
4.92
4.91
4.9
4.9
4.91
4.905
4.9
4.9001
4.91
4.91
4.9
4.91
4.9
4.905
4.905
4.91
4.91
4.92
4.92
4.91
4.91
4.905
4.9
4.9
4.91
4.9
4.905
4.91
4.915
4.915
4.915
4.92
4.93
4.93
4.93
4.93
4.92
4.92
4.92
4.93
4.93
4.925
4.93
4.935
4.94
4.95
4.94
4.94
4.94
4.94
4.94
4.95
4.93
4.93
4.94
4.93
4.92
4.925
4.93
4.92
4.93
4.93
4.93
4.94
4.935
4.94
4.94
4.94
4.94
4.94
4.94
4.93
4.92
4.92
4.9133
4.92
4.9246
4.94
4.94
4.94
4.94
4.9461
4.945
4.94
4.94
4.9499
4.95
4.95
4.95
4.9437
4.94
4.94
4.95
4.95
4.94
4.935
4.94
4.94
4.94
4.9303
4.94
4.94
4.93
4.9299
4.93
4.94
4.93
4.95
4.94
4.94
4.95
4.95
4.95
4.94
4.94
4.97
4.98
4.98
4.99
4.99
4.985
4.985
4.97
4.97
4.9625
4.9087
4.95
4.91
4.92
4.91
4.909
4.88
4.89
4.8849
4.9
4.8873
4.875
4.84
4.8501
4.85
4.8768
4.8682
4.8453
4.845
4.8547
4.83
4.8104
4.81
4.7948
4.8146
4.79
4.79
4.8001
4.815
4.83
4.84
4.8302
4.84
4.85
4.845
4.84
4.8798
4.86
4.8779
4.86
4.86
4.852
4.85
4.85
4.85
4.855
4.85
4.855
4.86
4.85
4.85
4.86
4.85
4.85
4.85
4.855
4.85
4.85
4.85
4.83
4.85
4.85
4.85
4.85
4.85
4.86
4.87
4.86
4.85
4.84
4.86
4.86
4.86
4.865
4.8662
4.8651
4.86
4.86
4.86
4.86
4.86
4.869
4.86
4.85
4.85
4.85
4.85
4.85
4.85
4.85
4.85
4.86
4.85
4.85
4.86
4.85
4.85
4.85
4.85
4.84
4.8325
4.835
4.82
4.82
4.82
4.82
4.81
4.81
4.81
4.81
4.81
4.82
4.83
4.83
4.83
4.84
4.84
4.84
4.83
4.83
4.84
4.835
4.83
4.835
4.83
4.835
4.8325
4.84
4.83
4.835
4.83
4.835
4.84
4.85
4.8325
4.8325
4.835
4.84
4.84
4.83
4.83
4.83
4.83
4.83
4.83
4.81
4.83
4.83
4.84
4.83
4.835
4.83
4.82
4.8249
4.83
4.8301
4.84
4.83
4.83
4.8286
4.82
4.82
4.82
4.83
4.83
4.83
4.82
4.83
4.84
4.8325
4.83
4.83
4.8341
4.84
4.83
4.84
4.84
4.84
4.84
4.84
4.84
4.85
4.84
4.835
4.8369
4.83
4.84
4.84
4.83
4.84
4.85
4.85
4.845
4.845
4.845
4.845
4.84
4.845
4.8401
4.85
4.84
4.84
4.84
4.85
4.84
4.84
4.845
4.8325
4.835
4.82
4.81
4.81
4.82
4.813
4.82
4.81
4.81
4.81
4.81
4.815
4.82
4.82
4.81
4.81
4.81
4.8101
4.81
4.82
4.82
4.81
4.8125
4.8125
4.8157
4.83
4.83
4.83
4.83
4.825
4.83
4.83
4.825
4.83
4.83
4.83
4.84
4.8335
4.83
4.83
4.83
4.84
4.8325
4.8325
4.8325
4.83
4.83
4.84
4.83
4.8325
4.84
4.8325
4.84
4.835
4.84
4.83
4.825
4.82
4.82
