7.3
6.9
7.2
7.5
7.4
7.3
7.35
7.2
6.8
6.9
6.5
7.2
9.6
9.05
9.15
8.45
8.05
8.0
7.6
7.55
7.1
7.05
6.75
7.15
7.4
7.45
7.55
7.35
6.3
8.05
7.75
8.15
8.6
8.25
7.5
6.85
6.35
6.25
5.5
5.45
5.25
5.05
5.4
5.3
5.5
6.3
5.45
6.65
7.3
9.05
11.2
10.9
10.55
10.71
10.33
10.91
11.03
11.29
10.98
10.88
11.2
10.96
9.94
9.44
9.21
9.48
9.41
10.0
11.01
10.5
10.48
10.63
10.56
10.99
11.27
11.13
11.12
11.44
11.99
12.86
12.25
11.95
12.85
12.71
13.06
13.07
12.88
13.73
13.3
13.2
13.15
11.81
12.12
12.16
11.97
12.22
12.21
13.54
15.75
15.81
16.299999
15.73
15.35
15.47
15.49
16.34
18.1
19.030001
19.51
19.58
19.370001
19.27
19.290001
19.07
19.950001
20.040001
20.040001
19.959999
19.540001
19.09
19.059999
18.51
17.370001
16.889999
16.76
16.32
16.809999
16.790001
16.120001
16.129999
15.18
16.360001
17.43
16.620001
16.700001
17.290001
16.98
17.07
17.299999
17.219999
17.610001
17.200001
17.559999
17.940001
17.790001
18.219999
17.42
18.15
18.629999
18.67
18.790001
18.540001
18.75
18.41
18.120001
18.370001
18.0
18.290001
18.01
18.01
17.91
18.450001
19.040001
19.290001
18.959999
19.17
18.99
19.280001
20.690001
21.200001
21.74
21.719999
21.709999
21.610001
21.42
21.59
21.6
21.6
20.83
20.709999
20.860001
20.74
21.24
19.42
18.65
19.120001
19.49
20.49
20.280001
20.5
20.58
20.59
22.35
21.629999
21.16
21.27
21.01
20.73
20.58
20.41
18.690001
19.09
24.42
25.34
26.07
24.76
25.02
25.08
26.120001
26.16
25.139999
24.85
24.889999
23.58
24.389999
23.690001
24.0
24.57
24.799999
24.93
24.82
24.950001
25.34
24.370001
24.200001
25.07
25.1
25.209999
25.51
26.92
26.969999
27.200001
30.4
31.389999
30.969999
29.559999
29.540001
28.74
29.870001
29.889999
30.16
30.719999
30.709999
31.879999
31.809999
33.5
33.68
33.5
34.52
35.59
35.59
35.869999
