796.98
798.8856
800.86
800.59
799.88
799.61
799.62
798.71
799.3011
798.56
796.84
797.345
797.36
796.53
796.28
796.33
796.59
797.0251
796.94
796.66
796.77
796.39
795.13
795.74
795.85
795.8
796.4881
797.34
797.73
798.2
798.59
798.83
798.74
798.0101
797.12
796.49
796.68
797.84
798.0
798.01
797.4
797.129
797.54
796.83
796.82
796.9359
797.67
797.94
798.07
797.8275
798.0078
798.2655
798.24
798.23
797.8
797.59
797.83
797.61
797.4
796.96
796.81
797.005
796.57
796.65
797.42
797.18
796.7
797.3
797.336
796.705
796.77
796.9248
796.5
796.8499
796.515
796.46
796.4
795.8767
795.631
795.45
794.71
794.7
794.75
794.6
794.56
794.54
794.32
794.7072
794.66
794.87
794.74
794.39
794.305
794.2601
794.42
794.47
794.47
794.39
794.0508
794.21
794.164
794.3077
794.025
794.01
793.898
793.93
793.8
793.72
793.22
793.27
793.695
793.57
793.6
793.47
793.6103
793.8
793.57
793.76
793.235
793.26
793.38
793.506
792.45
792.2954
792.0
791.69
791.395
791.0
790.64
791.219
791.395
791.46
791.8183
791.65
792.03
792.21
792.33
792.2597
791.63
792.226
792.4
792.7
792.85
792.39
792.4
792.2991
792.74
792.7668
792.1499
792.3
792.65
792.49
792.12
792.38
792.6168
792.25
792.32
792.2
792.06
793.1999
793.25
793.2
792.7199
793.17
793.33
793.268
793.07
792.77
793.2
793.555
793.31
793.68
793.93
793.76
793.85
794.15
794.191
794.2
794.2244
794.15
794.11
794.0952
793.825
793.69
793.8185
793.715
793.95
793.98
793.951
794.168
794.15
794.1325
794.83
794.6425
794.96
794.61
794.48
794.5708
794.66
794.48
794.44
794.71
794.54
794.4596
794.61
794.63
794.38
794.425
794.36
794.29
794.36
794.55
794.74
794.7246
794.55
794.385
794.38
794.32
794.5104
794.52
794.79
794.6
794.51
794.43
794.732
794.52
794.4
794.66
794.76
794.5478
794.62
794.77
794.7
794.9
794.79
794.9
794.73
794.88
794.6601
794.8113
794.8874
794.825
794.715
794.82
794.6155
794.65
794.55
794.55
794.4
794.7
794.67
794.66
794.75
794.76
794.55
794.67
794.65
794.482
794.82
794.82
794.98
795.11
795.07
794.74
795.08
795.2299
794.87
794.715
794.5267
794.5
794.3475
794.57
794.56
794.84
794.61
794.505
794.35
794.25
794.5
794.42
794.49
794.48
794.5185
794.44
794.5
794.525
794.65
794.5639
794.4
794.375
794.55
794.5
794.552
794.5
794.58
794.56
794.6321
794.59
794.6
794.6
794.5
794.22
793.675
793.67
793.73
793.66
793.973
794.135
794.01
794.3975
794.46
794.32
794.125
794.2
794.73
794.3135
794.205
794.4
794.26
794.51
794.65
794.59
794.72
794.55
794.6
794.45
794.8268
795.11
795.26
795.44
795.68
795.925
796.04
795.92
795.9
796.105
796.165
796.255
796.22
796.09
796.02
796.05
796.4099
796.31
796.7
796.44
796.41
796.6097
796.6
796.7157
796.7217
796.76
797.32
797.11
796.93
797.079
797.04
796.86
796.975
797.22
797.195
797.42
797.5
797.15
797.31
797.19
797.3
797.3499
797.15
797.116
797.19
797.12
796.86
796.8401
796.78
796.84
796.85
796.5375
796.445
796.17
796.08
795.63
795.78
795.77
795.81
795.98
795.95
796.06
796.19
796.79
800.04
800.62
800.0
800.0656
799.99
800.0
799.675
800.24
800.1
798.56
799.08
798.56
797.87
797.5292
796.885
797.14
794.7199
794.53
796.355
796.41
795.81
794.99
794.85
794.76
794.77
794.68
794.875
795.05
795.4499
794.81
794.46
794.23
794.41
794.575
794.4
792.46
793.19
792.9128
792.48
791.9
792.86
792.4
791.84
791.595
792.42
792.985
793.604
793.385
793.48
793.4595
794.37
794.6182
794.41
794.61
794.5114
794.455
794.67
795.26
795.43
795.23
795.12
794.91
794.81
794.425
793.775
793.56
793.42
793.381
793.51
793.03
792.19
792.475
792.72
792.0798
792.69
793.32
793.0
792.85
792.7
792.66
792.71
792.52
792.98
792.74
792.885
792.93
792.89
792.94
792.73
792.39
791.85
792.24
792.68
792.339
792.31
792.5145
792.76
793.23
793.3664
793.85
793.87
794.205
794.0
793.79
793.58
793.56
793.275
793.49
793.5
793.5199
793.9008
793.355
793.06
792.9
793.09
793.31
793.29
793.385
793.23
793.42
793.27
793.25
792.6
792.91
792.99
792.99
793.215
792.97
793.0775
793.18
793.23
793.3
793.444
793.48
793.1522
793.1
793.2
793.245
792.96
792.72
792.71
792.7175
792.58
792.58
792.82
792.51
792.52
792.4435
792.95
793.0748
792.95
793.24
793.46
793.2
793.28
793.165
793.15
793.01
792.94
792.605
792.75
793.0
792.83
792.836
792.905
792.99
792.75
792.505
792.69
792.6
792.45
792.3824
792.14
792.19
792.025
792.34
792.17
792.18
792.1518
792.04
792.32
792.39
792.27
792.5001
792.4553
792.3
792.32
792.6
792.59
792.6525
792.57
792.58
792.57
792.5326
792.42
792.34
792.31
792.17
792.3
792.3
792.28
792.466
792.6375
792.68
792.75
792.45
792.59
792.6219
792.51
792.595
792.76
792.465
792.6
792.71
792.795
792.905
792.84
792.71
792.8535
792.85
792.9
793.06
793.0444
793.23
793.62
793.59
793.42
793.18
793.325
793.39
793.46
793.46
793.52
793.51
793.23
793.15
793.15
793.0425
792.75
792.78
792.59
792.63
792.75
792.75
792.67
792.54
792.735
792.75
792.46
792.435
792.26
792.35
792.52
792.67
792.6725
792.76
792.81
792.71
792.8146
792.84
792.75
792.89
792.92
792.84
792.84
792.85
792.2999
792.16
792.2871
792.1
791.7
792.71
792.87
791.87
792.31
792.24
791.9
792.09
792.18
792.6453
792.38
793.148
793.09
793.66
794.17
794.77
794.16
794.5
794.37
794.72
794.9319
795.1
795.28
795.1
794.8253
795.14
795.34
795.18
795.599
795.539
795.44
795.18
795.27
794.77
794.65
794.42
794.14
794.29
794.64
795.0
794.97
794.51
794.15
794.72
794.39
794.73
794.39
794.83
794.39
794.6
794.64
794.1
794.14
794.45
794.48
794.39
794.31
794.17
794.18
794.34
794.38
794.69
794.635
794.68
795.0
794.99
794.94
794.85
794.77
794.85
794.95
794.91
794.7492
794.97
794.9226
795.0001
795.04
795.1003
794.79
794.795
794.91
795.11
795.47
795.79
795.54
795.6633
795.64
795.88
795.88
796.093
796.5
796.32
796.28
796.58
796.54
796.5
796.67
796.61
796.61
796.54
796.36
796.3
796.25
796.15
796.2574
796.1933
796.33
796.08
795.32
795.71
795.96
795.87
795.6
795.76
795.57
795.72
795.8
795.7707
795.7
795.695
794.89
795.46
794.23
793.77
792.31
793.5207
793.18
794.5
793.96
794.78
797.33
797.3
797.27
797.67
798.4
798.01
798.755
799.315
799.28
799.21
800.45
800.3371
800.115
799.79
800.135
800.24
799.995
800.79
800.585
801.1595
802.3
802.36
802.49
802.0516
801.837
801.4
801.05
800.68
800.32
801.44
801.315
801.27
800.9899
801.38
801.61
801.26
801.04
801.17
801.12
800.68
800.25
800.55
800.46
800.75
801.17
800.88
801.02
801.14
800.86
800.1201
800.4891
800.9899
801.0
800.71
800.88
801.2697
800.6437
800.65
800.45
800.38
800.58
800.69
800.655
800.5
800.48
800.02
799.8064
799.4903
799.77
800.13
799.89
800.66
800.04
800.07
799.63
799.5588
799.7543
800.49
800.814
801.32
801.36
801.15
801.1493
801.23
801.3767
801.02
800.23
800.21
800.4
800.4253
800.51
800.62
800.6114
800.8
800.4
800.5447
800.6269
800.4994
800.37
800.365
800.41
800.67
800.6242
800.06
800.3487
800.41
800.44
800.8258
800.7555
800.24
800.51
800.49
800.1653
799.97
799.5301
799.89
799.91
799.98
799.84
799.71
799.71
799.406
799.5
799.53
799.45
799.7022
799.75
799.74
799.5
799.24
799.05
799.0732
798.8251
798.75
798.79
798.99
798.71
798.35
798.28
798.12
798.35
798.3
797.871
797.51
797.575
797.33
797.55
797.655
797.2325
797.23
797.1354
797.34
797.3
797.21
797.15
797.44
796.94
797.05
796.87
796.775
796.775
796.8
796.81
797.005
797.18
797.46
797.07
797.165
797.175
797.155
797.145
796.93
797.08
797.5
797.5
797.63
797.915
797.79
797.585
797.83
797.53
797.65
797.39
797.38
797.535
797.98
797.79
797.39
797.5743
797.431
797.55
797.43
797.06
797.1621
796.5
796.7
796.77
796.73
796.98
796.97
797.04
797.065
797.095
797.17
797.1
797.1
797.04
797.22
797.0
796.88
796.8481
796.5826
797.0801
797.12
797.0541
797.1022
797.39
797.25
797.45
797.235
797.26
797.225
797.0
796.61
796.52
796.4519
795.9
796.34
796.51
796.3
796.53
797.0
796.82
796.955
796.95
797.14
797.15
797.435
798.07
798.05
798.235
798.52
798.72
798.77
798.6
798.67
798.71
798.69
798.75
798.73
798.7071
798.87
798.67
798.71
798.14
798.16
798.14
798.01
798.0747
798.159
798.1
798.37
798.18
798.088
798.086
797.85
797.86
798.15
797.96
797.8342
798.02
797.8369
798.18
797.72
797.71
797.76
797.01
797.09
797.38
797.1
797.23
797.16
797.19
797.0
796.62
796.56
796.36
796.47
796.49
796.5405
796.7199
796.8132
797.4139
797.2497
797.3005
797.12
797.03
797.24
797.28
796.98
796.9
796.79
796.5
796.0
795.78
795.925
796.14
796.01
795.87
796.09
796.11
796.08
796.06
796.27
796.24
796.33
796.31
796.41
796.46
796.88
797.02
796.89
796.87
797.08
797.2
796.94
797.07
796.82
796.99
796.68
796.72
797.0
797.0096
797.165
797.15
797.4
797.315
797.04
796.93
796.98
797.19
797.2
797.59
797.515
797.63
797.57
797.95
797.76
798.08
797.94
797.769
797.66
797.445
797.86
797.97
798.0
798.11
798.28
798.25
798.2299
798.2
798.2882
798.94
798.8
798.71
798.37
798.19
798.325
798.35
798.31
798.39
798.45
798.53
802.79
803.38
802.72
803.0
802.46
802.98
803.88
804.36
804.22
804.135
804.271
805.435
804.84
804.7056
803.95
804.57
804.932
804.47
805.0
804.905
804.75
805.47
805.1
805.16
804.79
805.16
805.22
805.17
805.2845
805.2
804.96
804.75
804.85
804.9708
805.43
805.0
804.82
804.815
804.55
803.8497
804.31
804.205
804.48
804.74
804.56
805.09
804.9318
805.0
804.38
804.182
804.52
804.42
804.71
804.4
803.86
804.15
805.8473
805.32
805.3189
805.57
805.4034
805.2272
805.25
805.13
804.9
804.655
804.49
804.13
804.2008
803.9175
803.62
804.25
804.0
804.0594
804.28
804.5974
804.12
804.35
804.31
804.38
804.32
804.24
803.8
803.84
803.6
803.07
803.31
803.74
803.9613
803.71
803.75
803.8
804.18
804.15
804.19
804.17
804.58
804.87
804.96
804.7725
805.05
804.9
804.436
804.9159
804.505
804.295
804.43
804.0063
804.54
804.29
804.04
804.098
804.03
803.52
803.21
802.95
803.05
802.86
803.01
802.91
802.96
803.11
803.3299
802.66
802.655
802.5
802.4
801.77
801.83
801.85
802.09
802.02
802.13
801.8
801.4
801.65
801.64
801.6607
801.67
801.46
801.59
801.84
801.43
801.68
801.32
801.72
801.69
801.5567
801.3033
801.7
801.92
802.15
802.3
802.0
802.07
802.4
802.63
802.32
802.605
802.85
802.62
802.865
802.9
803.135
802.9281
802.97
803.02
802.9501
803.1
803.01
803.26
803.26
803.3018
803.22
803.38
803.44
803.38
803.25
803.1
803.0
803.32
803.44
803.55
803.51
803.4985
803.6
803.4469
803.7
803.5475
803.55
803.65
803.53
803.54
803.47
803.32
803.525
803.66
803.51
803.55
803.42
803.46
803.31
803.25
803.09
803.02
803.14
802.91
802.8
802.83
802.79
802.8371
802.65
802.57
802.36
802.6884
802.41
802.55
802.8413
802.5001
802.76
802.76
802.58
802.64
802.68
802.675
802.8197
802.5975
803.0
803.2097
803.39
803.44
803.4799
803.5
803.28
803.4875
803.39
803.555
803.36
803.27
803.4
803.2433
803.23
803.11
802.3
802.55
802.4
802.27
802.36
802.26
802.33
802.075
802.12
802.04
801.82
802.025
801.91
802.04
802.42
802.64
802.34
802.1
802.6
802.5
802.4357
802.0
802.2363
802.26
802.2876
802.3
802.38
802.42
802.6246
802.55
802.19
802.44
802.29
802.2
802.14
802.3399
802.25
802.265
802.4193
802.38
802.62
802.51
803.0
802.86
802.55
802.88
803.09
803.17
803.3799
803.4599
803.0
803.01
803.08
802.85
802.675
802.54
802.63
802.39
802.58
802.39
802.5116
802.3127
802.35
802.51
802.69
802.7299
802.79
802.54
802.27
802.51
802.3046
802.4
802.29
802.11
802.13
802.3401
802.485
802.49
802.2
802.07
802.08
802.0081
802.195
802.24
802.2
802.19
802.4499
802.47
802.35
802.14
802.2121
802.26
802.14
802.24
802.1822
802.56
802.61
802.81
802.45
802.47
802.41
802.32
802.35
802.34
802.18
802.2353
802.27
801.93
802.035
802.14
802.18
802.27
802.34
802.2
802.21
802.35
802.16
802.05
802.28
802.26
802.3
802.07
801.8
801.645
801.74
801.8887
801.745
801.91
801.81
801.65
801.705
801.7111
801.74
801.63
801.63
801.71
801.43
801.325
800.96
800.61
801.49
799.4048
799.09
799.91
799.1222
798.385
798.57
795.2501
797.0
797.18
797.38
798.8619
798.2621
798.0
797.0601
797.0
797.45
796.51
796.84
796.22
796.74
795.9
795.58
796.57
796.95
797.59
798.45
798.1669
798.24
798.63
798.4
798.25
798.57
798.055
797.9394
797.82
797.82
797.5
797.4
797.5214
797.17
797.82
797.645
796.87
797.3891
797.77
797.58
797.55
797.69
797.77
797.59
797.67
798.0
797.6
798.04
797.63
797.77
798.02
798.05
797.7091
797.51
797.6
797.24
797.11
797.42
797.2304
797.3344
797.22
797.6
797.93
797.812
798.0
797.38
797.6
797.72
797.6238
797.11
797.7
798.02
798.07
798.04
798.15
798.11
798.06
797.93
798.018
798.02
797.82
798.3
798.04
797.85
797.99
797.8
797.9074
797.8599
798.1101
798.42
798.59
798.53
798.54
798.57
798.9
798.94
798.73
799.05
799.3647
799.49
799.46
799.72
799.86
799.66
799.98
800.61
800.38
800.4673
800.9
801.39
800.9
800.846
801.0535
801.475
801.0042
801.2
801.33
801.59
801.39
801.455
801.45
801.0
800.9504
801.16
800.93
800.53
801.114
800.67
800.56
800.7
800.56
800.18
800.334
800.22
799.86
800.06
800.23
800.63
801.04
800.69
800.999
800.71
800.82
800.98
800.9
800.67
800.99
800.67
800.6097
800.38
800.335
800.295
800.48
800.3612
800.38
800.21
800.13
800.1899
799.91
800.05
800.15
800.185
800.39
800.43
800.3
800.158
800.12
800.425
800.259
800.27
800.4
800.31
800.15
800.08
800.175
800.57
800.045
800.43
800.5007
800.525
800.2
800.0
799.84
799.8568
799.715
799.38
799.33
799.22
799.56
799.58
799.5112
799.4637
799.29
799.38
798.99
798.6997
798.49
798.7759
798.5676
798.57
798.61
798.48
798.47
798.3736
798.49
798.55
798.7
798.66
798.65
798.92
798.43
797.9797
798.1
798.22
797.96
797.8497
798.2587
798.2628
798.47
798.725
798.34
798.48
798.28
798.49
798.49
798.6923
798.43
798.36
798.2806
797.705
797.93
798.26
798.18
797.9107
797.7529
797.87
797.9059
798.0
797.8878
797.805
798.06
798.3
798.28
798.65
798.715
798.44
798.77
798.6861
798.97
799.168
799.23
798.8541
798.92
798.97
798.85
798.8573
799.1
799.135
799.28
799.0205
799.0
799.579
799.49
799.54
799.37
799.55
799.47
799.64
799.6013
799.6889
799.79
799.8
799.5
799.44
799.62
799.55
799.67
799.84
799.5736
799.8
799.75
799.84
800.04
799.7
799.65
799.5
799.75
799.975
800.02
800.116
799.87
799.7
799.73
799.93
800.21
800.12
800.031
799.9
799.7501
799.74
799.83
799.94
800.0
800.31
800.333
800.1689
799.971
800.08
800.185
800.2
800.31
800.4
800.5
800.67
800.82
800.845
800.83
800.76
800.95
800.74
800.7
800.61
800.56
800.8336
801.02
801.36
801.24
801.26
801.3985
801.24
801.4199
801.03
801.035
801.19
801.0
801.01
801.13
800.97
800.9
800.76
800.87
800.74
800.7
800.625
800.6
800.46
800.37
800.5
800.5
800.435
800.38
800.29
800.4
800.54
800.28
800.05
800.04
800.09
800.145
800.68
800.61
800.46
800.67
801.0
801.02
801.05
801.34
801.78
804.1
803.9325
804.11
804.385
805.92
806.4999
806.49
806.785
806.62
806.97
806.685
806.4
805.8
805.65
805.7175
806.175
806.44
806.88
807.17
806.76
807.21
807.0
807.75
807.1875
807.57
807.7775
807.9378
808.0
807.2
807.19
807.49
806.8
806.0358
806.46
806.555
807.13
807.6
807.32
807.68
807.56
807.45
807.2836
807.8
807.87
807.82
807.9
807.96
808.19
808.0
808.29
807.8
807.54
807.78
807.979
808.32
808.43
808.42
808.01
808.06
807.73
808.11
807.975
808.1
808.04
807.59
807.77
808.06
808.1675
808.18
808.6
808.74
809.04
809.05
809.62
809.2936
809.44
809.91
809.45
809.82
809.98
809.95
809.925
809.85
809.88
810.01
810.0037
810.28
810.3336
810.11
809.89
810.2308
810.1
810.0603
810.48
810.474
810.3175
810.05
809.83
809.9036
809.59
809.73
809.7112
809.51
809.54
809.43
809.76
809.9
809.8889
809.71
809.62
809.46
809.62
809.34
809.242
808.64
808.01
807.97
808.4
809.0
808.84
808.45
808.5751
808.73
808.69
808.42
808.06
808.14
808.26
808.34
808.625
808.6
808.725
808.463
808.315
808.15
808.58
808.3647
808.33
808.35
808.3019
808.155
808.31
808.2
808.22
808.48
808.44
808.17
808.25
808.4362
808.3597
808.66
808.8355
808.675
808.67
808.55
808.09
808.28
808.39
808.48
808.1
808.2865
807.57
807.27
807.55
807.42
807.74
807.7764
807.7206
807.26
807.05
807.5
807.49
807.6
807.4
807.56
807.32
806.75
806.75
807.0034
807.36
806.94
806.88
806.93
807.035
806.77
807.12
807.0
806.98
806.97
806.6
806.21
806.1055
806.5
806.47
806.1605
805.7
805.07
805.8741
805.96
805.84
805.92
806.3
806.07
806.06
805.8173
806.24
806.2
806.47
806.31
806.4
806.29
805.99
806.0926
806.34
806.4304
806.14
806.6
806.84
806.74
806.5
806.63
806.68
806.67
806.59
806.6664
806.54
806.5
806.65
806.78
806.41
806.78
806.8181
806.85
806.85
806.89
806.73
806.63
806.5
806.76
806.49
806.49
806.48
806.4
806.63
806.565
806.75
806.75
806.85
806.7
806.73
806.883
807.179
807.38
807.28
807.2799
807.23
807.18
807.02
807.04
807.05
807.49
807.3252
807.21
807.23
807.35
807.43
807.4172
807.32
807.33
807.3
807.37
807.39
807.2756
807.06
807.27
807.32
807.28
807.15
807.1525
807.2
807.0601
807.4
807.4
807.3
807.33
807.47
807.282
807.26
807.6
807.4878
807.47
807.27
807.27
807.1
807.11
807.0
807.0
806.68
806.79
806.69
806.9
806.86
806.99
807.0
807.32
807.32
807.13
807.18
807.06
807.065
807.13
807.03
806.96
806.89
807.2
807.21
807.42
807.2
807.34
807.17
807.47
807.67
807.7
807.4
807.6
807.63
807.31
807.46
807.35
807.23
807.0379
807.33
807.3553
807.1
807.177
807.42
807.44
807.19
807.0
807.0
807.22
807.21
807.35
807.42
807.32
807.22
807.16
807.1
806.9889
806.9
806.79
806.87
806.955
806.75
807.06
806.87
807.0614
807.0601
806.87
806.69
806.38
806.02
806.01
805.79
806.11
806.04
806.07
806.22
806.34
806.51
806.56
806.43
806.81
806.97
807.0
806.51
806.16
805.72
807.03
806.23
805.0
803.33
804.52
804.975
805.715
805.85
805.7
805.28
805.0
805.278
804.01
804.0
804.92
805.08
804.0
804.59
804.77
804.51
805.1453
805.55
805.55
805.4
805.76
806.0
806.39
805.96
806.64
806.91
807.12
807.155
807.11
807.27
807.09
807.34
806.835
807.11
807.45
808.83
808.8645
809.51
809.66
810.05
810.444
810.179
810.14
810.1512
810.0
810.0294
810.29
810.2116
810.74
810.54
810.4
809.975
810.3326
810.85
810.64
810.42
810.4199
810.25
809.69
809.99
809.84
809.995
810.31
810.1844
810.42
811.49
811.2268
811.28
811.5
811.27
811.16
811.0
811.2737
811.175
811.0453
810.7115
810.67
810.8
810.81
810.9027
810.8248
810.58
810.91
811.23
811.4999
811.29
811.63
811.3
811.56
811.5
811.0
811.04
811.015
811.63
811.7
811.22
811.33
811.36
811.3243
811.1
811.2
811.14
811.28
811.33
810.69
810.93
810.39
810.6593
810.44
810.1912
810.07
810.24
810.17
810.12
810.285
810.46
810.49
810.35
810.01
810.425
810.469
810.4699
810.5
810.42
809.93
810.02
809.81
809.82
810.1695
810.45
810.61
809.995
810.0975
809.71
809.68
809.24
809.2
809.34
809.56
810.06
810.13
810.17
810.05
810.06
809.98
810.102
810.18
810.19
810.54
810.57
810.02
810.02
810.15
810.32
810.17
810.432
810.63
810.515
810.37
810.07
809.84
809.7832
809.565
809.595
809.53
808.78
809.26
808.93
808.81
808.56
808.61
808.81
808.56
808.53
808.64
808.68
808.7699
808.68
808.4297
808.36
808.22
808.53
808.6
808.66
808.96
809.23
809.41
809.33
809.24
809.49
809.74
809.42
809.44
809.4997
809.56
809.64
809.46
809.91
810.0
810.065
809.99
810.3
810.0
810.15
810.135
810.19
810.09
809.64
809.84
809.835
810.18
810.24
810.16
810.3
810.18
810.15
810.43
810.35
810.4
810.4032
810.29
810.02
810.19
810.4
810.5
810.45
810.55
810.525
810.4
810.5396
810.53
810.15
810.1894
810.1
810.025
810.23
810.27
810.35
810.58
810.5155
810.64
810.6303
810.59
810.51
810.34
810.34
810.1
810.02
810.06
810.0591
809.97
810.1
810.041
809.84
809.7988
809.405
809.18
809.33
809.48
809.69
809.95
809.92
809.965
809.96
809.84
810.2205
810.0
810.22
810.3
810.5196
810.37
810.37
810.3
810.08
810.04
809.82
809.74
809.74
809.52
809.363
809.25
809.245
809.01
809.13
809.37
809.52
809.39
809.355
809.33
809.34
809.31
809.5
809.5425
809.42
809.58
809.66
809.64
809.28
809.2
809.38
809.44
809.3244
809.555
809.5
809.57
809.51
809.23
809.21
809.05
808.64
808.6647
808.75
808.95
808.87
808.9
808.83
809.26
809.27
809.23
809.0452
809.1145
809.27
809.12
809.21
809.1
809.33
809.45
809.17
808.97
808.82
809.05
809.11
808.97
809.1
809.16
809.09
808.87
809.04
809.1821
809.1
809.06
809.0
809.14
809.22
809.1398
809.16
809.537
809.5
809.4273
809.52
809.56
809.6738
809.6
809.52
809.57
809.48
809.69
809.4
809.36
809.23
809.18
809.21
808.68
808.69
808.7859
808.7519
808.38
810.0
806.225
807.4834
809.395
808.5675
809.14
809.215
809.29
809.13
808.88
807.3
808.1721
807.585
808.05
807.975
808.44
807.79
807.69
807.18
807.23
807.09
807.11
806.81
807.0
807.01
806.5
806.48
806.88
806.72
806.1757
806.17
806.35
806.17
806.035
806.23
806.505
806.885
806.91
807.13
807.36
807.63
806.94
807.335
807.11
806.76
806.5162
806.58
806.78
806.84
807.02
807.03
807.08
807.4
808.0
807.43
807.736
808.0
808.075
807.809
807.7
807.72
807.86
807.88
807.71
807.87
807.6402
807.47
807.29
807.74
807.725
807.52
807.07
807.18
807.565
807.565
807.02
807.01
807.1625
807.06
807.31
807.1098
807.55
807.2
807.25
807.11
807.24
807.0
807.5
807.435
807.38
807.4324
807.76
807.55
807.44
807.538
807.4832
807.59
807.46
807.44
807.44
807.8842
807.72
808.095
808.24
808.28
808.11
808.22
808.155
808.45
808.67
808.54
808.56
808.67
808.6126
808.715
808.96
809.23
809.47
809.46
809.402
809.42
809.07
809.15
809.18
809.18
809.36
809.1083
808.7147
808.81
808.76
808.67
808.7
809.03
809.27
809.44
809.44
809.34
808.9
809.17
809.17
809.45
809.31
809.11
809.425
809.37
809.27
809.27
809.31
809.46
809.3
809.39
809.4
809.29
809.24
809.0
808.94
808.86
808.77
808.51
808.85
809.4
809.22
809.15
809.01
808.905
808.59
808.53
808.4
808.63
808.67
808.35
808.54
808.38
808.38
808.24
808.2598
808.0011
808.245
808.37
808.27
808.322
808.39
808.38
808.74
808.67
808.605
808.44
808.28
808.3
808.5
808.85
808.6587
808.73
808.743
808.43
808.56
808.475
808.695
808.68
808.62
808.73
808.7
808.81
808.7
808.785
808.7394
808.83
808.79
808.59
808.88
809.23
809.0
809.005
808.71
809.08
809.0
809.1
809.19
809.38
809.18
809.05
809.13
809.13
809.08
809.1868
809.23
809.43
809.45
809.33
809.05
808.99
809.09
809.2
809.27
809.08
809.081
809.055
809.0
809.17
809.1334
809.28
809.29
809.34
809.435
809.2388
809.12
809.3
809.31
809.36
809.33
809.25
809.27
809.34
809.42
809.3144
809.266
809.57
809.84
809.71
809.86
809.77
809.67
809.83
809.7197
809.71
809.29
809.71
809.79
809.77
810.1
810.0
809.618
809.68
809.51
809.74
809.89
809.99
809.9501
810.065
810.03
809.93
809.73
809.75
810.105
809.91
809.845
809.76
809.84
809.71
809.91
809.59
809.84
809.98
810.15
810.26
810.29
810.19
810.5025
810.45
810.56
810.3
810.39
810.445
809.98
809.88
810.145
809.93
810.1
810.0
810.0
809.93
810.0
809.978
809.88
809.81
810.03
809.97
809.79
809.8793
810.04
809.97
810.11
809.95
810.1
810.0703
810.31
810.25
810.15
810.26
809.7802
810.189
809.86
809.74
809.71
809.825
809.65
809.83
809.8
809.87
809.78
809.83
809.92
809.92
810.0
809.97
809.9226
809.85
809.85
809.99
810.06
810.26
810.2099
810.002
810.0
809.87
809.78
809.54
809.66
809.89
809.895
809.695
809.65
809.02
809.28
809.47
809.49
809.86
809.94
810.07
810.24
810.01
809.88
809.9
809.41
809.56
811.86
809.78
811.5
812.2772
812.71
812.43
811.79
812.02
811.77
812.62
812.31
811.95
812.75
812.46
812.34
812.4
812.0
812.18
812.27
811.5
811.44
811.37
811.48
811.18
810.695
811.116
811.25
811.5
811.58
811.93
811.8478
811.7
811.86
812.12
812.185
811.98
812.15
812.2342
812.5
812.74
812.84
812.5326
812.56
813.05
813.27
813.51
813.51
813.5533
813.14
813.42
813.47
813.57
813.3828
813.421
813.8314
814.12
814.16
814.2871
814.42
814.44
814.6944
814.7
814.55
814.56
814.45
814.51
814.41
814.28
813.7554
813.56
813.69
814.15
814.3199
814.55
814.56
814.48
814.45
814.6
814.55
814.32
814.31
814.05
814.07
813.6401
813.61
813.431
814.0
813.8324
814.18
814.1899
813.66
813.8461
813.61
813.4
813.46
813.23
813.14
812.62
813.0
812.93
812.84
812.7956
812.88
813.18
813.35
813.46
813.51
813.575
813.55
813.3
813.4127
813.3325
813.36
813.5
813.725
813.81
813.77
813.65
813.35
813.4
813.54
813.8
813.65
813.38
813.2875
813.24
813.255
813.27
813.615
813.3
813.2
813.275
813.1965
813.17
813.3703
813.5072
813.75
813.7329
813.7
813.935
813.745
813.84
813.8699
813.74
813.75
813.8099
813.799
813.91
814.0
813.985
813.7073
813.8402
814.0
814.38
814.49
814.67
814.68
814.86
814.7
814.84
814.85
814.6913
814.6737
814.39
814.25
814.07
814.16
814.08
814.045
814.01
813.99
813.99
814.1
814.1842
814.44
814.515
814.77
814.73
814.81
814.81
814.79
814.4275
814.567
814.67
814.56
814.22
814.46
814.41
814.5
814.2631
814.46
814.54
814.42
814.74
814.705
814.41
814.64
814.68
814.8
814.6597
814.9
814.81
814.79
814.73
814.69
814.51
814.66
814.55
814.86
814.74
814.84
814.645
814.78
814.78
814.81
814.93
814.96
814.96
814.98
814.957
814.79
814.92
814.93
814.78
814.6923
814.65
814.58
814.4
814.35
814.6
814.44
814.23
814.55
814.53
814.25
814.08
814.06
813.73
813.888
813.805
813.98
813.73
813.93
813.86
813.93
814.04
814.1296
814.15
814.0
813.83
814.13
814.43
814.34
814.38
814.1791
813.98
813.869
813.73
813.75
813.6518
813.91
813.91
813.99
813.77
813.85
813.99
814.09
814.01
813.9482
813.87
814.0
813.95
813.94
813.94
813.94
813.9
814.04
813.9121
813.98
813.77
813.61
813.65
813.77
813.66
813.9
813.64
813.5144
813.68
813.805
813.62
813.73
813.618
813.78
813.775
813.7025
813.71
813.63
813.86
813.761
814.04
814.08
813.99
813.97
813.9
813.9
814.0
814.0
813.86
813.94
813.96
813.96
813.94
814.15
814.1
813.895
814.14
814.127
814.25
814.19
814.3
814.29
814.37
814.38
814.38
814.5
814.35
814.26
814.44
814.44
814.4559
814.57
814.66
814.18
814.3195
814.2364
813.95
813.91
813.9849
814.24
814.36
814.0
813.93
813.9494
814.03
813.98
813.79
813.631
813.8114
813.78
813.8443
813.8
813.93
813.96
813.88
813.7
813.825
813.6939
813.71
813.72
813.68
813.65
813.73
813.57
813.46
813.46
813.38
813.37
813.375
813.42
813.545
813.58
813.53
813.39
813.41
813.31
813.67
813.5303
813.7
813.67
815.85
815.965
816.12
817.3808
817.91
817.67
816.69
816.99
816.0
816.5
816.51
816.41
816.19
816.61
816.65
816.69
816.97
817.11
817.04
816.8
817.47
817.655
818.38
818.25
818.31
818.75
818.34
818.13
818.29
818.5
818.6
818.78
818.94
818.782
818.85
818.92
819.16
819.28
819.3
819.67
819.61
819.32
819.28
819.58
819.7399
819.47
819.53
819.6
819.71
819.69
819.8366
820.0
819.5601
819.6995
819.77
819.62
819.95
820.356
820.56
820.68
820.92
820.959
820.09
820.38
820.2072
820.4646
820.51
820.25
819.94
819.64
819.791
819.508
819.5
819.4501
819.21
819.34
819.39
819.03
819.0012
819.4299
819.25
819.3357
819.3
819.0
819.0285
819.0624
819.22
819.14
819.04
819.06
818.88
818.77
818.4
818.18
817.81
817.754
817.93
817.9475
818.0
818.02
818.0
817.91
817.8
817.78
817.9
818.0248
817.9066
818.3999
818.2619
818.0469
818.1031
818.17
818.16
818.56
818.41
818.375
818.5015
818.37
818.475
818.33
818.41
818.4944
818.11
817.72
817.64
817.8525
817.78
817.52
817.52
817.47
817.74
817.29
817.5632
817.32
817.47
817.38
817.29
817.0
816.85
816.745
816.92
816.91
817.04
816.98
816.68
816.84
817.099
816.7966
816.73
816.77
816.93
817.23
817.45
816.98
817.22
