3.64
3.63
3.625
3.64
3.652
3.63
3.63
3.6486
3.6466
3.63
3.63
3.63
3.62
3.62
3.58
3.61
3.59
3.605
3.6152
3.59
3.605
3.58
3.62
3.6
3.61
3.63
3.63
3.56
3.53
3.545
3.6
3.59
3.56
3.575
3.57
3.57
3.55
3.61
3.5916
3.605
3.605
3.62
3.62
3.62
3.62
3.62
3.65
3.64
3.64
3.64
3.635
3.66
3.645
3.67
3.66
3.66
3.66
3.655
3.655
3.67
3.68
3.6799
3.672
3.675
3.68
3.68
3.68
3.69
3.69
3.69
3.7
3.69
3.69
3.7
3.7
3.67
3.6602
3.65
3.66
3.65
3.65
3.62
3.61
3.61
3.61
3.61
3.63
3.63
3.63
3.61
3.57
3.6
3.6
3.595
3.6
3.62
3.62
3.62
3.61
3.62
3.62
3.63
3.63
3.63
3.63
3.63
3.63
3.585
3.65
3.62
3.62
3.62
3.64
3.64
3.63
3.63
3.64
3.64
3.64
3.6399
3.64
3.64
3.64
3.65
3.62
3.63
3.6201
3.63
3.625
3.59
3.59
3.62
3.63
3.64
3.63
3.64
3.64
3.61
3.6
3.61
3.63
3.625
3.61
3.63
3.62
3.62
3.61
3.62
3.625
3.62
3.62
3.6273
3.62
3.63
3.63
3.63
3.63
3.62
3.64
3.6499
3.65
3.64
3.63
3.63
3.6256
3.63
3.63
3.6
3.6
3.62
3.63
3.64
3.6
3.624
3.6189
3.615
3.62
3.63
3.61
3.62
3.62
3.62
3.61
3.6199
3.62
3.62
3.62
3.63
3.63
3.63
3.62
3.62
3.63
3.63
3.63
3.63
3.62
3.62
3.61
3.6
3.62
3.615
3.62
3.63
3.63
3.63
3.62
3.63
3.64
3.64
3.63
3.64
3.63
3.63
3.62
3.62
3.63
3.63
3.635
3.63
3.63
3.63
3.63
3.645
3.645
3.64
3.65
3.625
3.63
3.63
3.65
3.64
3.66
3.65
3.64
3.62
3.61
3.61
3.61
3.61
3.57
3.59
3.585
3.5874
3.58
3.57
3.575
3.58
3.59
3.6
3.6
3.6
3.6
3.6
3.62
3.62
3.6101
3.62
3.62
3.61
3.62
3.62
3.61
3.62
3.63
3.62
3.62
3.61
3.61
3.6
3.6
3.61
3.61
3.61
3.6
3.61
3.6101
3.63
3.63
3.64
3.65
3.65
3.65
3.64
3.65
3.65
3.63
3.59
3.6
3.59
3.6
3.5861
3.6
3.59
3.59
3.6
3.6
3.6
3.6
3.585
3.585
3.5885
3.5799
3.56
3.56
3.6
3.59
3.6
3.59
3.6
3.62
3.59
3.6
3.59
3.585
3.585
3.59
3.585
3.59
3.5892
3.585
3.59
3.595
3.6
3.59
3.6
3.59
3.59
3.59
3.6
3.6
3.6
3.59
3.6
3.615
3.605
3.6
3.595
3.59
3.59
3.58
3.58
3.5867
3.58
3.585
3.55
3.56
3.57
3.57
3.56
3.56
3.56
3.59
3.595
3.59
3.59
3.595
3.59
3.58
3.58
3.58
3.58
3.58
3.58
3.58
3.59
3.585
3.585
3.6
3.6
3.59
3.59
3.58
3.58
3.58
3.58
3.59
3.59
3.59
3.59
3.585
3.585
3.58
3.59
3.58
3.58
3.59
3.59
3.585
3.585
3.59
3.6
3.59
3.595
3.59
3.59
3.595
3.59
3.585
3.585
3.585
3.59
3.59
3.595
3.6
3.6
3.605
3.605
3.6
3.595
3.595
3.625
3.65
3.65
3.66
3.68
3.69
3.7
3.7
3.69
3.7
3.7
3.7
3.77
3.8
3.81
3.81
3.81
3.81
3.82
3.84
3.84
3.844
3.8761
3.88
3.86
3.88
3.8699
3.88
3.8799
3.89
3.8899
3.8899
3.86
3.87
3.87
3.855
3.8699
3.81
3.8699
3.85
3.83
3.8326
3.81
3.79
3.79
3.78
3.79
3.76
3.75
3.73
3.74
3.74
3.74
3.74
3.75
3.75
3.75
3.75
3.76
3.76
3.76
3.76
3.7575
3.75
3.76
3.76
3.76
3.77
3.77
3.77
3.735
3.735
3.74
3.75
3.74
3.74
3.74
3.75
3.76
3.76
3.74
3.74
3.73
3.72
3.7
3.69
3.7
3.7
3.7
3.7
3.7045
3.7
3.7
3.7
3.675
3.69
3.69
3.69
3.69
3.69
3.7
3.69
3.6756
3.69
3.7
3.68
3.7
3.69
3.69
3.69
3.69
3.71
3.7
3.7
3.695
3.69
3.695
3.685
3.709
3.7
3.6999
3.7
3.695
3.695
3.7
3.7
3.7
3.7
3.705
3.71
3.71
3.71
3.71
3.71
3.7199
3.72
3.72
3.7
3.71
3.7
3.72
3.72
3.7
3.69
3.7
3.69
3.695
3.7
3.7
3.7099
3.7
3.705
3.7099
3.71
3.7
3.7
3.7
3.71
3.71
3.7
3.7
3.71
3.7099
3.7
3.71
3.7099
3.7
3.69
3.7
3.71
3.71
3.7
3.7
3.7
3.6932
3.7
3.71
3.7
3.71
3.71
3.7
3.72
3.705
3.71
3.6989
3.71
3.7
3.71
3.7
3.7
3.72
3.6999
3.7
3.6999
3.7
3.6999
3.7
3.6999
3.7
3.7
3.7
3.7
3.7
3.7
3.69
3.69
3.685
3.69
3.68
3.685
3.69
3.7
3.7
3.6999
3.7
3.7
3.69
3.7
3.6999
3.7
3.69
3.695
3.69
3.69
3.7
3.69
3.72
3.68
3.7
3.7
3.7
3.7
3.7
3.69
3.7
3.7
3.685
3.7
3.7
3.7
3.7
3.7
3.7
3.695
3.69
3.6958
3.685
3.685
3.69
3.69
3.7
3.6907
3.69
3.685
3.69
3.685
3.685
3.67
3.66
3.66
3.65
3.66
3.67
3.65
3.65
3.645
3.66
3.63
3.64
3.635
3.635
3.635
3.645
3.64
3.64
3.62
3.62
3.615
3.61
3.6
3.605
3.61
3.64
3.6443
3.66
3.655
3.66
3.65
3.635
3.64
3.64
3.635
3.645
3.63
3.615
3.605
3.57
3.59
3.6111
3.61
3.63
3.59
3.59
3.58
3.56
3.5521
3.57
3.56
3.56
3.56
3.56
3.55
3.54
3.5316
3.53
3.59
3.58
3.59
3.59
3.61
3.61
3.6
3.595
3.6
3.6
3.6024
3.61
3.62
3.63
3.64
3.6663
3.67
3.675
3.67
3.67
3.67
3.67
3.67
3.67
3.66
3.66
3.66
3.66
3.66
3.67
3.66
3.64
3.64
3.64
3.63
3.635
3.6101
3.61
3.6
3.59
3.59
3.58
3.57
3.56
3.55
3.55
3.55
3.55
3.56
3.55
3.55
3.56
3.54
3.54
3.54
3.55
3.54
3.54
3.56
3.55
3.55
3.54
3.54
3.54
3.53
3.505
3.505
3.5031
3.5035
3.51
3.51
3.52
3.52
3.53
3.52
3.52
3.51
3.52
3.52
3.51
3.515
3.51
3.506
3.5001
3.5
3.49
3.5
3.46
3.441
3.4403
3.46
3.46
3.46
3.455
3.4501
3.46
3.47
3.4608
3.465
3.46
3.46
3.46
3.451
3.47
3.47
3.4562
3.45
3.45
3.45
3.445
3.44
3.4366
3.45
3.45
3.4535
3.45
3.45
3.45
3.45
3.4435
3.444
3.44
3.445
3.46
3.46
3.4584
3.46
3.46
3.46
3.46
3.46
3.48
3.4784
3.47
3.48
3.475
3.48
3.475
3.48
3.48
3.5
3.51
3.5
3.5
3.51
3.5
3.51
3.48
3.485
3.485
3.49
3.49
3.49
3.485
3.4899
3.5
3.5
3.5
3.5
3.5
3.5
3.495
3.5
3.5
3.496
3.4999
3.5
3.5
3.5
3.5
3.5
3.4999
3.4901
3.49
3.47
3.45
3.45
3.455
3.44
3.44
3.44
3.41
3.415
3.4159
3.42
3.43
3.4282
3.45
3.442
3.44
3.44
3.45
3.45
3.442
3.42
3.41
3.41
3.4
3.4
3.396
3.365
3.38
3.366
3.36
3.39
3.385
3.39
3.39
3.38
3.38
3.38
3.38
3.36
3.3434
3.34
3.34
3.36
3.365
3.36
3.36
3.36
3.36
3.367
3.36
3.36
3.36
3.37
3.36
3.36
3.36
3.38
3.37
3.37
3.4
3.39
3.39
3.4
3.4
3.4
3.39
3.4
3.39
3.39
3.41
3.4
3.41
3.41
3.4
3.405
3.4
3.39
3.38
3.374
3.38
3.39
3.4
3.41
3.41
3.39
3.38
3.37
3.38
3.37
3.38
3.36
3.3575
3.36
3.362
3.36
3.36
3.35
3.36
3.36
3.36
3.37
3.36
3.35
3.36
3.35
3.35
3.345
3.34
3.365
3.36
3.365
3.37
3.36
3.36
3.37
3.38
3.38
3.39
3.38
3.38
3.38
3.39
3.41
3.4
3.4
3.4
3.39
3.39
3.39
3.38
3.38
3.38
3.38
3.37
3.37
3.38
3.39
3.39
3.386
3.39
3.4
3.39
3.38
3.4
3.38
3.38
3.3734
3.3644
3.36
3.35
3.36
3.36
3.36
3.36
3.36
3.36
3.355
3.36
3.355
3.3521
3.35
3.36
3.37
3.36
3.36
3.37
3.37
3.36
3.37
3.36
3.37
3.37
3.375
3.37
3.375
3.39
3.38
3.39
3.38
3.385
3.39
3.38
3.37
3.36
3.36
3.36
3.355
3.35
3.35
3.35
3.35
3.35
3.35
3.35
3.35
3.35
3.34
3.3254
3.34
3.35
3.345
3.34
3.35
3.35
3.34
3.35
3.33
3.3
3.3
3.29
3.27
3.2408
3.25
3.24
3.2282
3.2208
3.22
3.23
3.24
3.24
3.25
3.26
3.26
3.24
3.2202
3.22
3.22
3.21
3.21
3.2178
3.2125
3.21
3.21
3.215
3.21
3.22
3.22
3.23
3.22
3.22
3.2
3.2
3.22
3.22
3.23
3.23
3.26
3.26
3.28
3.28
3.29
3.29
3.3
3.31
3.32
3.32
3.3145
3.31
3.29
3.29
3.28
3.26
3.252
3.25
3.23
3.23
3.23
3.23
3.24
3.24
3.24
3.24
3.235
3.23
3.23
3.21
3.21
3.21
3.22
3.23
3.23
3.24
3.24
3.24
3.26
3.26
3.29
3.29
3.275
3.27
3.27
3.27
3.26
3.27
3.27
3.26
3.26
3.27
3.27
3.29
3.29
3.29
3.29
3.32
3.3
3.3
3.28
3.27
3.3
3.295
3.29
3.29
3.3
3.31
3.31
3.31
3.305
3.31
3.31
3.315
3.32
3.32
3.32
3.315
3.32
3.31
3.32
3.32
3.32
3.335
3.33
3.33
3.33
3.32
3.33
3.33
3.33
3.32
3.33
3.34
3.335
3.33
3.325
3.33
3.33
3.34
3.33
3.33
3.32
3.32
3.3
3.31
3.31
3.31
3.32
3.32
3.33
3.34
3.36
3.35
3.35
3.34
3.34
3.34
3.34
3.34
3.34
3.34
3.33
3.34
3.34
3.34
3.34
3.33
3.34
3.34
3.34
3.34
3.34
3.33
3.34
3.33
3.33
3.33
3.33
3.33
3.32
3.31
3.31
3.32
3.32
3.33
3.32
3.325
3.33
3.32
3.32
3.32
3.32
3.325
3.33
3.325
3.32
3.33
3.34
3.34
3.34
3.34
3.335
3.34
3.34
3.35
3.35
3.345
3.345
3.35
3.36
3.36
3.36
3.36
3.36
3.36
3.365
3.37
3.37
3.365
3.365
3.37
3.375
3.38
3.38
3.38
3.38
3.38
3.36
3.34
3.3814
3.38
3.38
3.4
3.392
3.4
3.39
3.4
3.384
3.35
3.35
3.37
3.36
3.36
3.36
3.35
3.35
3.33
3.37
3.33
3.34
3.38
3.39
3.42
3.43
3.41
3.41
3.41
3.41
3.4
3.37
3.37
3.37
3.3799
3.3749
3.39
3.4
3.381
3.4
3.4
3.3926
3.4
3.38
3.37
3.38
3.38
3.37
3.37
3.37
3.38
3.375
3.39
3.41
3.41
3.44
3.44
3.44
3.46
3.46
3.45
3.4592
3.45
3.43
3.45
3.43
3.44
3.45
3.45
3.44
3.44
3.45
3.44
3.45
3.42
3.425
3.425
3.42
3.41
3.415
3.43
3.44
3.44
3.47
3.46
3.48
3.49
3.49
3.48
3.485
3.5
3.48
3.5
3.51
3.505
3.505
3.5
3.49
3.485
3.49
3.51
3.51
3.5
3.51
3.51
3.51
3.5
3.5
3.495
3.495
3.46
3.47
3.47
3.47
3.49
3.48
3.48
3.49
3.5
3.495
3.5
3.495
3.5
3.4933
3.5
3.5
3.495
3.49
3.495
3.491
3.495
3.495
3.495
3.5
3.5
3.49
3.495
3.495
3.49
3.49
3.485
3.485
3.485
3.485
3.49
3.49
3.49
3.485
3.486
3.49
3.49
3.49
3.49
3.5
3.5
3.495
3.5
3.5
3.49
3.48
3.5
3.48
3.48
3.5
3.48
3.48
3.4801
3.495
3.48
3.48
3.47
3.48
3.45
3.45
3.465
3.47
3.47
3.47
3.46
3.48
3.48
3.4799
3.47
3.48
3.48
3.49
3.48
3.48
3.49
3.485
3.49
3.49
3.49
3.48
3.5
3.52
3.51
3.5
3.495
3.49
3.52
3.51
3.52
3.49
3.4728
3.455
3.44
3.45
3.49
3.4795
3.48
3.49
3.47
3.495
3.5
3.49
3.4899
3.5
3.49
3.48
3.49
3.49
3.48
3.49
3.485
3.48
3.48
3.47
3.4786
3.49
3.53
3.54
3.55
3.55
3.5499
3.56
3.58
3.58
3.61
3.6001
3.6099
3.605
3.605
3.61
3.595
3.5972
3.59
3.595
3.6
3.5997
3.6
3.61
3.57
3.58
3.6
3.6
3.6
3.6
3.5871
3.6
3.58
3.589
3.58
3.6
3.59
3.6
3.57
3.55
3.57
3.565
3.57
3.58
3.58
3.58
3.57
3.58
3.57
3.56
3.57
3.58
3.58
3.6
3.6
3.6
3.6
3.61
3.6
3.61
3.6
3.6
3.6
3.6085
3.61
3.625
3.63
3.635
3.64
3.65
3.66
3.6592
3.6532
3.66
3.66
3.6565
3.68
3.68
3.68
3.66
3.65
3.65
3.68
3.6751
3.68
3.6761
3.66
3.66
3.66
3.68
3.68
3.68
3.68
3.66
3.665
3.66
3.65
3.65
3.64
3.62
3.63
3.62
3.64
3.62
3.65
3.63
3.645
3.65
3.65
3.6539
3.65
3.655
3.66
3.6585
3.66
3.64
3.65
3.64
3.635
3.64
3.64
3.63
3.63
3.63
3.62
3.63
3.625
3.64
3.62
3.6
3.6
3.6
3.62
3.55
3.56
3.565
3.56
3.56
3.56
3.56
3.58
3.57
3.57
3.56
3.58
3.58
3.58
3.58
3.58
3.58
3.6
3.6099
3.61
3.61
3.61
3.615
3.61
3.61
3.61
3.61
3.61
3.61
3.61
3.6
3.5701
3.61
3.61
3.62
3.62
3.61
3.61
3.58
3.58
3.58
3.58
3.59
3.66
3.63
3.6427
3.635
3.62
3.6325
3.65
3.62
3.65
3.65
3.65
3.67
3.68
3.67
3.67
3.67
3.66
3.64
3.6489
3.65
3.65
3.65
3.66
3.66
3.66
3.66
3.655
3.6501
3.66
3.66
3.6565
3.66
3.68
3.71
3.722
3.7565
3.71
3.69
3.7
3.74
3.76
3.79
3.8
3.79
3.79
3.8
3.82
3.84
3.81
3.8
3.8
3.8
3.82
3.8
3.83
3.85
3.849
3.85
3.8
3.8
3.8
3.8
3.8
3.81
3.8
3.81
3.8
3.79
3.82
3.8
3.8
3.7976
3.785
3.77
3.77
3.79
3.81
3.7927
3.81
3.81
3.81
3.81
3.81
3.83
3.8
3.8043
3.79
3.81
3.8
3.81
3.82
3.825
3.8399
3.84
3.83
3.8168
3.8399
3.84
3.84
3.8399
3.81
3.83
3.84
3.84
3.8314
3.83
3.84
3.85
3.84
3.8347
3.84
3.84
3.8349
3.85
3.85
3.8499
3.84
3.85
3.85
3.8494
3.8599
3.86
3.86
3.86
3.86
3.8552
3.86
3.86
3.86
3.8489
3.86
3.845
3.86
3.86
3.8599
3.86
3.8599
3.86
3.86
3.86
3.86
3.845
3.86
3.8514
3.86
3.83
3.84
3.85
3.845
3.85
3.83
3.8414
3.83
3.8398
3.85
3.848
3.83
3.83
3.85
3.83
3.85
3.85
3.85
3.85
3.86
3.86
3.86
3.86
3.8532
3.85
3.85
3.85
3.85
3.85
3.85
3.85
3.84
3.84
3.85
3.85
3.85
3.83
3.82
3.86
3.84
3.83
3.86
3.84
3.83
3.85
3.85
3.85
3.85
3.84
3.83
3.84
3.835
3.85
3.8499
3.845
3.84
3.84
3.8347
3.83
3.83
3.83
3.83
3.83
3.85
3.84
3.8
3.79
3.81
3.81
3.81
3.82
3.79
3.76
3.8
3.81
3.77
3.81
3.8099
3.8
3.79
3.77
3.79
3.8
3.8
3.8
3.78
3.8
3.83
3.82
3.85
3.84
3.83
3.836
3.82
3.82
3.81
3.81
3.81
3.8
3.8
3.8
3.79
3.77
3.7455
3.8
3.81
3.83
3.85
3.85
3.86
3.86
3.86
3.86
3.865
3.875
3.88
3.88
3.86
3.87
3.88
3.9
3.94
3.9214
3.94
3.915
3.92
3.9
3.91
3.91
3.93
3.9
3.91
3.91
3.91
3.9
3.91
3.91
3.91
3.92
3.92
3.92
3.91
3.91
3.91
3.91
3.9099
3.89
3.89
3.899
3.88
3.87
3.87
3.87
3.88
3.87
3.88
3.89
3.9
3.9
3.92
3.925
3.9
3.9
3.9
3.89
3.89
3.89
3.9
3.9
3.89
3.89
3.89
3.88
3.89
3.89
3.88
3.89
3.89
3.89
3.8893
3.89
3.88
3.89
3.89
3.89
3.89
3.87
3.88
3.88
3.8738
3.88
3.88
3.88
3.88
3.88
3.88
3.88
3.88
3.9
3.9
3.92
3.93
3.94
3.94
3.9463
3.96
3.97
3.9501
3.94
3.94
3.93
3.93
3.96
3.9537
3.9537
3.96
3.95
3.9601
3.9656
3.97
3.97
3.96
3.95
3.96
3.96
3.96
3.97
3.97
3.97
3.97
3.95
3.9679
3.95
3.96
3.96
3.955
3.955
3.955
3.9519
3.955
3.96
3.9599
3.9599
3.96
3.9699
3.97
3.9699
3.97
3.9699
3.96
3.96
3.9537
3.955
3.95
3.95
3.94
3.95
3.94
3.94
3.9475
3.95
3.9499
3.945
3.96
3.98
3.98
3.99
4.0
3.99
4.0
4.0
4.0
4.01
4.02
4.04
4.035
4.03
4.04
4.035
4.04
4.035
4.03
4.03
4.04
4.04
4.03
4.04
4.03
4.02
4.03
4.03
4.04
4.03
4.03
4.03
4.04
4.04
4.035
4.03
4.03
4.03
4.04
4.04
4.04
4.04
4.04
4.04
4.035
4.02
4.0
4.0
4.0
4.0
4.0
4.01
4.01
4.015
4.02
4.01
4.0
4.0007
4.0
4.0
4.0099
4.0
4.005
4.0
4.0
4.0001
3.99
3.99
4.01
4.03
4.02
