46.43
46.15
46.44
46.45
46.48
46.47
46.5
46.48
46.5
46.44
46.47
46.4
46.44
46.41
46.38
46.36
46.32
46.3
46.3
46.25
46.24
46.24
46.25
46.22
46.21
46.21
46.22
46.23
46.24
46.15
46.14
46.08
46.07
46.1
46.06
46.07
46.07
46.09
46.06
46.05
46.04
46.03
46.06
46.12
46.12
46.1
46.09
46.15
46.13
46.12
46.095
46.06
46.07
46.07
46.06
46.03
46.03
46.08
46.06
46.04
46.06
46.08
46.07
46.05
46.07
46.07
46.06
46.05
45.9901
46.0
45.94
45.97
45.99
46.02
46.01
46.011
45.975
45.98
45.99
46.0
46.005
46.0
46.01
46.0
46.0
46.0144
46.03
46.02
46.01
45.97
45.96
45.97
46.0
46.0
45.98
45.95
45.96
45.97
45.95
45.96
45.97
45.97
45.99
46.02
46.0
46.02
46.03
46.04
46.03
46.04
46.0514
46.08
46.05
46.05
46.05
46.05
46.05
46.07
46.08
46.04
46.03
46.03
46.02
46.04
46.08
46.08
46.09
46.1
46.115
46.13
46.115
46.11
46.09
46.08
46.09
46.1
46.13
46.14
46.15
46.15
46.13
46.12
46.13
46.14
46.14
46.1425
46.14
46.14
46.13
46.16
46.16
46.17
46.1977
46.21
46.22
46.23
46.24
46.25
46.245
46.23
46.23
46.26
46.24
46.24
46.24
46.235
46.24
46.25
46.25
46.23
46.22
46.2299
46.225
46.22
46.215
46.22
46.21
46.21
46.215
46.22
46.22
46.23
46.2261
46.23
46.22
46.2125
46.21
46.22
46.23
46.23
46.21
46.22
46.23
46.22
46.22
46.2
46.19
46.19
46.19
46.19
46.2
46.2
46.2
46.21
46.19
46.16
46.15
46.155
46.17
46.15
46.15
46.155
46.17
46.18
46.18
46.2
46.22
46.23
46.25
46.24
46.22
46.22
46.23
46.23
46.24
46.23
46.225
46.2
46.21
46.2
46.19
46.2
46.185
46.19
46.1814
46.185
46.15
46.14
46.15
46.15
46.13
46.11
46.12
46.12
46.125
46.1
46.11
46.1199
46.1
46.11
46.11
46.12
46.11
46.12
46.11
46.1211
46.12
46.095
46.1
46.085
46.09
46.09
46.08
46.0733
46.075
46.1
46.1171
46.11
46.11
46.11
46.12
46.13
46.13
46.13
46.16
46.15
46.16
46.17
46.17
46.15
46.14
46.14
46.11
46.11
46.11
46.13
46.125
46.13
46.15
46.17
46.17
46.18
46.2
46.215
46.2
46.22
46.23
46.26
46.25
46.26
46.27
46.29
46.305
46.305
46.32
46.34
46.35
46.35
46.39
46.385
46.38
46.37
46.37
46.375
46.37
46.38
46.38
46.36
46.35
46.36
46.4
46.4
46.43
46.42
46.42
46.425
46.395
46.385
46.37
46.375
46.37
46.4
46.38
46.385
46.38
46.36
46.36
46.36
46.38
46.36
46.41
46.41
46.4243
46.45
46.41
46.415
46.425
46.43
46.435
46.46
46.48
46.485
46.48
46.48
46.49
46.5
46.49
46.48
46.495
46.48
46.47
46.48
46.51
46.5
46.51
46.51
46.52
46.59
46.75
46.81
46.82
46.85
46.82
46.8
46.88
46.86
46.8058
46.82
46.81
46.79
46.77
46.71
46.69
46.69
46.68
46.67
46.65
46.57
46.61
46.64
46.62
46.65
46.62
46.57
46.55
46.52
46.51
46.53
46.59
46.6
46.63
46.625
46.59
46.55
46.51
46.52
46.55
46.56
46.53
46.5
46.48
46.51
46.48
46.49
46.49
46.46
46.47
46.49
46.49
46.47
46.43
46.44
46.465
46.49
46.47
46.44
46.45
46.46
46.49
46.5
46.46
46.44
46.45
46.42
46.39
46.34
46.3657
46.37
46.35
46.39
46.385
46.36
46.33
46.31
46.345
46.35
46.36
46.36
46.34
46.33
46.36
46.375
46.37
46.34
46.32
46.29
46.34
46.34
46.36
46.39
46.38
46.3703
46.4
46.39
46.37
46.37
46.39
46.36
46.41
46.42
46.41
46.41
46.4
46.41
46.415
46.41
46.4
46.38
46.38
46.39
46.4
46.38
46.33
46.31
46.28
46.31
46.33
46.34
46.335
46.32
46.33
46.31
46.3
46.31
46.29
46.32
46.33
46.31
46.32
46.2803
46.3
46.3039
46.26
46.25
46.25
46.23
46.25
46.255
46.28
46.29
46.27
46.24
46.25
46.24
46.26
46.27
46.29
46.26
46.26
46.28
46.28
46.28
46.265
46.25
46.25
46.29
46.28
46.26
46.26
46.24
46.24
46.23
46.24
46.25
46.25
46.245
46.28
46.25
46.23
46.23
46.23
46.21
46.21
46.23
46.27
46.3
46.3
46.3
46.27
46.28
46.28
46.28
46.28
46.29
46.3
46.3
46.3
46.3
46.28
46.28
46.291
46.29
46.29
46.3
46.28
46.29
46.29
46.285
46.285
46.28
46.26
46.27
46.27
46.275
46.27
46.28
46.28
46.28
46.28
46.295
46.31
46.32
46.34
46.32
46.28
46.27
46.27
46.28
46.27
46.25
46.27
46.24
46.255
46.23
46.24
46.22
46.2
46.22
46.22
46.23
46.21
46.21
46.2
46.2
46.22
46.22
46.22
46.2
46.22
46.23
46.23
46.225
46.24
46.25
46.24
46.265
46.26
46.25
46.24
46.25
46.22
46.24
46.26
46.26
46.265
46.22
46.22
46.17
46.21
46.2
46.16
46.26
46.19
46.18
46.18
46.12
46.12
46.13
46.16
46.19
46.16
46.19
46.2
46.23
46.25
46.27
46.27
46.23
46.26
46.26
46.27
46.29
46.25
46.21
46.2
46.2
46.23
46.23
46.25
46.255
46.24
46.22
46.21
46.19
46.18
46.12
46.115
46.13
46.15
46.17
46.17
46.14
46.13
46.18
46.17
46.15
46.14
46.12
46.09
46.11
46.1
46.09
46.09
46.09
46.1
46.12
46.1
46.08
46.1
46.12
46.16
46.15
46.18
46.17
46.17
46.19
46.2
46.19
46.15
46.18
46.19
46.23
46.22
46.22
46.225
46.21
46.2275
46.22
46.225
46.21
46.2275
46.25
46.27
46.27
46.26
46.27
46.28
46.28
46.26
46.25
46.2525
46.255
46.255
46.26
46.265
46.265
46.26
46.245
46.24
46.245
46.26
46.26
46.28
46.28
46.275
46.28
46.28
46.245
46.21
46.22
46.23
46.245
46.23
46.23
46.24
46.25
46.24
46.235
46.245
46.24
46.205
46.14
46.08
46.11
45.97
46.06
46.16
46.0
45.92
46.02
46.0
46.0
46.045
46.05
46.03
46.06
46.11
46.065
46.03
46.04
46.06
46.065
46.07
46.05
46.04
46.06
46.04
46.0
45.99
46.025
46.0075
46.01
46.0375
46.07
46.03
46.04
46.005
46.04
46.01
46.03
45.99
45.99
45.98
46.02
46.04
46.045
46.07
46.055
46.09
46.1099
46.1
46.085
46.09
46.08
46.05
46.02
46.035
46.0165
46.02
46.06
46.055
46.07
46.08
46.04
46.0078
46.005
46.01
46.015
46.07
46.07
46.06
46.07
46.08
46.09
46.1
46.13
46.15
46.13
46.11
46.13
46.12
46.12
46.12
46.11
46.14
46.13
46.14
46.18
46.18
46.19
46.2
46.2
46.205
46.19
46.17
46.155
46.17
46.17
46.155
46.14
46.15
46.145
46.15
46.165
46.17
46.16
46.15
46.14
46.135
46.15
46.15
46.13
46.13
46.09
46.08
46.08
46.08
46.09
46.11
46.0982
46.09
46.06
46.04
46.06
46.07
46.06
46.055
46.06
46.055
46.02
46.035
46.04
46.045
46.025
46.02
46.015
46.0
45.99
45.98
45.94
45.95
45.94
45.927
45.94
45.97
45.9757
45.96
45.97
45.97
45.96
45.96
45.956
45.96
45.96
45.97
45.99
46.01
46.005
46.005
46.01
45.995
46.005
46.0
46.0
46.0
45.985
46.0
45.99
46.0
46.0
45.99
46.0
45.99
46.0
46.005
46.01
46.01
46.0
46.0
46.0
46.005
46.01
46.015
46.021
46.025
46.02
46.035
46.04
46.06
46.09
46.12
46.115
46.11
46.1
46.11
46.11
46.105
46.1
46.09
46.11
46.105
46.1
46.105
46.085
46.1
46.11
46.11
46.115
46.12
46.12
46.12
46.105
46.105
46.115
46.11
46.12
46.115
46.12
46.145
46.14
46.125
46.11
46.1
46.119
46.11
46.11
46.095
46.095
46.11
46.105
46.085
46.065
46.06
46.06
46.05
46.055
46.075
46.075
46.07
46.06
46.065
46.07
46.07
46.07
46.075
46.06
46.11
46.14
46.16
46.14
46.13
46.12
46.145
46.17
46.185
46.1635
46.175
46.17
46.17
46.17
46.19
46.19
46.16
46.16
46.17
46.175
46.16
46.17
46.16
46.16
46.17
46.12
46.13
46.13
46.14
46.13
46.12
46.13
46.12
46.095
46.09
46.1
46.12
46.115
46.105
46.07
46.08
46.08
46.06
46.04
46.06
46.065
46.075
46.05
46.06
46.08
46.085
46.08
46.08
46.05
46.05
46.06
46.07
46.07
46.03
46.035
46.04
46.07
46.08
46.09
46.1057
46.095
46.1
46.12
46.115
46.09
46.1
46.105
46.12
46.115
46.12
46.13
46.1
46.1
46.11
46.13
46.13
46.15
46.15
46.145
46.12
46.11
46.16
46.16
46.17
46.21
46.2
46.21
46.205
46.2
46.2
46.23
46.23
46.235
46.23
46.22
46.215
46.21
46.24
46.2
46.21
46.22
46.21
46.2
46.2
46.21
46.216
46.23
46.22
46.19
46.2
46.205
46.19
46.23
46.225
46.22
46.215
46.2
46.215
46.23
46.24
46.23
46.25
46.255
46.8799
46.975
46.83
46.7
46.52
46.62
46.68
46.58
46.54
46.53
46.57
46.5
46.45
46.41
46.39
46.42
46.415
46.47
46.51
46.48
46.48
46.48
46.51
46.49
46.47
46.5
46.52
46.53
46.49
46.45
46.48
46.48
46.5
46.53
46.5
46.52
46.51
46.47
46.46
46.47
46.42
46.37
46.36
46.32
46.34
46.42
46.43
46.45
46.48
46.48
46.52
46.52
46.5
46.49
46.54
46.5
46.52
46.51
46.44
46.46
46.45
46.43
46.4962
46.5
46.49
46.5
46.51
46.53
46.58
46.54
46.6
46.62
46.6
46.58
46.56
46.57
46.57
46.56
46.6
46.58
46.63
46.59
46.58
46.6
46.6
46.58
46.57
46.56
46.56
46.58
46.62
46.64
46.65
46.66
46.65
46.65
46.66
46.65
46.67
46.66
46.65
46.7
46.7
46.7
46.7
46.7
46.69
46.69
46.7
46.7
46.64
46.62
46.64
46.63
46.63
46.63
46.63
46.65
46.6657
46.67
46.66
46.67
46.68
46.66
46.67
46.7
46.68
46.675
46.66
46.66
46.68
46.7
46.69
46.7
46.68
46.66
46.65
46.65
46.66
46.66
46.64
46.63
46.63
46.64
46.67
46.67
46.67
46.66
46.64
46.65
46.65
46.66
46.65
46.62
46.63
46.62
46.62
46.63
46.64
46.62
46.62
46.62
46.61
46.61
46.6
46.62
46.59
46.57
46.58
46.58
46.58
46.58
46.58
46.58
46.58
46.58
46.58
46.58
46.58
46.57
46.57
46.57
46.57
46.57
46.57
46.57
46.56
46.57
46.57
46.59
46.58
46.61
46.6
46.6
46.59
46.595
46.58
46.59
46.59
46.59
46.59
46.59
46.59
46.59
46.575
46.57
46.58
46.58
46.58
46.59
46.58
46.57
46.58
46.59
46.57
46.56
46.53
46.52
46.52
46.52
46.5242
46.54
46.51
46.49
46.48
46.48
46.49
46.49
46.49
46.5
46.5
46.49
46.5
46.5
46.5199
46.52
46.52
46.52
46.54
46.53
46.535
46.52
46.54
46.54
46.56
46.555
46.56
46.55
46.55
46.53
46.51
46.5172
46.52
46.51
46.53
46.52
46.53
46.52
46.51
46.51
46.51
46.51
46.515
46.515
46.52
46.54
46.52
46.51
46.51
46.51
46.53
46.52
46.52
46.52
46.52
46.525
46.52
46.52
46.52
46.55
46.56
46.58
46.56
46.56
46.5878
46.58
46.59
46.59
46.59
46.595
46.61
46.6
46.59
46.6
46.6
46.603
46.62
46.62
46.635
46.64
46.64
46.64
46.62
46.61
46.6
46.59
46.59
46.58
46.59
46.6
46.59
46.58
46.59
46.56
46.57
46.57
46.6
46.61
46.61
46.61
46.58
46.56
46.56
46.56
46.56
46.56
46.58
46.595
46.58
46.58
46.56
46.55
46.55
46.55
46.54
46.52
46.52
46.52
46.52
46.54
46.56
46.55
46.55
46.55
46.55
46.55
46.57
46.585
46.59
46.585
46.56
46.58
46.58
46.62
46.63
46.62
46.61
46.61
46.61
46.625
46.625
46.625
46.635
46.63
46.63
46.655
46.62
46.59
46.59
46.1881
46.6291
46.6
46.912
46.5
46.375
46.28
46.28
46.1
46.3
46.35
46.3
46.18
46.0
46.02
46.26
46.17
46.22
46.36
46.3
46.325
46.52
46.535
46.55
46.68
46.63
46.665
46.73
46.64
46.5662
46.6
46.56
46.55
46.55
46.64
46.62
46.46
46.44
46.5544
46.53
46.51
46.52
46.55
46.63
46.58
46.64
46.72
46.73
46.7
46.68
46.65
46.65
46.61
46.7
46.71
46.67
46.61
46.61
46.59
46.57
46.58
46.6
46.6
46.64
46.625
46.68
46.61
46.57
46.61
46.57
46.57
46.56
46.57
46.62
46.52
46.46
46.48
46.5
46.53
46.47
46.5
46.5
46.54
46.53
46.53
46.53
46.5
46.45
46.47
46.5
46.49
46.525
46.51
46.56
46.53
46.57
46.5799
46.5432
46.55
46.53
46.51
46.47
46.46
46.42
46.44
46.41
46.42
46.5
46.48
46.48
46.4999
46.47
46.42
46.42
46.44
46.43
46.39
46.445
46.46
46.49
46.46
46.5
46.45
46.42
46.39
46.41
46.4
46.46
46.46
46.48
46.4786
46.44
46.48
46.45
46.45
46.43
46.46
46.41
46.4
46.38
46.38
46.42
46.41
46.39
46.41
46.42
46.43
46.42
46.41
46.48
46.47
46.485
46.43
46.44
46.42
46.42
46.43
46.41
46.37
46.405
46.43
46.43
46.46
46.43
46.39
46.415
46.42
46.41
46.42
46.44
46.45
46.4101
46.455
46.45
46.44
46.46
46.49
46.5
46.4499
46.49
46.44
46.45
46.45
46.45
46.43
46.42
46.4
46.4
46.4
46.38
46.39
46.39
46.39
46.39
46.4
46.41
46.39
46.3799
46.37
46.36
46.36
46.36
46.375
46.4
46.375
46.37
46.36
46.37
46.38
46.37
46.37
46.36
46.37
46.36
46.38
46.41
46.405
46.39
46.35
46.36
46.35
46.35
46.34
46.35
46.37
46.37
46.34
46.34
46.35
46.3456
46.3469
46.3465
46.39
46.41
46.4
46.41
46.42
46.41
46.41
46.4
46.39
46.4
46.38
46.3708
46.38
46.37
46.34
46.33
46.32
46.32
46.37
46.35
46.33
46.34
46.36
46.33
46.33
46.31
46.28
46.3
46.31
46.3
46.27
46.23
46.275
46.265
46.25
46.28
46.29
46.3
46.295
46.28
46.28
46.28
46.31
46.32
46.32
46.32
46.33
46.34
46.35
46.37
46.37
46.37
46.38
46.38
46.37
46.38
46.39
46.38
46.39
46.38
46.37
46.41
46.39
46.41
46.42
46.42
46.39
46.4
46.41
46.41
46.41
46.41
46.43
46.45
46.47
46.45
46.46
46.48
46.48
46.46
46.46
46.47
46.49
46.51
46.52
46.51
46.53
46.53
46.515
46.53
46.53
46.485
46.47
46.47
46.47
46.47
46.45
46.45
46.46
46.46
46.46
46.46
46.45
46.49
46.48
46.49
46.48
46.47
46.47
46.46
46.455
46.45
46.445
46.44
46.43
46.44
46.44
46.43
46.43
46.44
46.435
46.43
46.44
46.46
46.48
46.47
46.84
46.63
46.65
46.56
46.6
46.64
46.59
46.65
46.67
46.66
46.68
46.77
46.82
46.74
46.77
46.77
46.81
46.81
46.83
46.75
46.74
46.71
46.735
46.67
46.66
46.66
46.69
46.67
46.61
46.65
46.65
46.64
46.63
46.58
46.5765
46.54
46.58
46.57
46.57
46.57
46.57
46.55
46.53
46.53
46.52
46.51
46.51
46.51
46.51
46.54
46.55
46.56
46.51
46.47
46.47
46.48
46.46
46.45
46.45
46.42
46.41
46.44
46.49
46.48
46.46
46.47
46.48
46.48
46.45
46.46
46.45
46.45
46.43
46.46
46.46
46.46
46.44
46.4
46.42
46.44
46.43
46.48
46.46
46.46
46.44
46.43
46.4399
46.43
46.43
46.43
46.43
46.45
46.45
46.44
46.43
46.42
46.42
46.4
46.3999
46.41
46.4
46.36
46.37
46.36
46.36
46.36
46.39
46.37
46.36
46.3686
46.38
46.38
46.37
46.36
46.37
46.38
46.36
46.35
46.36
46.37
46.39
46.38
46.37
46.38
46.37
46.36
46.35
46.35
46.36
46.36
46.37
46.37
46.37
46.35
46.3667
46.38
46.41
46.41
46.41
46.41
46.38
46.39
46.38
46.38
46.38
46.38
46.39
46.38
46.36
46.38
46.37
46.37
46.36
46.33
46.34
46.34
46.35
46.33
46.33
46.32
46.3
46.31
46.31
46.31
46.29
46.3
46.3
46.29
46.3
46.31
46.32
46.32
46.28
46.29
46.26
46.27
46.29
46.27
46.25
46.25
46.22
46.25
46.28
46.27
46.25
46.25
46.23
46.23
46.2399
46.22
46.22
46.21
46.2
46.2
46.19
46.21
46.21
46.2055
46.2
46.23
46.2
46.2
46.17
46.19
46.17
46.19
46.1801
46.18
46.17
46.16
46.19
46.2
46.2
46.19
46.21
46.21
46.2
46.2
46.21
46.24
46.24
46.23
46.24
46.24
46.26
46.26
46.25
46.225
46.22
46.23
46.22
46.21
46.21
46.21
46.24
46.245
46.23
46.23
46.2299
46.23
46.26
46.27
46.27
46.28
46.28
46.29
46.28
46.28
46.27
46.27
46.26
46.2501
46.25
46.255
46.26
46.26
46.2599
46.29
46.2999
46.2975
46.3
46.3
46.27
46.27
46.26
46.2666
46.25
46.2599
46.27
46.3
46.32
46.31
46.3
46.32
46.329
46.3199
46.2999
46.29
46.2999
46.33
46.32
46.32
46.33
46.33
46.33
46.34
46.35
46.37
46.37
46.37
46.4
46.4
46.46
46.48
46.4501
46.45
46.46
46.46
46.4799
46.475
46.47
46.45
46.4599
46.465
46.48
46.49
46.48
46.47
46.46
46.46
46.47
46.47
46.46
46.45
46.45
46.45
46.46
46.45
46.43
46.43
46.395
46.4067
46.4
46.4
46.4
46.39
46.38
46.4
46.4
46.39
46.38
46.38
46.36
46.355
46.37
46.365
46.3699
46.37
46.39
46.385
46.4
46.37
46.37
46.36
46.34
46.34
46.37
46.34
46.35
46.37
46.37
46.39
46.38
46.385
46.4
46.4
46.21
46.15
46.19
45.99
46.01
45.99
46.04
46.02
46.03
46.07
46.07
46.09
46.08
46.04
46.06
46.0401
46.07
46.12
46.09
46.08
46.08
46.11
46.12
46.16
46.217
46.25
46.25
46.24
46.22
46.17
46.16
46.15
46.15
46.14
46.14
46.1405
46.145
46.135
46.11
46.1
46.12
46.14
46.15
46.185
46.21
46.2
46.19
46.185
46.23
46.26
46.24
46.22
46.2
46.18
46.15
46.18
46.17
46.16
46.16
46.14
46.15
46.18
46.153
46.15
46.15
46.2
46.18
46.19
46.21
46.2
46.18
46.2
46.19
46.18
46.19
46.18
46.1778
46.22
46.25
46.25
46.26
46.3
46.31
46.31
46.29
46.33
46.31
46.32
46.34
46.33
46.32
46.319
46.31
46.318
46.31
46.33
46.32
46.34
46.36
46.359
46.36
46.37
46.367
46.36
46.36
46.35
46.34
46.3382
46.3299
46.33
46.32
46.33
46.31
46.29
46.28
46.3
46.28
46.28
46.31
46.28
46.285
46.27
46.28
46.28
46.23
46.23
46.24
46.23
46.2
46.21
46.21
46.25
46.26
46.28
46.3
46.31
46.3
46.31
46.32
46.33
46.32
46.31
46.31
46.32
46.3125
46.3
46.28
46.29
46.29
46.31
46.31
46.31
46.3
46.3
46.31
46.3
46.3
46.3
46.3
46.29
46.29
46.29
46.29
46.29
46.31
46.31
46.3
46.29
46.29
46.28
46.275
46.27
46.29
46.28
46.25
46.24
46.23
46.22
46.24
46.2401
46.25
46.26
46.25
46.25
46.25
46.25
46.2587
46.29
46.31
46.33
46.32
46.31
46.32
46.32
46.32
46.33
46.31
46.32
46.33
46.37
46.36
46.37
46.38
46.38
46.37
46.39
46.39
46.36
46.38
46.38
46.41
46.41
46.41
46.41
46.41
46.4
46.38
46.37
46.35
46.35
46.35
46.35
46.35
46.35
46.36
46.38
46.37
46.37
46.37
46.36
46.36
46.36
46.35
46.36
46.36
46.35
46.36
46.36
46.36
46.37
46.35
46.34
46.34
46.33
46.3
46.32
46.3
46.3
46.32
46.34
46.34
46.33
46.335
46.34
46.35
46.33
46.35
46.35
46.33
46.34
46.33
46.34
46.34
46.34
46.33
46.325
46.33
46.33
46.325
46.335
46.34
46.345
46.355
46.35
46.34
46.325
46.325
46.32
46.33
46.325
46.32
46.325
46.315
46.3
46.28
46.28
46.26
46.265
46.26
46.26
46.26
46.27
46.29
46.28
46.285
46.29
46.305
46.3
46.28
46.27
46.285
46.29
46.29
46.295
46.29
46.27
46.265
46.265
46.27
46.26
46.25
46.25
46.25
46.23
46.26
46.25
46.265
46.27
46.275
46.275
46.27
46.25
46.245
46.245
46.24
46.235
46.245
46.26
46.255
46.255
46.25
46.245
46.25
46.235
46.245
46.245
46.245
46.225
46.235
46.23
46.22
46.22
46.22
46.21
46.21
46.21
46.225
46.24
46.45
46.34
46.2
46.35
46.28
46.27
46.17
46.16
46.17
46.18
46.26
46.29
46.27
46.21
46.19
46.17
46.16
46.17
46.08
46.12
46.13
46.14
46.18
46.23
46.18
46.17
46.15
46.19
46.19
46.22
46.19
46.22
46.25
46.24
46.23
46.26
46.265
46.22
46.21
46.19
46.22
46.21
46.195
46.23
46.24
46.28
46.28
46.29
46.315
46.31
46.31
46.32
46.32
46.32
46.28
46.29
46.29
46.3
46.265
46.28
46.24
46.23
46.28
46.27
46.26
46.26
46.29
46.28
46.25
46.3
46.3
46.3
46.3
46.2986
46.28
46.29
46.29
46.27
46.26
46.25
46.27
46.24
46.24
46.28
46.3
46.3
46.29
46.3
46.29
46.29
46.28
46.29
46.29
46.29
46.3
46.29
46.29
46.29
46.3
46.28
46.3
46.305
46.305
46.305
46.305
46.29
46.29
46.29
46.3
46.28
46.3
46.3
46.3
46.3
46.29
46.2823
46.26
46.27
46.27
46.25
46.25
46.22
46.23
46.22
46.22
46.21
46.25
46.26
46.25
46.23
46.24
46.26
46.26
46.25
46.25
46.26
46.24
46.25
46.23
46.23
46.23
46.22
46.22
46.23
46.25
46.24
46.25
46.265
46.29
46.3
46.28
46.305
46.3
46.31
46.29
46.28
46.29
46.28
46.27
46.27
46.28
46.24
46.26
46.267
46.26
46.24
46.24
46.25
46.24
46.25
46.24
46.231
46.22
46.23
46.24
46.25
46.25
46.26
46.25
46.26
46.28
46.25
46.25
46.23
46.25
46.26
46.25
46.22
46.23
46.23
46.23
46.23
46.24
46.23
46.23
46.23
46.24
46.23
46.22
46.22
46.224
46.2
46.22
46.22
46.23
46.24
46.22
46.21
46.22
46.21
46.22
46.205
46.18
46.2
46.195
46.17
46.18
46.1772
46.18
46.18
46.2
46.19
46.195
46.2
46.2
46.2
46.2
46.19
46.17
46.18
46.18
46.16
46.18
46.18
46.18
46.17
46.1609
46.17
46.17
46.17
46.18
46.16
46.18
46.17
46.17
46.18
46.2
46.22
46.2
46.21
46.21
46.19
46.19
46.19
46.18
46.19
46.2
46.2
46.2
46.19
46.17
46.17
46.18
46.17
46.17
46.17
46.17
46.17
46.17
46.1776
46.171
46.17
46.17
46.16
46.16
46.17
46.17
46.2
46.2
46.205
46.23
46.23
46.24
46.26
46.26
46.26
46.25
46.25
46.23
46.23
46.225
46.22
46.2
46.21
46.22
46.215
46.22
46.21
46.195
46.21
46.22
46.21
46.21
46.215
46.215
46.215
46.2
46.215
46.235
46.23
46.21
46.23
46.21
46.21
46.21
46.205
46.2
46.195
46.19
46.18
46.18
46.19
46.195
46.2
46.195
46.2
46.19
46.19
46.18
46.18
46.17
46.18
46.18
46.1846
46.195
46.195
46.2
46.215
46.2
46.21
46.21
46.21
46.24
46.235
46.22
46.21
46.22
46.235
46.245
46.2499
46.26
46.27
46.265
46.27
46.29
46.28
46.27
46.24
46.5
46.35
46.35
46.39
46.42
46.43
46.405
46.41
46.43
46.43
46.39
46.405
46.405
46.4
46.405
46.41
46.42
46.42
46.42
46.42
46.41
46.38
46.36
46.36
46.36
46.39
46.37
46.36
46.34
46.3
46.34
46.35
46.35
46.32
46.3075
46.38
46.4
46.39
46.41
46.4
46.4
46.4
46.42
46.42
46.4532
46.44
46.42
46.44
46.44
46.455
46.44
46.45
46.48
46.49
46.495
46.48
46.45
46.45
46.47
46.47
46.49
46.48
46.47
46.465
46.47
46.46
46.44
46.44
46.45
46.46
46.46
46.5
46.51
46.52
46.53
46.53
46.53
46.53
46.53
46.54
46.51
46.51
46.52
46.51
46.5
46.5
46.49
46.49
46.46
46.47
46.45
46.47
46.45
46.45
46.45
46.45
46.46
46.45
46.48
46.48
46.47
46.47
46.47
46.45
46.45
46.44
46.45
46.45
46.44
46.435
46.45
46.43
46.45
46.45
46.45
46.445
46.46
46.45
46.43
46.4395
46.44
46.44
46.44
46.46
46.45
46.45
46.45
46.45
46.46
46.48
46.48
46.46
46.47
46.48
46.46
46.46
46.44
46.447
46.46
46.46
46.45
46.44
46.45
46.45
46.48
46.45
46.45
46.44
46.44
46.44
46.44
46.44
46.4499
46.43
46.44
46.44
46.45
46.44
46.44
46.45
46.45
46.46
46.47
46.45
46.45
46.45
46.46
46.45
46.45
46.46
46.47
46.46
46.46
46.45
46.46
46.44
46.44
46.45
46.45
46.45
46.445
46.44
46.44
46.45
46.43
46.44
46.44
46.44
46.44
46.41
46.42
46.42
46.42
46.42
46.41
46.4132
46.42
46.42
46.42
46.43
46.43
46.43
46.42
46.44
46.4301
46.46
46.48
46.47
46.46
46.42
46.43
46.45
46.45
46.44
46.441
46.45
46.45
46.45
46.44
46.45
46.45
46.455
46.455
46.455
46.47
46.49
46.48
46.485
46.485
46.48
46.49
46.5
46.49
46.47
46.47
46.46
46.46
46.44
46.44
46.4488
46.4432
46.44
46.435
46.43
46.43
46.445
46.445
46.4599
46.465
46.46
46.46
46.47
46.47
46.461
46.475
46.47
46.49
46.5
46.49
46.48
46.48
46.5
46.49
46.5
46.49
46.5
46.5
46.495
46.5
46.49
46.49
46.48
46.48
46.485
46.485
46.5
46.51
46.505
46.5
46.49
46.485
46.485
46.46
46.465
46.465
46.479
46.4765
46.47
46.46
46.465
46.4625
46.46
46.4568
46.46
46.475
46.465
46.47
46.464
46.47
46.45
46.46
46.46
46.46
46.47
46.465
46.46
46.46
46.47
46.49
46.47
46.46
46.465
46.465
46.47
46.485
46.485
46.51
46.51
46.505
46.51
46.52
46.515
46.545
46.55
46.55
46.54
46.53
46.54
46.555
46.56
46.525
46.515
46.515
46.515
46.515
46.51
46.505
46.5
46.5
46.495
46.48
46.47
46.47
46.475
46.48
46.48
46.48
46.49
46.475
46.42
46.28
46.6597
46.61
46.625
46.67
46.7
46.69
46.7
46.69
46.76
46.73
46.69
46.71
46.705
46.71
46.67
46.68
46.7
46.67
46.68
46.68
46.66
46.63
46.69
46.7
46.7
46.71
46.71
46.71
46.71
46.77
46.79
46.81
46.82
46.83
46.84
46.86
46.83
46.83
46.83
46.84
46.81
46.8319
46.84
46.82
46.82
46.84
46.8
46.81
46.805
46.8
46.825
46.81
46.78
46.77
46.77
46.79
46.78
46.79
46.81
46.845
46.825
46.82
46.79
46.801
46.825
46.83
46.835
46.82
46.8
46.79
46.82
46.81
46.79
46.8
46.8
46.78
46.76
46.76
46.77
46.78
46.795
46.8
46.79
46.79
46.79
46.775
46.75
46.75
46.75
46.77
46.75
46.76
46.74
46.74
46.75
46.77
46.76
46.75
46.74
46.74
46.75
46.75
46.73
46.75
46.765
46.77
46.79
46.78
46.78
46.77
46.79
46.78
46.76
46.76
46.75
46.76
46.76
46.75
46.75
46.75
46.76
46.76
46.71
