252.0
251.795
251.55
251.81
251.49
251.8
251.51
251.59
251.6834
251.54
251.5
251.51
251.89
251.7
251.57
251.69
251.53
251.65
251.5831
251.53
251.53
251.2
251.2
251.325
251.4
250.97
250.95
250.89
251.0
251.0
250.925
250.975
251.0
250.697
250.65
250.72
250.89
251.145
251.27
251.065
251.18
251.14
251.035
251.0
251.01
251.0
251.1621
251.23
250.74
250.73
250.725
251.05
251.31
251.21
251.12
251.21
251.47
251.29
251.17
251.1236
251.18
251.44
251.325
251.34
251.43
251.56
251.58
251.63
251.6799
251.8
251.73
251.77
251.81
251.91
251.92
251.845
251.85
251.9701
252.14
252.075
251.905
251.83
251.98
252.01
252.015
251.875
251.96
251.915
251.97
251.6
251.67
251.65
251.88
251.8
251.73
251.64
251.6401
251.86
251.715
251.55
251.67
251.755
251.73
251.67
251.53
251.51
251.77
251.69
251.785
251.9325
251.76
251.7924
251.7977
251.6
251.68
251.59
251.735
251.685
251.78
251.8625
251.93
252.0
251.99
251.77
251.61
251.745
251.77
251.74
251.69
251.69
251.835
251.81
251.84
251.8363
251.76
251.86
251.8
251.725
251.732
251.82
251.73
251.81
251.75
251.74
251.71
251.63
251.68
251.64
251.615
251.72
251.7
251.67
251.71
251.7544
251.67
251.6211
251.62
251.62
251.6864
251.63
251.6802
251.64
251.69
251.71
251.645
251.6201
251.78
251.73
251.785
251.8175
251.84
251.7301
251.7151
251.66
251.74
251.85
251.836
251.67
251.74
251.55
251.42
251.47
251.5062
251.545
251.56
251.581
251.593
251.73
251.64
251.57
251.625
251.5556
251.42
251.62
251.59
251.59
251.47
251.3908
251.37
251.33
251.25
251.29
251.2295
251.2271
251.17
251.14
251.2
251.2153
251.06
251.144
251.0498
251.07
251.045
250.915
250.975
250.97
250.95
250.9
250.785
250.785
250.61
250.659
250.77
250.84
250.81
250.84
250.84
250.74
250.87
250.79
250.91
250.86
250.9223
250.94
250.96
251.0072
251.03
251.0524
251.045
251.0
250.9727
250.858
250.855
250.9
250.895
250.9
250.81
250.78
250.7
250.67
250.55
250.55
250.59
250.4849
250.41
250.44
250.4
250.33
250.28
250.24
250.32
250.12
250.15
250.16
250.11
250.11
250.21
250.16
250.11
250.18
250.15
250.185
250.11
250.14
250.1
250.09
250.15
250.19
250.1795
250.13
250.13
250.1
250.11
250.03
250.085
250.14
250.17
250.12
250.085
250.04
250.17
250.1201
250.26
250.33
250.365
250.5
250.65
250.5
250.465
250.47
250.55
250.62
250.5078
250.43
250.6
250.58
250.53
250.545
250.52
250.52
250.5658
250.52
250.47
250.34
250.52
250.5
250.5
250.55
250.55
250.5351
250.4
250.31
250.45
250.3
250.2981
250.385
250.35
250.37
250.325
250.41
250.53
250.47
250.51
250.5396
250.59
250.62
250.69
250.775
250.855
250.825
250.7
250.63
250.66
250.68
250.67
250.77
250.79
250.8
250.8
250.81
250.76
250.75
250.73
250.75
250.761
250.94
251.02
251.26
251.29
251.226
251.18
251.17
251.11
251.13
250.987
251.2452
251.11
251.34
251.4199
251.42
251.54
251.54
251.48
251.4651
251.28
251.21
251.25
251.095
251.08
251.14
251.1972
251.07
251.11
251.23
251.33
251.15
250.58
250.61
250.82
250.79
250.57
250.7901
250.9
250.9
250.93
250.96
251.05
251.045
250.86
250.83
250.59
250.39
250.5159
250.695
250.605
250.785
250.52
250.32
250.34
250.41
250.8
251.23
251.1
251.29
251.4
251.99
252.27
252.1
252.29
252.34
252.398
252.33
252.1186
251.86
252.09
252.18
252.28
252.2481
252.3
252.33
252.31
252.48
252.4
252.405
252.3951
252.2027
252.12
252.1555
252.07
251.85
251.83
251.85
251.64
251.707
251.46
251.44
251.34
251.37
251.24
251.32
251.395
251.37
251.36
251.2
251.11
250.91
250.88
250.98
250.98
251.0
251.19
250.9
250.82
250.91
251.04
251.01
250.98
250.88
250.75
250.71
250.87
251.01
250.9659
250.995
250.82
250.65
250.6034
250.74
250.7308
250.59
250.5
250.605
250.6922
250.7871
250.74
250.42
250.44
250.42
250.5
250.3
250.31
250.33
250.35
250.21
250.17
250.16
250.1999
250.145
250.2955
250.24
250.21
250.18
250.07
250.05
250.17
250.35
250.3549
250.59
250.51
250.42
250.51
250.498
250.4
250.3504
250.345
250.51
250.46
250.41
250.4058
250.36
250.4
250.25
250.1
250.088
250.095
250.23
250.195
250.17
250.19
250.27
250.28
250.4
250.375
250.513
250.48
250.38
250.39
250.4
250.339
250.58
250.49
250.49
250.63
250.65
250.5836
250.533
250.53
250.45
250.43
250.36
250.3696
250.2
250.2
250.29
250.19
250.15
250.32
250.28
250.27
250.38
250.4
250.405
250.32
250.37
250.41
250.35
250.4
250.46
250.459
250.38
250.43
250.423
250.35
250.39
250.44
250.55
250.4603
250.43
250.4401
250.43
250.44
250.42
250.405
250.4098
250.36
250.46
250.47
250.4202
250.38
250.34
250.28
250.36
250.43
250.37
250.4094
250.36
250.43
250.45
250.36
250.44
250.4361
250.34
250.3698
250.47
250.4228
250.44
250.47
250.41
250.39
250.35
250.31
250.31
250.22
250.15
250.18
250.16
250.205
250.2058
250.175
250.17
250.11
250.1806
250.09
250.13
250.12
250.08
250.1325
250.1
250.02
250.05
250.08
250.08
250.1
250.13
250.12
250.17
250.13
250.137
250.14
250.15
250.06
250.03
250.25
250.25
250.2
250.42
250.47
250.35
250.34
250.15
250.25
250.35
250.39
250.34
250.29
250.4
250.4276
250.47
250.48
250.46
250.5
250.5439
250.537
250.53
250.486
250.42
250.2
250.263
250.3814
250.36
250.535
250.52
250.6
250.75
250.845
250.69
250.65
250.48
250.51
250.45
250.48
250.55
250.45
250.4
250.375
250.48
250.472
250.4
250.43
250.38
250.3
250.39
250.39
250.29
250.41
250.4041
250.4542
250.435
250.44
250.791
250.73
250.7
250.76
250.8
250.805
250.9227
250.82
250.791
250.73
250.69
250.74
250.72
250.665
250.61
250.61
250.69
250.76
250.73
250.73
250.68
250.708
250.7
250.73
250.7
250.7544
250.6422
250.62
250.67
250.8
250.77
250.71
250.77
250.68
250.635
250.7
250.6
250.67
250.5873
250.62
250.68
250.7
250.71
250.68
250.71
250.73
250.78
250.72
250.74
250.71
250.6564
250.74
250.78
250.77
250.8
250.89
250.77
250.89
250.835
250.88
250.875
250.91
251.0
251.04
250.88
250.42
250.52
251.0
250.8262
250.75
250.925
250.87
250.85
251.125
251.19
251.03
251.29
250.9676
250.935
251.0
250.9
251.09
250.97
250.91
250.94
250.94
250.975
250.875
251.06
251.12
251.17
251.15
251.09
251.21
251.2
251.115
251.24
251.17
251.04
250.94
250.9075
250.88
250.78
250.84
250.92
250.99
251.04
251.0901
251.125
251.22
251.086
251.2623
251.35
251.37
251.32
251.21
251.25
251.07
251.0
251.1
250.875
250.95
250.945
250.83
250.94
250.9618
250.94
250.895
250.81
250.825
251.0
251.1
251.07
251.12
250.99
251.045
251.11
251.14
251.085
251.085
250.81
250.81
251.0
251.055
250.975
250.83
250.85
251.07
251.09
251.19
251.37
251.3402
251.35
251.29
251.17
251.14
251.05
251.0
251.05
251.0
251.14
251.1595
251.33
251.33
251.24
251.289
251.3359
251.4
251.33
251.1942
251.02
251.145
251.187
251.08
251.2
251.23
251.05
251.0
250.96
250.9625
250.94
250.92
250.8638
250.919
250.882
250.89
250.92
250.96
251.13
251.17
251.19
251.3
251.31
251.24
251.2
251.05
251.0208
251.08
251.1383
251.4
251.53
251.78
251.8292
251.85
251.935
251.88
251.88
251.74
251.48
251.49
251.315
251.258
251.25
251.305
251.26
251.14
251.1415
251.35
251.2848
251.26
251.258
251.295
251.2826
251.29
251.305
251.25
251.23
251.19
251.17
251.14
251.08
250.97
251.05
251.06
250.97
250.91
250.9474
250.96
250.99
251.0
250.9301
250.95
250.98
251.0097
251.02
251.0148
250.93
251.005
250.93
250.98
250.95
250.946
250.97
250.9451
250.94
250.95
251.0558
250.99
251.075
251.11
251.16
251.26
251.49
251.48
251.48
251.34
251.24
251.18
251.17
251.21
251.15
251.19
251.135
250.99
250.89
250.99
250.96
250.84
250.78
250.68
250.67
250.7
250.71
250.77
250.705
250.735
250.8
250.79
250.74
250.795
250.75
250.61
250.6068
250.67
250.75
250.765
250.8
250.94
250.915
250.84
250.9
250.94
250.89
250.98
251.12
251.03
251.02
251.1
250.99
251.11
251.12
251.085
251.12
251.17
251.0824
251.04
251.0
251.13
251.09
251.14
251.135
251.06
251.1109
251.06
251.01
251.0087
251.0
251.01
251.05
251.14
250.98
250.985
250.875
250.8
250.78
250.8999
250.84
250.77
250.81
250.75
250.74
250.68
250.74
250.63
250.65
250.525
250.47
250.58
250.61
250.67
250.67
250.64
250.555
250.54
250.6
250.62
250.6
250.62
250.51
250.4
250.43
250.36
250.38
250.4486
250.5
250.53
250.504
250.51
250.54
250.59
250.5729
250.59
250.7
250.88
250.89
251.02
250.9917
251.06
251.1
251.08
251.19
251.23
251.21
251.195
251.12
251.19
251.15
251.1693
251.3
251.39
251.53
251.52
251.5
251.468
251.42
251.41
251.4605
251.51
251.5575
251.58
251.6612
251.7099
251.655
251.66
251.64
251.59
251.51
251.54
251.49
251.47
251.44
251.582
251.7
251.76
251.86
251.81
251.66
251.8299
251.71
251.76
251.73
251.65
251.65
251.69
251.68
251.7525
251.95
251.93
252.11
251.96
252.67
252.02
252.08
252.46
251.87
251.5
251.7
251.96
252.01
251.82
251.79
251.905
252.35
252.4
252.3019
252.63
252.515
252.73
252.805
252.7685
252.78
253.11
253.11
252.97
253.245
253.1251
253.2
253.51
253.5
253.9
253.81
253.6134
253.55
253.5575
253.685
253.6
253.635
254.04
254.02
254.0
253.995
253.94
254.12
254.24
254.2825
254.275
254.11
254.41
254.35
254.43
254.525
254.52
254.62
254.54
254.43
254.69
254.8
254.75
255.06
254.89
254.67
254.5919
254.55
254.53
254.44
254.43
254.465
254.51
254.6
254.715
254.84
254.7833
254.88
254.93
254.7796
254.79
254.665
254.62
254.78
254.866
254.89
254.8
254.78
255.0
254.96
255.065
255.26
255.17
255.07
255.05
254.915
254.94
254.995
256.0
255.485
255.285
254.52
254.23
254.51
254.57
254.59
254.575
254.8222
254.7
254.7
254.54
254.17
254.4999
254.09
253.955
253.705
253.935
253.51
253.52
253.665
253.51
253.6
253.655
253.5102
253.49
253.57
253.745
253.75
253.725
253.7
253.99
253.98
254.42
254.77
254.5
254.41
254.41
254.3
254.46
254.48
254.71
254.59
255.17
255.07
255.2081
255.33
254.975
254.87
254.58
254.57
254.56
254.7
254.67
254.8
254.815
254.65
254.49
254.4
254.325
254.14
254.195
253.96
253.995
254.27
254.25
254.41
254.34
254.325
254.3
254.34
254.2372
254.28
254.39
254.25
254.37
254.16
254.08
254.15
254.0
254.14
254.04
254.04
253.95
254.13
254.1275
253.975
253.97
253.87
253.87
253.695
253.6961
253.725
254.18
254.16
253.94
253.9
253.745
253.74
253.95
253.975
253.99
253.955
253.965
253.945
254.16
254.15
254.23
254.03
254.13
254.06
254.09
254.01
253.99
253.91
253.75
253.77
253.77
253.72
253.81
253.63
253.69
253.85
253.89
253.88
253.71
253.72
253.62
253.34
253.41
253.5475
253.72
253.58
253.6
253.405
253.33
253.32
253.24
253.21
253.39
253.466
253.495
253.83
253.676
253.57
253.51
253.47
253.43
253.41
253.5
253.57
253.48
253.57
253.61
253.65
253.6
254.07
253.86
253.57
253.51
253.595
253.71
253.69
253.635
253.82
253.88
253.65
253.62
253.62
253.62
253.655
253.59
253.595
253.52
254.005
253.98
253.845
253.8818
254.3
254.32
254.315
254.705
254.6
254.88
254.58
254.48
254.53
254.555
254.4701
254.565
254.48
254.46
254.477
254.48
254.05
254.135
254.3299
254.355
254.35
254.37
254.43
254.295
254.37
254.38
254.355
254.235
254.62
254.595
254.49
254.45
254.48
254.43
254.45
254.53
254.58
254.69
254.59
254.58
254.625
254.655
254.555
254.56
254.555
254.52
254.515
254.42
254.44
254.46
254.37
254.22
254.23
254.26
254.19
254.04
254.085
254.12
254.07
254.08
254.17
254.02
254.04
254.045
253.92
253.895
253.89
253.9875
254.22
254.25
254.19
254.16
254.2
254.24
254.09
254.11
254.1604
254.11
253.965
253.86
253.86
253.95
253.95
253.995
254.0204
253.99
254.13
254.1
254.1175
254.1
254.045
254.1
254.14
254.12
254.2
254.275
254.271
254.21
254.11
254.18
254.175
254.205
254.32
254.56
254.54
254.56
254.555
254.62
254.48
254.34
254.3988
254.39
254.38
254.485
254.49
254.46
254.39
254.41
254.43
254.53
254.8798
254.52
254.72
255.0
255.055
255.25
255.3
255.085
255.18
255.235
255.1
255.569
255.6117
255.65
255.76
255.81
255.85
255.95
255.74
255.58
255.605
255.535
255.5
255.46
255.62
256.0
256.005
255.98
255.85
255.94
256.03
255.925
255.74
255.718
255.89
256.06
255.92
255.71
255.855
255.95
255.95
255.98
256.05
255.95
256.01
256.01
256.09
256.585
256.59
256.43
256.48
256.531
256.685
256.65
256.625
256.9
256.5747
256.8
256.8399
256.81
256.7178
256.75
256.99
256.9
256.88
256.56
256.25
256.47
256.35
256.3
256.4
256.44
256.3
256.745
256.64
256.65
256.64
256.655
256.72
256.4855
256.41
256.365
256.2
256.26
256.24
256.18
256.18
256.32
256.595
256.46
256.49
256.53
256.475
256.31
256.245
256.245
256.31
256.41
256.24
256.17
256.12
256.16
256.062
256.11
256.0468
256.145
256.09
256.21
256.26
256.302
256.42
256.58
256.365
256.275
256.03
256.0105
255.8401
255.89
255.86
255.91
255.91
255.84
255.97
255.935
255.94
255.88
255.86
255.86
255.78
255.85
255.7
255.82
255.75
255.76
255.67
255.63
255.5796
255.59
255.78
255.7001
255.74
255.96
255.95
256.205
256.27
256.12
256.07
256.0
255.92
256.09
256.08
256.1
256.135
256.1636
256.19
256.12
256.13
255.89
256.0
255.97
255.98
256.04
255.78
255.79
255.75
255.69
255.82
255.77
255.83
255.73
255.77
255.7192
255.59
255.62
255.61
255.54
255.6799
255.665
255.7042
255.73
255.64
255.63
255.61
255.62
255.63
255.76
255.71
255.7096
255.723
255.7
255.75
255.71
255.53
255.53
255.53
255.6
255.5
255.5127
255.52
255.6
255.61
255.72
255.73
255.68
255.7
255.67
255.56
255.6755
255.64
255.68
255.73
255.57
255.6
255.67
255.66
255.515
255.67
255.66
255.69
255.66
255.79
255.74
255.8
255.825
255.73
255.79
255.7428
255.71
255.7003
255.67
255.73
255.69
255.8
255.79
255.7467
255.6925
255.7
255.885
255.925
255.84
255.934
255.885
255.8807
255.8489
255.89
255.8708
255.8531
255.785
255.8337
255.36
255.32
255.31
255.42
255.6615
255.49
255.56
255.4
255.442
255.44
255.22
255.251
255.146
255.174
255.31
255.35
255.5
255.5099
255.49
255.49
255.44
255.3615
255.4899
255.3758
255.39
255.41
255.43
255.44
255.58
255.566
255.55
255.6
255.5395
255.5299
255.56
255.54
255.55
255.5199
255.54
255.62
255.61
255.52
255.43
255.3999
255.42
255.4545
255.52
255.48
255.4899
255.48
255.48
255.475
255.3
255.361
255.26
255.21
255.34
255.29
255.3
255.25
255.2718
255.37
255.32
255.32
255.19
255.26
255.2
255.13
255.1
255.16
255.26
255.28
255.26
255.31
255.29
255.32
255.26
255.14
255.2
255.2
255.22
255.28
255.2
255.27
255.275
255.31
255.37
255.4399
255.39
255.39
255.42
255.475
255.42
255.45
255.46
255.39
255.42
255.42
255.45
255.45
255.41
255.41
255.37
255.37
255.39
255.385
255.42
255.3
255.27
255.21
255.26
255.32
256.28
256.26
256.35
256.178
256.4448
256.44
256.855
256.5561
256.705
256.7114
256.86
257.0
257.16
257.09
257.08
257.0804
257.0496
256.89
256.89
256.82
256.69
256.995
256.905
256.95
256.88
256.95
257.15
257.0524
256.935
256.86
256.87
256.97
256.84
256.7
256.7
256.78
256.92
256.62
256.66
256.74
256.445
256.285
256.45
256.49
256.51
256.365
256.3
256.07
256.19
256.12
255.96
255.71
255.7
255.8422
256.18
256.18
256.1
256.21
256.19
256.22
256.13
256.08
256.26
256.25
256.4
256.25
256.1425
256.21
256.12
256.135
256.17
256.26
256.32
256.33
256.49
256.44
256.5102
256.62
256.685
256.73
256.73
256.49
256.45
256.45
256.39
256.43
256.49
256.26
256.13
256.11
256.11
256.25
256.3905
256.37
256.425
256.51
256.52
256.6413
256.73
256.56
256.36
256.36
256.35
256.3753
256.38
256.28
256.36
256.305
256.24
256.12
256.16
256.1384
256.2
255.825
255.945
255.95
256.07
256.125
256.125
256.125
256.0399
256.02
255.87
255.985
256.28
256.264
256.195
256.32
256.31
256.255
256.23
256.23
256.2985
256.33
256.35
256.31
256.17
256.2
256.3007
256.2955
256.325
256.35
256.33
256.34
256.3549
256.44
256.53
256.68
256.78
256.76
256.77
256.69
256.655
256.65
256.56
256.66
256.6744
256.69
256.635
256.52
256.5201
256.46
256.405
256.4
256.49
256.63
256.615
256.5735
256.56
256.5945
256.57
256.52
256.37
256.5
256.52
256.3298
256.28
256.2
256.29
256.35
256.315
256.2773
256.26
256.35
256.3482
256.38
256.43
256.455
256.33
256.31
256.3
256.29
256.25
256.25
256.32
256.28
256.3
256.195
256.39
256.22
256.245
256.34
256.39
256.3
256.29
256.255
256.07
255.96
256.045
255.9
255.89
255.96
255.74
255.72
255.92
255.85
255.8
255.8448
255.71
255.66
255.68
255.73
255.85
255.89
255.89
255.95
255.99
256.115
256.09
256.12
256.17
256.24
256.15
256.21
256.27
256.2
256.3
256.235
256.31
256.2185
256.44
256.34
256.3
256.34
256.3
256.18
256.16
256.19
256.09
256.205
256.29
256.24
256.14
256.07
256.15
256.115
256.07
256.16
256.05
256.08
256.07
256.09
256.25
256.2
256.27
256.19
256.29
256.25
256.23
256.27
256.31
256.3153
256.42
256.35
256.39
256.45
256.41
256.4784
256.48
256.55
256.49
256.52
256.57
256.57
256.4929
256.38
256.3347
256.3066
256.32
256.43
256.365
256.44
256.47
256.4
256.26
256.28
256.21
256.135
256.1586
256.18
256.07
256.08
256.11
256.02
255.97
256.03
256.02
256.0012
256.07
255.82
255.825
255.9
255.93
255.88
255.8482
255.82
255.83
255.85
256.03
256.02
255.99
255.99
255.9276
255.94
256.11
256.02
255.9
255.94
255.9055
255.94
256.02
256.08
256.09
256.11
256.1
256.13
256.07
256.09
256.075
256.06
255.99
255.8886
255.955
255.8
255.92
255.98
256.03
255.9
255.945
255.9
255.87
255.801
255.86
255.8
255.83
255.9
256.02
256.09
256.11
256.2079
256.14
256.07
256.13
256.1
256.15
256.18
256.12
256.05
256.02
256.0
256.0
256.07
256.03
256.06
256.165
256.36
256.33
256.93
256.4
256.8
257.0
257.14
257.48
257.23
257.28
257.33
257.23
257.27
257.27
257.505
257.41
257.61
257.5053
257.43
257.58
257.51
257.43
257.05
257.12
257.045
257.1
257.205
257.2
257.205
257.24
257.14
257.1
257.245
257.24
256.98
257.02
256.95
257.02
257.03
257.17
257.17
256.79
256.81
256.8
257.02
257.11
257.2
257.14
257.2
257.02
257.09
257.28
257.28
257.41
257.22
257.22
257.145
257.25
257.33
257.33
257.36
257.47
257.445
257.247
257.25
257.24
257.181
257.28
257.265
257.13
257.155
257.13
257.1154
257.3
257.42
257.2
257.21
257.2
257.32
257.0274
256.89
256.89
256.95
256.8499
256.7918
256.78
256.77
256.79
256.835
256.74
256.8564
256.88
256.935
256.9457
257.067
257.12
257.17
257.17
257.02
257.06
257.1032
257.085
257.16
257.135
257.075
257.22
257.1
257.32
257.3
257.2503
257.39
257.35
257.58
257.6005
257.5691
257.6
257.59
257.53
257.47
257.385
257.436
257.48
257.59
257.595
257.595
257.52
257.38
257.37
257.6346
257.64
257.64
257.67
257.54
257.54
257.55
257.33
257.509
257.51
257.43
257.49
257.405
257.34
257.34
257.37
257.38
257.46
257.455
257.385
257.365
257.49
257.4399
257.49
257.42
257.5
257.44
257.5
257.435
257.52
257.4455
257.53
257.465
257.64
257.68
257.65
257.77
257.8
257.7
257.71
257.672
257.59
257.64
257.59
257.638
257.54
257.49
257.5645
257.62
257.72
257.69
257.56
257.5
257.55
257.49
257.3
257.36
257.39
257.24
257.17
257.2231
257.365
257.36
257.46
257.44
257.48
257.47
257.4598
257.37
257.43
257.46
257.26
257.3552
257.48
257.38
257.38
257.385
257.46
257.446
257.45
257.56
257.4663
257.475
257.465
257.52
257.455
257.46
257.52
257.59
257.47
257.47
257.56
257.7
257.75
257.68
257.7247
257.48
257.47
257.48
257.4554
257.44
257.38
257.44
257.49
257.65
257.56
257.6
257.6
257.65
257.573
257.61
257.6
257.68
257.66
257.42
257.44
257.43
257.62
257.68
257.76
257.56
257.45
257.48
257.34
257.46
257.57
257.585
257.68
257.67
257.68
257.649
257.49
257.41
257.37
257.39
257.375
257.48
257.51
257.445
257.5255
257.5234
257.5145
257.39
257.2547
257.45
257.51
257.52
257.5
257.37
257.45
257.4399
257.525
257.42
257.4
257.47
257.43
257.39
257.415
257.39
257.3803
257.4
257.34
257.42
257.44
257.32
257.33
257.31
257.36
257.3168
257.255
257.13
257.15
257.175
257.3542
257.3375
257.2886
257.24
257.36
257.4
257.38
257.38
257.37
257.34
257.3163
257.34
257.45
257.41
257.37
257.35
257.37
257.3322
257.39
257.27
257.28
257.26
257.288
257.2399
257.274
257.29
257.38
257.37
257.28
257.17
257.1313
257.05
257.05
257.07
256.94
256.99
257.1
256.9501
256.97
257.06
257.105
257.08
257.085
257.1
257.16
257.08
257.23
257.195
257.12
257.1348
257.21
257.06
257.09
257.15
257.15
257.14
257.14
256.9806
257.05
257.009
256.96
256.91
256.88
256.815
256.7354
256.68
256.67
256.62
256.63
256.57
256.64
256.75
256.85
256.81
256.83
257.1101
256.95
257.0
257.2
257.264
257.1359
257.4466
257.4
257.73
257.61
257.65
257.56
257.5518
257.6225
257.62
257.62
257.42
257.3377
257.56
257.5748
257.5041
257.5042
257.535
257.6701
257.57
257.675
257.645
257.64
257.6488
257.61
257.42
257.41
257.3252
257.28
257.38
257.43
257.47
257.57
257.54
257.73
257.85
257.74
257.56
257.57
257.67
257.71
257.6
257.615
257.68
257.695
257.51
257.38
257.54
257.48
257.51
257.6275
257.81
257.7363
257.71
257.79
257.89
258.02
258.08
258.04
258.0
258.26
258.245
258.15
258.23
258.15
258.2012
258.3102
258.2718
258.39
258.17
258.05
258.06
258.0
258.045
257.97
258.04
258.1615
258.1
258.2
258.28
258.3558
258.3
258.32
258.14
258.03
258.11
258.0609
258.11
258.21
258.13
258.08
258.23
258.16
258.07
258.04
258.02
258.13
258.055
258.11
258.18
258.01
258.1
258.03
258.03
258.01
258.1183
258.09
258.13
258.23
258.27
258.24
258.23
258.3473
258.27
258.2832
258.415
258.17
258.19
258.1946
258.34
258.34
258.13
258.13
258.11
258.13
258.19
258.21
258.18
258.11
258.1088
258.08
258.03
258.1
257.94
258.16
258.0514
258.11
258.0
258.155
258.19
257.995
257.975
257.995
257.99
258.05
258.12
258.2
258.14
258.22
258.2
258.17
258.16
258.15
258.24
258.15
258.18
258.2304
258.236
258.19
258.28
258.35
258.313
258.26
258.16
258.13
258.11
258.155
258.2071
258.262
258.36
258.43
258.43
258.3705
258.285
258.3361
258.3
258.36
258.39
258.19
258.35
258.28
258.26
258.19
258.17
258.16
258.17
258.2
258.14
258.15
258.36
258.35
258.305
258.33
258.41
258.43
258.44
258.35
258.42
258.4
258.37
258.4
258.43
258.36
258.25
258.315
258.39
258.42
258.35
258.37
258.405
258.33
258.3859
258.45
258.41
258.395
258.6248
258.6451
258.78
258.77
258.72
258.7
258.669
258.69
258.7
258.74
258.74
258.6
258.61
258.59
258.68
258.68
258.67
258.585
258.68
258.75
258.6501
258.76
258.75
258.77
258.76
258.64
258.66
258.65
258.74
258.66
258.541
258.64
258.63
258.69
258.6067
258.63
258.63
258.6898
258.66
258.7025
258.78
258.83
258.91
258.82
258.795
258.91
258.82
258.86
258.77
258.84
258.8
258.82
258.82
258.8
258.785
258.72
258.82
258.86
258.785
258.82
258.82
258.81
258.84
258.8473
258.9
258.9
258.84
258.845
258.9307
258.92
258.93
258.9831
259.004
259.03
258.8602
258.91
258.94
258.9467
258.83
258.87
258.77
258.785
258.68
258.78
258.73
258.66
258.65
258.72
258.75
258.76
258.77
258.73
258.7
258.703
258.605
258.63
258.61
258.54
258.62
258.5807
258.51
258.45
258.515
258.56
258.58
258.66
258.51
258.51
258.57
258.49
258.41
258.43
258.36
258.24
258.3011
258.29
258.28
258.28
258.2
258.18
258.11
258.11
258.11
258.09
258.14
258.14
258.15
258.21
258.13
258.17
258.15
258.17
258.06
258.02
258.0
258.08
258.13
258.2
258.1
258.0
258.0499
258.02
258.035
258.09
258.0978
258.16
258.17
258.18
258.205
258.18
258.21
258.09
258.0
258.96
258.16
258.55
258.28
258.8197
258.9034
259.15
259.08
259.08
259.04
259.09
258.91
258.965
259.27
259.3125
259.5
259.38
259.48
259.51
259.51
259.495
259.46
259.6
259.5
259.4918
259.57
259.6
259.65
259.56
259.59
259.512
259.57
259.64
259.5795
259.57
259.63
259.59
259.77
259.76
259.725
259.62
259.78
259.65
259.6305
259.72
259.77
259.77
259.82
259.82
259.7091
259.83
259.88
259.77
259.82
259.808
259.75
259.76
259.755
259.79
259.63
259.715
259.7541
259.86
259.815
259.8
259.79
259.82
259.8051
259.79
259.84
259.91
259.96
259.9201
259.97
259.97
259.95
259.95
259.86
259.73
259.8172
259.87
259.8853
259.9
259.84
259.86
259.83
259.8315
259.9
259.8232
259.775
259.8
259.72
259.83
259.79
259.89
259.8
259.842
259.79
259.74
259.8
259.85
259.7711
259.86
259.77
259.8
259.78
259.8
259.79
259.75
259.91
259.91
259.84
259.91
259.86
259.9
259.94
259.8835
259.92
259.97
259.88
259.91
259.81
260.0
259.859
259.875
259.95
260.16
260.16
260.09
260.26
260.26
260.17
260.185
260.23
260.16
260.14
260.2
260.1
260.11
260.08
260.05
260.14
260.07
259.94
260.0927
260.17
260.16
260.09
260.14
260.0997
260.17
260.1
260.06
260.065
259.9
259.96
259.9
260.0
260.0999
259.9916
260.0303
260.04
260.15
260.14
260.16
260.17
260.202
260.24
260.17
260.31
260.34
260.24
260.21
260.34
260.2697
260.28
260.27
260.32
260.33
260.3647
260.42
260.45
260.52
260.55
260.4744
260.56
260.63
260.535
260.56
260.58
260.61
260.57
260.58
260.6
260.48
260.485
260.51
260.4215
260.57
260.485
260.57
260.5
260.59
260.55
260.545
260.58
260.56
260.68
260.647
260.6695
260.665
260.745
260.79
260.801
260.77
260.72
260.64
260.7547
260.85
260.8825
260.86
260.785
260.785
260.71
260.775
260.69
260.7045
260.64
260.58
260.59
260.66
260.71
260.74
260.73
260.705
260.66
260.73
260.725
260.729
260.63
260.75
260.75
260.65
260.61
260.68
260.65
260.7
260.74
260.66
260.69
260.66
260.5597
260.67
260.67
260.66
260.6
260.73
260.73
260.64
260.6432
260.62
260.725
260.54
260.5313
260.58
260.51
260.547
260.51
260.42
260.4
260.5
260.54
260.5
260.54
260.58
260.49
260.47
260.52
260.48
260.515
260.42
260.4498
260.4858
260.47
260.4898
260.42
260.37
260.41
260.46
260.5
260.5
260.5
260.48
260.55
260.6
260.65
260.65
260.58
260.63
260.5401
260.5501
260.6
260.552
260.51
260.57
260.5942
260.62
260.51
260.495
260.6
260.53
260.51
260.5008
260.4717
260.4822
260.54
260.565
260.6018
260.61
260.6
260.51
260.51
260.54
260.54
260.54
260.6017
260.67
260.735
260.79
260.79
260.87
260.85
260.8941
260.86
260.81
260.86
260.8
260.72
260.71
260.76
260.68
260.69
260.69
260.7
260.7348
260.74
260.8
260.85
260.85
260.77
260.8
260.83
260.77
260.76
260.72
260.71
260.715
260.7
260.74
260.67
260.64
260.64
260.61
260.71
260.63
260.645
260.61
260.54
261.84
261.66
261.25
261.8
261.8624
261.72
261.83
261.86
262.0
262.044
262.207
261.945
262.05
261.84
262.05
262.48
262.1675
262.025
262.1728
262.0936
262.17
262.015
261.94
262.07
262.07
262.15
262.3
262.2556
262.44
262.275
262.17
262.1668
262.315
262.305
262.3
262.38
262.46
262.37
262.5197
262.45
262.5
262.35
262.37
262.3
262.6505
262.61
262.52
262.676
262.53
262.7799
262.5
262.595
262.5796
262.52
262.5
262.54
262.55
262.5396
262.66
262.6985
262.71
262.64
262.6332
262.62
262.77
262.61
262.61
262.71
262.64
262.72
262.784
262.79
262.8
262.74
262.76
262.92
262.91
262.83
262.81
263.03
262.98
262.728
262.59
262.53
262.42
262.485
262.43
262.5256
262.505
262.57
262.51
262.54
262.51
262.5
262.4937
262.43
262.49
262.475
262.47
262.4083
262.39
262.33
262.41
262.43
262.46
262.48
262.4378
262.5299
262.5
262.46
262.52
262.59
262.5
262.57
262.54
262.6
262.75
262.68
262.655
262.67
262.7
262.685
262.56
262.575
262.75
262.7041
262.69
262.63
262.685
262.68
262.87
262.7
262.75
262.62
262.67
262.61
262.6736
262.73
262.69
262.59
262.57
262.77
262.7
262.77
262.69
262.6
