29.3
29.44
29.43
29.42
29.38
29.35
29.44
29.45
29.37
29.32
29.3502
29.37
29.37
29.36
29.3699
29.325
29.325
29.34
29.3
29.31
29.3399
29.37
29.38
29.38
29.4225
29.48
29.42
29.5
29.46
29.42
29.42
29.415
29.395
29.42
29.39
29.42
29.44
29.47
29.42
29.37
29.36
29.37
29.36
29.3
29.3
29.27
29.25
29.28
29.2638
29.235
29.31
29.29
29.31
29.3433
29.36
29.38
29.39
29.49
29.47
29.4577
29.43
29.43
29.38
29.38
29.42
29.35
29.36
29.33
29.32
29.32
29.27
29.25
29.31
29.29
29.31
29.3
29.31
29.305
29.28
29.285
29.284
29.27
29.29
29.27
29.29
29.32
29.31
29.29
29.26
29.23
29.24
29.25
29.24
29.23
29.23
29.2261
29.24
29.28
29.29
29.3
29.29
29.3
29.29
29.29
29.34
29.325
29.31
29.275
29.265
29.27
29.29
29.28
29.265
29.26
29.29
29.28
29.265
29.24
29.26
29.245
29.26
29.28
29.28
29.3
29.29
29.31
29.3
29.34
29.34
29.34
29.35
29.355
29.36
29.35
29.33
29.325
29.31
29.31
29.315
29.3
29.28
29.26
29.27
29.285
29.31
29.33
29.335
29.315
29.3239
29.33
29.325
29.325
29.325
29.34
29.3248
29.32
29.335
29.3361
29.37
29.4
29.38
29.3957
29.39
29.39
29.385
29.4
29.42
29.43
29.4708
29.4639
29.47
29.47
29.49
29.49
29.46
29.47
29.45
29.45
29.45
29.445
29.47
29.51
29.5001
29.505
29.475
29.4701
29.46
29.4793
29.4657
29.4784
29.47
29.48
29.48
29.48
29.495
29.51
29.55
29.56
29.56
29.56
29.555
29.555
29.5541
29.55
29.5553
29.55
29.54
29.545
29.54
29.54
29.51
29.505
29.51
29.52
29.5
29.49
29.49
29.45
29.46
29.455
29.46
29.44
29.445
29.45
29.44
29.44
29.445
29.46
29.46
29.46
29.47
29.49
29.48
29.47
29.475
29.47
29.47
29.47
29.47
29.455
29.455
29.45
29.46
29.47
29.455
29.47
29.455
29.4432
29.45
29.435
29.435
29.42
29.41
29.415
29.4354
29.4338
29.43
29.46
29.46
29.46
29.49
29.48
29.484
29.49
29.48
29.455
29.45
29.47
29.48
29.47
29.52
29.49
29.44
29.41
29.3701
29.38
29.4
29.42
29.41
29.385
29.45
29.47
29.47
29.5
29.5
29.49
29.47
29.47
29.47
29.46
29.45
29.46
29.43
29.401
29.4
29.406
29.41
29.4199
29.4043
29.389
29.375
29.375
29.36
29.3659
29.33
29.33
29.31
29.33
29.36
29.36
29.34
29.33
29.3201
29.33
29.32
29.3
29.3025
29.2477
29.26
29.25
29.23
29.245
29.251
29.26
29.265
29.2467
29.225
29.2395
29.24
29.24
29.235
29.225
29.22
29.22
29.215
29.23
29.225
29.2058
29.2
29.1975
29.21
29.1858
29.16
29.16
29.16
29.18
29.1702
29.19
29.17
29.17
29.1799
29.18
29.18
29.18
29.19
29.16
29.145
29.125
29.14
29.15
29.15
29.18
29.175
29.175
29.18
29.165
29.175
29.165
29.17
29.19
29.18
29.2
29.21
29.205
29.2
29.195
29.185
29.185
29.2
29.22
29.19
29.19
29.18
29.19
29.19
29.21
29.205
29.205
29.205
29.21
30.32
30.33
30.0
30.03
30.16
30.245
30.4
30.3201
30.37
30.175
30.25
30.205
30.26
30.25
30.2825
30.315
30.22
30.21
30.15
30.24
30.24
30.23
30.17
30.205
30.25
30.19
30.19
30.165
30.21
30.2
30.21
30.29
30.35
30.36
30.38
30.35
30.33
30.375
30.38
30.4203
30.5
30.475
30.51
30.4689
30.4597
30.46
30.41
30.46
30.4357
30.37
30.33
30.2901
30.24
30.295
30.3
30.27
30.265
30.242
30.26
30.32
30.27
30.3225
30.315
30.3
30.29
30.27
30.33
30.39
30.47
30.46
30.5
30.49
30.51
30.52
30.51
30.5208
30.505
30.58
30.6
30.57
30.5
30.5
30.53
30.5853
30.6
30.5592
30.5749
30.64
30.63
30.64
30.65
30.69
30.6827
30.67
30.66
30.62
30.675
30.66
30.6553
30.62
30.63
30.664
30.71
30.701
30.7
30.66
30.68
30.7197
30.7347
30.745
30.75
30.775
30.7801
30.805
30.78
30.7835
30.755
30.7801
30.7839
30.8793
30.8701
30.9039
30.87
30.87
30.925
30.9447
30.99
30.955
30.97
30.91
30.9538
30.989
30.98
31.045
31.05
31.041
31.0154
30.934
30.935
30.95
30.925
30.88
30.85
30.83
30.825
30.835
30.785
30.695
30.81
30.79
30.77
30.79
30.7335
30.77
30.76
30.81
30.78
30.8
30.83
30.88
30.885
30.92
30.95
30.93
30.94
30.935
30.895
30.895
30.9
30.9253
30.9392
30.96
30.98
31.01
31.01
30.97
30.93
30.895
30.9
30.926
30.955
30.96
30.98
30.975
30.97
30.98
30.96
30.92
30.925
30.925
30.995
30.99
30.99
30.96
30.97
30.95
30.95
30.969
30.955
30.9499
30.9565
30.965
30.96
30.975
30.9658
30.925
30.94
30.965
30.9841
30.97
31.015
31.0
31.0
30.98
30.98
30.965
30.955
30.945
30.95
30.97
31.01
31.01
30.995
30.995
31.0
31.0
30.99
30.99
30.975
30.98
30.98
30.98
30.9557
30.955
30.95
30.95
30.9165
30.9007
30.89
30.85
30.83
30.82
30.8119
30.81
30.815
30.795
30.78
30.75
30.74
30.775
30.78
30.7994
30.835
30.855
30.88
30.8994
30.895
30.865
30.84
30.85
30.84
30.845
30.87
30.865
30.82
30.82
30.835
30.85
30.87
30.87
30.86
30.87
30.865
30.8599
30.8431
30.82
30.765
30.765
30.78
30.79
30.78
30.8
30.79
30.8
30.81
30.8401
30.8
30.809
30.79
30.74
30.69
30.67
30.63
30.61
30.64
30.66
30.69
30.64
30.625
30.62
30.64
30.655
30.645
30.64
30.645
30.635
30.68
30.645
30.6663
30.67
30.64
30.645
30.645
30.635
30.641
30.645
30.65
30.645
30.615
30.61
30.595
30.595
30.61
30.63
30.62
30.6777
30.69
30.69
30.7
30.7
30.66
30.62
30.6327
30.665
30.654
30.6636
30.68
30.705
30.72
30.65
30.6543
30.685
30.68
30.685
30.69
30.685
30.705
30.708
30.72
30.76
30.735
30.72
30.74
30.735
30.77
30.72
30.724
30.725
30.73
30.73
30.72
30.71
30.705
30.705
30.73
30.755
30.7075
30.75
30.75
30.76
30.75
30.75
30.765
30.76
30.7599
30.75
30.745
30.8
30.7901
30.79
30.795
30.7952
30.78
30.77
30.795
30.77
30.73
30.72
30.72
30.715
30.725
30.72
30.78
30.76
30.78
30.7399
30.61
30.49
30.41
30.49
30.515
30.5
30.4
30.35
30.3
30.31
30.28
30.23
30.175
30.2257
30.24
30.35
30.2708
30.349
30.3399
30.4499
30.3399
30.2856
30.27
30.31
30.24
30.25
30.19
30.12
30.21
30.23
30.2
30.22
30.265
32.21
32.58
32.4869
33.0625
33.12
33.4
33.84
33.7001
33.765
33.9601
33.765
33.76
33.71
33.4189
32.91
32.7672
32.935
33.005
33.115
33.17
33.26
33.5
33.53
33.27
33.0214
33.05
32.84
33.0
33.0401
33.1201
33.11
33.12
33.225
33.375
33.4503
33.685
33.465
33.34
33.05
33.14
33.06
33.065
33.08
33.105
33.19
33.185
33.25
33.21
33.21
33.31
33.44
33.515
33.415
33.2243
33.225
33.08
33.04
32.99
32.985
32.9901
33.0501
33.235
33.25
33.135
33.14
33.19
33.25
33.25
33.22
33.245
33.32
33.285
33.195
33.155
33.235
33.28
33.35
33.305
33.305
33.31
33.33
33.36
33.3439
33.36
33.36
33.295
33.275
33.25
33.25
33.28
33.27
33.3176
33.29
33.23
33.1245
33.05
33.13
33.165
33.1516
33.12
33.06
33.02
33.08
33.09
33.055
33.01
32.8411
32.87
32.85
32.82
32.8199
32.84
32.85
32.865
32.817
32.785
32.76
32.7901
32.93
32.935
32.98
32.9889
32.98
32.97
32.955
32.955
32.92
32.92
32.925
32.89
32.815
32.755
32.8
32.825
32.8162
32.8648
32.779
32.78
32.79
32.75
32.68
32.5818
32.7099
32.7
32.57
32.6001
32.62
32.56
32.5
32.48
32.5
32.44
32.46
32.46
32.395
32.2848
32.37
32.3269
32.36
32.365
32.387
32.425
32.425
32.44
32.46
32.44
32.42
32.445
32.45
32.44
32.43
32.39
32.2975
32.3
32.2854
32.315
32.33
32.335
32.3201
32.335
32.34
32.2682
32.29
32.285
32.19
32.32
32.26
32.27
32.1699
32.24
32.28
32.06
32.01
32.17
32.2799
32.34
32.345
32.49
32.55
32.4525
32.475
32.52
32.52
32.41
32.35
32.27
32.26
32.29
32.2898
32.3184
32.31
32.2975
32.305
32.265
32.35
32.4
32.48
32.46
32.46
32.4
32.32
32.34
32.3
32.22
32.18
32.1502
32.232
32.2838
32.2425
32.17
32.22
32.25
32.29
32.366
32.34
32.355
32.405
32.4
32.38
32.43
32.275
32.25
32.27
32.25
32.29
32.265
32.23
32.25
32.24
32.215
32.25
32.2298
32.205
32.13
32.17
32.1265
32.1399
32.15
32.09
32.085
32.06
32.07
32.135
32.215
32.215
32.35
32.38
32.43
32.455
32.3559
32.38
32.44
32.47
32.41
32.33
32.3684
32.3539
32.33
32.3201
32.34
32.34
32.345
32.31
32.3174
32.3
32.3
32.32
32.4365
32.4
32.37
32.34
32.345
32.36
32.43
32.44
32.45
32.39
32.35
32.41
32.45
32.41
32.46
32.42
32.43
32.4509
32.46
32.4
32.425
32.53
32.55
32.62
32.62
32.64
32.76
32.735
32.79
32.76
32.73
32.69
32.71
32.82
32.8
32.715
32.6501
32.62
32.68
32.675
32.64
32.64
32.65
32.69
32.73
32.7
32.76
32.755
32.81
32.81
32.81
32.835
32.785
32.8042
32.85
32.8
32.79
32.815
32.84
32.73
32.63
32.5
32.65
32.5346
32.48
32.46
32.355
32.08
32.23
32.25
32.36
32.33
32.48
32.51
32.48
32.56
32.53
32.7
32.61
32.6822
32.62
32.63
32.68
32.635
32.5401
32.599
32.579
32.5256
32.62
32.62
32.61
32.51
32.47
32.42
32.43
32.41
32.32
32.3339
32.33
32.405
32.42
32.44
32.4
32.37
32.3633
32.37
32.325
32.31
32.4341
32.39
32.38
32.34
32.385
32.415
32.4
32.38
32.42
32.385
32.38
32.2984
32.34
32.28
32.28
32.23
32.22
32.25
32.24
32.2699
32.285
32.29
32.25
32.23
32.22
32.22
32.215
32.21
32.22
32.29
32.24
32.22
32.2
32.19
32.15
32.11
32.12
32.13
32.0799
32.0713
32.0299
32.05
32.08
32.04
32.0501
32.08
32.06
32.09
32.095
32.1
32.09
32.09
32.07
32.0661
32.05
32.04
32.03
32.05
32.05
32.055
32.035
32.03
32.03
32.0699
32.11
32.09
32.1
32.07
32.1
32.09
32.0866
32.09
32.01
31.95
31.96
31.96
31.96
31.96
31.98
32.0
31.98
32.01
32.04
32.065
32.0092
31.98
32.11
32.1
32.08
32.07
32.04
32.03
32.0143
32.0
31.975
31.965
31.97
31.955
31.9559
31.98
32.0
31.955
31.95
31.9565
31.9854
31.95
31.97
31.9559
31.95
31.96
31.94
31.96
31.965
31.96
31.99
31.9801
32.005
32.02
32.0
31.97
31.98
31.9659
31.96
31.97
31.975
31.96
31.95
31.95
31.9459
31.94
31.95
31.955
31.98
31.99
31.97
31.945
31.945
31.94
31.94
31.92
31.9079
31.905
31.9199
31.935
31.94
31.95
31.9562
31.94
31.9292
31.93
31.935
31.94
31.925
31.92
31.95
31.95
32.01
32.0
32.02
32.0
32.02
31.99
31.96
31.97
31.9775
31.97
31.94
31.95
31.95
31.97
31.96
31.95
31.92
31.88
31.9
31.89
31.8899
31.88
31.87
31.8765
31.8701
31.845
31.86
31.86
31.86
31.885
31.905
31.905
31.95
31.9451
31.94
31.935
31.93
31.91
31.9058
31.9
31.91
31.945
31.96
31.955
31.95
31.955
31.95
31.96
31.96
32.03
32.025
32.05
32.0638
32.07
32.115
32.1016
32.12
32.09
32.09
32.06
32.07
32.03
32.0
32.0
32.01
32.06
32.0
32.005
32.0
32.0
32.02
32.0
32.0
31.985
31.94
31.89
31.91
31.89
31.87
31.85
31.84
31.86
31.865
31.86
31.86
31.844
31.86
31.84
31.84
31.835
31.8242
31.835
31.88
31.88
31.85
31.88
31.83
31.79
31.795
31.76
31.73
31.735
31.71
31.69
31.69
31.7
31.715
31.69
31.65
31.73
31.74
31.74
31.71
31.73
31.73
31.69
31.7
31.74
31.73
31.709
31.68
31.7
31.7259
31.75
31.75
31.805
31.79
31.81
31.78
31.7861
31.77
31.77
31.78
31.7763
31.8155
31.8357
31.805
31.8001
31.839
31.81
31.8
31.8
31.8
31.8
31.8
31.8
31.8
31.8
31.8
31.8
31.81
31.8
31.81
31.8
31.8
31.805
31.825
31.8166
31.81
31.8098
31.8
31.8065
31.805
31.805
31.835
31.865
31.865
31.845
31.8566
31.85
31.85
31.87
31.88
31.85
31.845
31.855
31.9
31.9
31.89
31.9
31.9
31.88
31.91
31.88
31.885
31.86
31.8
31.69
31.5
31.545
31.5745
31.75
31.829
32.13
32.05
32.05
32.08
31.992
31.91
31.86
31.9
31.83
31.77
31.75
31.765
31.805
31.74
31.69
31.65
31.65
31.67
31.7
31.685
31.72
31.67
31.72
31.7
31.69
31.68
31.63
31.6
31.6664
31.65
31.67
31.66
31.69
31.76
31.76
31.75
31.795
31.76
31.8285
31.8461
31.84
31.825
31.814
31.73
31.7899
31.765
31.82
31.795
31.845
31.83
31.9
31.895
31.92
31.87
31.86
31.86
31.87
31.84
31.79
31.8
31.78
31.78
31.77
31.83
31.83
31.82
31.8
31.835
31.86
31.83
31.83
31.855
31.855
31.85
31.84
31.825
31.845
31.87
31.89
31.865
31.87
31.87
31.88
31.85
31.85
31.845
31.86
31.8753
31.88
31.905
31.865
31.8678
31.88
31.7712
31.74
31.69
31.69
31.59
31.5683
31.61
31.57
31.585
31.58
31.55
31.4951
31.5418
31.53
31.51
31.48
31.45
31.47
31.465
31.47
31.47
31.475
31.5
31.51
31.52
31.55
31.57
31.6071
31.6199
31.5839
31.55
31.505
31.495
31.48
31.485
31.49
31.5125
31.51
31.51
31.4861
31.51
31.51
31.51
31.44
31.445
31.43
31.435
31.48
31.47
31.49
31.445
31.465
31.44
31.43
31.44
31.4091
31.3735
31.37
31.37
31.36
31.35
31.36
31.375
31.43
31.38
31.395
31.3499
31.33
31.28
31.32
31.27
31.275
31.26
31.16
31.1443
31.18
31.18
31.23
31.23
31.21
31.2
31.205
31.22
31.215
31.22
31.25
31.25
31.24
31.2997
31.31
31.305
31.265
31.245
31.26
31.26
31.27
31.275
31.24
31.2
31.15
31.13
31.115
31.165
31.15
31.16
31.1862
31.19
31.155
31.14
31.1499
31.1
31.0973
31.08
31.0707
31.095
31.075
31.05
31.07
31.095
31.09
31.1
31.09
31.0865
31.1
31.125
31.1861
31.17
31.2183
31.22
31.23
31.2173
31.2093
31.125
31.11
31.1299
31.14
31.19
31.23
31.22
31.22
31.24
31.21
31.23
31.23
31.21
31.2
31.165
31.2
31.21
31.21
31.2
31.16
31.16
31.17
31.18
31.17
31.175
31.18
31.17
31.2
31.22
31.21
31.2275
31.22
31.24
31.255
31.28
31.28
31.3
31.32
31.24
31.29
31.24
31.2
31.2
31.21
31.2
31.21
31.2
31.225
31.21
31.2
31.21
31.2125
31.2357
31.26
31.26
31.28
31.26
31.245
31.25
31.2337
31.23
31.21
31.195
31.16
31.145
31.14
31.16
31.16
31.18
31.1805
31.19
31.13
31.14
31.1667
31.17
31.1899
31.165
31.16
31.13
31.1499
31.11
31.1201
31.1259
31.099
31.106
31.14
31.145
31.13
31.155
31.1484
31.14
31.12
31.11
31.1
31.1
31.1
31.09
31.1
31.075
31.12
31.1114
31.1154
31.115
31.134
31.14
31.15
31.17
31.1699
31.17
31.1652
31.17
31.18
31.2
31.2
31.2
31.19
31.2
31.23
31.2298
31.26
31.21
31.178
31.16
31.13
31.1
31.15
31.15
31.12
31.08
31.09
31.095
31.06
31.04
31.065
31.08
31.08
31.07
31.06
31.044
31.05
31.05
31.07
31.09
31.08
31.08
31.09
31.0501
31.03
31.05
31.055
31.04
31.04
31.06
31.09
31.1
31.17
31.2
31.2199
31.26
31.04
31.04
30.87
30.8622
30.94
30.92
31.0
31.1242
31.1201
31.12
31.05
31.07
31.08
31.04
31.04
31.11
31.09
31.13
31.11
31.055
31.025
31.025
30.94
30.95
30.905
30.9
30.91
30.93
30.91
30.94
31.02
30.98
30.9631
30.99
31.05
30.99
30.98
30.94
30.92
30.903
30.91
30.92
30.88
30.86
30.87
30.866
30.91
30.91
30.87
30.87
30.875
30.89
30.92
30.91
30.95
30.945
30.899
30.885
30.9
30.9
30.95
30.96
30.98
30.9399
30.88
30.89
30.8861
30.88
30.9
30.91
30.92
30.92
30.95
31.01
31.0125
31.03
31.04
31.1
31.105
31.1
31.07
31.04
31.02
31.0
31.0
31.0
31.02
31.03
31.045
31.0501
31.08
31.1
31.15
31.12
31.16
31.15
31.14
31.12
31.1
31.04
31.01
31.0439
31.09
31.09
31.105
31.11
31.11
31.12
31.145
31.16
31.2
31.215
31.23
31.28
31.3061
31.26
31.3
31.3379
31.3
31.32
31.31
31.28
31.28
31.2763
31.28
31.27
31.3
31.2847
31.27
31.28
31.22
31.3
31.32
31.36
31.36
31.35
31.35
31.33
31.35
31.38
31.41
31.46
31.46
31.49
31.475
31.465
31.44
31.454
31.48
31.49
31.515
31.56
31.565
31.56
31.579
31.605
31.61
31.61
31.59
31.57
31.57
31.58
31.58
31.59
31.575
31.565
31.58
31.5901
31.58
31.58
31.6693
31.657
31.63
31.63
31.64
31.65
31.68
31.675
31.67
31.595
31.6
31.57
31.55
31.55
31.5287
31.5301
31.5301
31.53
31.5001
31.53
31.54
31.575
31.6
31.61
31.63
31.646
31.62
31.63
31.61
31.6
31.61
31.65
31.65
31.65
31.63
31.59
31.609
31.645
31.645
31.63
31.6357
31.6442
31.63
31.64
31.6792
31.75
31.77
31.759
31.72
31.69
31.67
31.67
31.69
31.68
31.6738
31.64
31.68
31.68
31.665
31.65
31.65
31.62
31.63
31.6
31.6
31.6
31.64
31.6
31.58
31.58
31.66
31.67
31.66
31.665
31.7
31.67
31.66
31.67
31.7
31.7196
31.74
31.71
31.69
31.71
31.69
31.705
31.68
31.665
31.665
31.68
31.68
31.67
31.69
31.695
31.68
31.685
31.68
31.705
31.69
31.73
31.69
31.695
31.69
31.685
31.675
31.68
31.7
31.69
31.7013
31.705
31.72
31.73
31.7
31.69
31.675
31.675
31.71
31.7
31.6405
31.64
31.665
31.626
31.645
31.645
31.64
31.7
31.69
31.66
31.65
31.615
31.614
31.635
31.625
31.62
31.62
31.625
31.66
31.68
31.675
31.66
31.71
31.7
31.78
31.775
31.775
31.8139
31.825
31.8392
31.885
31.89
31.88
31.885
31.885
31.8801
31.881
31.9301
31.895
31.8248
31.825
31.79
31.785
31.815
31.81
31.835
31.86
31.885
31.875
31.875
31.915
31.925
31.911
31.915
31.905
31.915
31.915
31.925
31.94
31.93
31.945
31.9
31.89
31.91
31.905
31.905
31.92
31.89
31.87
31.89
31.875
31.885
31.905
31.94
31.955
31.955
31.95
31.915
31.92
31.91
31.92
31.93
31.91
31.92
31.935
31.9201
31.88
31.875
31.88
31.885
31.865
31.885
31.875
31.8601
31.88
31.875
31.865
31.89
31.89
31.945
31.935
31.975
31.98
31.88
32.02
31.88
31.76
31.87
31.94
31.96
32.08
32.14
32.095
32.242
31.94
32.05
32.09
32.13
32.0622
32.06
31.95
32.0
31.92
31.86
31.885
31.89
31.88
31.895
31.875
31.88
31.83
31.805
31.88
31.9
31.995
32.06
32.08
32.05
32.03
32.07
32.05
32.09
32.07
32.03
31.92
31.84
31.8437
31.878
31.845
31.8661
31.875
31.82
31.85
31.88
31.81
31.83
31.8
31.8
31.795
31.75
31.78
31.78
31.83
31.9
31.84
31.91
31.89
31.83
31.82
31.83
31.84
31.86
31.89
31.93
31.97
31.935
31.97
31.93
31.91
31.86
31.85
31.815
31.82
31.83
31.89
31.925
31.94
31.9839
31.99
32.035
32.06
32.045
32.0437
32.03
32.01
32.01
31.99
32.0
32.07
32.09
32.13
32.08
32.1
32.175
32.15
32.145
32.15
32.165
32.17
32.18
32.18
32.23
32.245
32.26
32.23
32.25
32.275
32.3335
32.37
32.4
32.405
32.38
32.405
32.4299
32.466
32.57
32.559
32.46
32.45
32.46
32.4
32.35
32.3301
32.38
32.41
32.41
32.47
32.46
32.46
32.465
32.4
32.39
32.3884
32.38
32.38
32.4
32.39
32.38
32.36
32.3668
32.37
32.34
32.32
32.33
32.3343
32.335
32.37
32.3711
32.38
32.36
32.32
32.3
32.32
32.34
32.35
32.37
32.34
32.37
32.36
32.375
32.44
32.445
32.48
32.52
32.49
32.49
32.5336
32.61
32.64
32.58
32.52
32.46
32.485
32.49
32.45
32.48
32.43
32.3908
32.35
32.33
32.33
32.39
32.41
32.36
32.37
32.37
32.4
32.43
32.39
32.3301
32.33
32.33
32.32
32.33
32.29
32.28
32.295
32.3211
32.35
32.365
32.35
32.39
32.4
32.41
32.36
32.4
32.4
32.4042
32.42
32.41
32.4392
32.43
32.455
32.49
32.48
32.51
32.51
32.52
32.52
32.524
32.5035
32.51
32.47
32.5
32.48
32.41
32.43
32.44
32.45
32.43
32.4257
32.41
32.39
32.395
32.4
32.455
32.459
32.46
32.46
32.4308
32.41
32.4
32.385
32.44
32.41
32.38
32.42
32.44
32.48
32.495
32.49
32.46
32.465
32.46
32.45
32.47
32.47
32.485
32.54
32.53
32.52
32.51
32.5266
32.51
32.49
32.49
32.501
32.499
32.5
32.51
32.47
32.48
32.47
32.465
32.46
32.44
32.39
32.41
32.37
32.41
32.38
32.3861
32.37
32.375
32.365
32.36
32.35
32.365
32.37
32.38
32.36
32.35
32.323
32.34
32.345
32.35
32.38
32.38
32.42
32.41
32.4299
32.425
32.45
32.45
32.455
32.38
32.39
32.405
32.3912
32.415
32.41
32.395
32.425
32.41
32.45
32.425
32.4
32.425
32.425
32.4658
32.45
32.46
32.455
32.47
32.46
32.47
32.46
32.47
32.45
32.47
32.47
32.48
32.47
32.42
32.405
32.42
32.43
32.41
32.4194
32.415
32.4
32.38
32.3861
32.42
32.405
32.45
32.43
32.43
32.41
32.415
32.38
32.385
32.38
32.36
32.34
32.315
32.31
32.3
32.305
32.34
32.345
32.34
32.345
32.339
32.3308
32.34
32.345
32.36
32.36
32.33
32.345
32.365
32.39
32.38
32.405
32.41
32.42
32.435
32.405
32.405
32.385
32.405
32.38
32.44
32.51
32.53
32.535
32.58
32.58
32.475
32.4001
32.31
32.36
32.31
32.41
32.57
32.66
32.72
32.77
32.63
32.74
32.79
32.69
32.61
32.63
32.65
32.61
32.65
32.59
32.62
32.615
32.62
32.68
32.67
32.6305
32.63
32.64
32.63
32.67
32.65
32.6451
32.66
32.6
32.58
32.6
32.57
32.5301
32.46
32.5
32.5
32.49
32.47
32.43
32.41
32.35
32.346
32.36
32.3758
32.36
32.32
32.37
32.34
32.355
32.34
32.33
32.34
32.33
32.3
32.27
32.25
32.23
32.27
32.27
32.27
32.21
32.16
32.15
32.1
32.0
32.02
32.0152
31.995
31.955
31.92
31.9499
31.92
31.88
31.83
31.809
31.79
31.77
31.7645
31.74
31.72
31.8073
31.79
31.82
31.76
31.78
31.85
31.8361
31.86
31.83
31.81
31.825
31.84
31.83
31.825
31.825
31.835
31.855
31.88
31.85
31.895
31.89
31.89
31.9
31.87
31.84
31.82
31.79
31.785
31.795
31.8
31.78
31.76
31.765
31.74
31.7389
31.79
31.8
31.79
31.77
31.8
31.79
31.79
31.77
31.78
31.77
31.77
31.77
31.78
31.7716
31.76
31.77
31.77
31.77
31.784
31.785
31.79
31.76
31.76
31.73
31.745
31.715
31.7062
31.71
31.73
31.679
31.66
31.63
31.61
31.61
31.61
31.59
31.6
31.58
31.59
31.57
31.58
31.63
31.5856
31.615
31.697
31.71
31.675
31.68
31.66
31.67
31.665
31.71
31.7
31.7
31.7288
31.76
31.76
31.76
31.76
31.7458
31.759
31.754
31.75
31.78
31.75
31.75
31.745
31.77
31.745
31.74
31.745
31.7398
31.705
31.715
31.71
31.72
31.72
31.715
31.719
31.71
31.71
31.71
31.7
31.705
31.705
31.725
31.73
31.73
31.721
31.73
31.73
31.7225
31.78
31.78
31.78
31.7858
31.79
31.795
31.8
31.86
31.85
31.85
31.86
31.85
31.87
31.87
31.865
31.88
31.885
31.9049
31.9
31.88
31.89
31.89
31.9
31.9
31.915
31.915
31.94
31.94
31.925
31.905
31.89
31.8816
31.865
31.865
31.86
31.87
31.86
31.9
31.9
31.9
31.9501
31.96
31.96
31.97
31.945
31.945
31.949
31.95
31.955
31.965
31.97
31.99
31.9534
31.955
31.945
31.945
31.945
31.945
31.96
32.0086
32.01
32.03
32.03
32.11
32.15
32.22
32.195
32.19
32.205
32.21
32.28
32.29
32.26
32.2
32.19
32.18
32.17
32.14
32.16
32.14
32.145
32.101
32.11
32.14
32.15
32.17
32.2092
32.22
32.2
32.23
32.24
32.225
32.24
32.24
32.23
32.24
32.2253
32.22
32.24
32.24
32.23
32.23
32.21
32.17
32.19
32.15
32.1599
32.15
32.16
32.16
32.17
32.22
32.22
32.23
32.26
32.2832
32.33
32.31
32.31
32.2801
32.285
32.31
32.31
32.32
32.33
32.289
32.28
32.285
32.28
32.29
32.291
32.285
32.25
32.239
32.23
32.24
32.24
32.2517
32.235
32.21
32.2
32.2
32.16
32.17
32.17
32.1815
32.18
32.17
32.15
32.15
32.14
32.16
32.155
32.145
32.16
32.17
32.185
32.17
32.14
32.14
32.13
32.159
32.12
32.09
32.075
32.08
32.08
32.025
32.07
32.05
32.01
32.025
31.94
33.07
33.07
32.7416
32.8
32.713
32.71
32.73
32.6975
32.6172
32.66
32.6665
32.68
32.6735
32.7
32.72
32.6122
32.56
32.44
32.482
32.5392
32.638
32.6561
32.715
32.7
32.6555
32.6922
32.667
32.68
32.67
32.66
32.665
32.64
32.63
32.6699
32.665
32.67
32.6
32.56
32.54
32.52
32.56
32.6175
32.6257
32.5854
32.5847
32.69
32.66
32.65
32.63
32.65
32.6
32.61
32.615
32.6171
32.5753
32.6899
32.75
32.77
32.7227
32.71
32.795
32.765
32.735
32.7
32.69
32.74
32.72
32.73
32.71
32.72
32.7365
32.715
32.74
32.73
32.7154
32.6761
32.64
32.5999
32.64
32.6592
32.71
32.7601
32.82
32.84
32.8358
32.8498
32.89
32.895
32.9662
32.985
33.01
32.94
32.98
32.9
32.91
32.94
32.92
32.93
32.93
32.9464
32.935
32.945
32.965
32.98
32.98
32.9812
32.99
32.98
32.975
33.0075
33.025
33.02
33.02
33.015
33.05
33.07
33.08
33.1399
33.15
33.1
33.129
33.06
33.0465
33.035
33.02
33.01
33.015
33.02
33.03
33.07
33.07
33.08
33.0884
33.05
33.065
33.0338
33.0139
33.02
33.05
33.0388
33.0161
33.03
33.03
33.03
33.02
33.012
33.02
33.0
33.015
33.03
33.04
33.03
33.037
33.035
33.05
33.0843
33.0866
33.14
33.13
33.1261
33.11
33.119
33.135
33.136
33.1299
33.153
33.135
33.1272
33.1299
33.12
33.12
33.13
33.08
33.07
33.0652
33.04
33.035
33.0361
33.015
33.01
33.025
33.04
33.12
33.16
33.18
33.18
33.2085
33.185
33.185
33.21
33.18
33.125
33.09
33.08
33.07
33.05
33.05
33.03
33.057
33.0975
33.095
33.1049
33.115
33.11
33.135
33.15
33.13
33.16
33.1855
33.1537
33.189
33.165
33.1299
33.129
33.09
33.079
33.0
32.995
32.9962
32.94
32.96
32.9739
33.0
32.9061
32.95
32.9852
32.99
32.94
32.93
32.9384
32.91
32.915
32.915
32.9092
32.9265
32.89
32.9
32.915
32.91
32.9
32.91
32.92
32.915
32.9
32.92
32.91
32.925
32.955
32.9761
32.97
32.93
32.9465
32.94
32.925
32.93
32.91
32.94
32.9035
32.925
32.92
32.93
32.93
32.9153
32.915
32.9263
32.915
32.91
32.895
32.9088
32.915
32.915
32.92
32.8999
32.9
32.9186
32.9165
32.92
32.94
32.93
32.92
32.92
32.92
32.9399
32.9199
32.905
32.915
32.875
32.88
32.87
32.8701
32.875
32.865
32.85
32.87
32.873
32.87
32.87
32.85
32.864
32.855
32.855
32.835
32.8221
32.826
32.815
32.82
32.825
32.845
32.82
32.805
32.78
32.771
32.755
32.76
32.77
32.7834
32.795
32.765
32.765
32.78
32.76
32.759
32.77
32.755
32.765
32.75
32.805
32.785
32.776
32.79
32.77
32.775
32.78
32.785
32.7848
32.755
32.755
32.765
32.755
32.78
32.79
32.78
32.77
32.7758
32.765
32.76
32.745
32.741
32.74
32.725
32.715
32.71
32.675
32.66
32.64
32.655
32.635
32.635
32.61
32.6067
32.59
32.61
32.605
32.59
32.58
32.565
32.575
32.595
32.605
32.615
32.615
32.625
32.6
32.59
32.58
32.6
32.625
32.625
32.64
32.605
32.58
32.6
32.58
32.585
32.56
32.59
32.59
32.57
32.57
32.56
32.57
32.66
32.635
32.6998
32.78
32.82
32.935
32.9
32.9025
32.8999
32.83
32.77
32.82
32.73
32.8
32.8
32.81
32.8
32.8
32.8
32.805
32.84
32.8928
32.82
32.959
32.9465
32.95
32.96
32.92
32.8366
32.88
32.86
32.86
32.78
32.83
32.7548
32.74
32.73
32.64
32.7357
32.71
32.73
32.72
32.735
32.72
32.71
32.7
32.6692
32.65
32.605
32.585
32.59
32.619
32.605
32.62
32.68
32.71
32.68
32.68
32.6899
32.725
32.7301
32.7225
32.73
32.72
32.7099
32.66
32.63
32.62
32.625
32.62
32.61
32.57
32.6075
32.62
32.63
32.65
32.66
32.69
32.705
32.71
32.75
32.739
32.705
32.68
32.66
32.65
32.625
32.6163
32.64
32.645
32.63
32.64
32.609
32.62
32.62
32.639
32.6573
32.645
32.615
32.62
32.635
32.64
32.7
32.6892
32.7166
32.67
32.695
32.64
32.615
32.6
32.6
32.5999
32.59
32.58
32.59
32.61
32.615
32.58
32.5999
32.57
32.57
32.5963
32.6
32.63
32.615
32.635
32.62
32.62
32.61
32.61
32.5959
32.61
32.61
32.62
32.59
32.59
32.605
32.57
32.57
32.5784
32.575
32.6
32.57
32.5701
32.59
32.63
32.64
32.63
32.65
32.645
32.64
32.6401
32.639
32.63
32.635
32.635
32.63
32.62
32.6
32.595
32.599
32.5757
32.58
32.5985
32.6
32.59
32.61
32.6
32.585
32.595
32.575
32.58
32.6
32.6408
32.655
32.655
32.665
32.645
32.64
32.65
32.65
32.645
32.65
32.645
32.655
32.68
32.67
32.67
32.6599
32.64
32.6685
32.66
32.655
32.66
32.61
32.58
32.56
32.565
32.565
32.5621
32.575
32.5899
32.555
32.555
32.56
32.5525
32.5664
32.56
32.5357
32.51
32.52
32.55
32.5752
32.597
32.605
32.6
32.605
32.635
32.64
32.605
32.6062
32.6189
32.605
32.62
32.61
32.61
32.61
32.6189
32.605
32.6054
32.615
32.65
32.645
32.645
32.6581
32.636
32.65
32.64
32.6566
32.645
32.645
32.6438
32.6058
32.6099
32.6
32.6001
32.6
32.62
32.61
32.6301
32.64
32.645
32.63
32.605
32.595
32.585
32.58
32.57
32.575
32.5699
32.57
32.57
32.58
32.58
32.58
32.57
32.57
32.58
32.595
32.5899
32.585
32.59
32.603
32.63
32.64
32.64
32.65
32.64
32.63
32.635
32.6347
32.6
32.605
32.61
32.61
32.61
32.61
32.62
32.6254
32.639
32.64
32.63
32.64
32.65
32.6302
32.6354
32.64
32.63
32.64
32.67
32.665
32.67
32.68
32.6899
32.6662
32.67
32.67
32.635
32.64
32.64
32.65
32.6499
32.67
32.64
32.64
32.645
32.64
32.6097
32.585
32.58
32.58
32.59
32.59
32.57
32.585
32.59
32.5699
32.55
32.56
32.555
32.5756
32.5551
32.5477
32.54
32.52
32.54
32.56
32.54
32.53
32.555
32.5301
32.55
32.55
32.55
32.54
32.53
32.525
32.53
32.555
32.525
32.54
32.5455
32.575
32.575
32.5642
32.5554
32.56
32.58
32.5956
32.575
32.58
32.571
32.565
32.5847
32.58
32.5998
32.59
32.5901
32.6154
32.61
32.6
32.605
32.605
32.5955
32.61
32.6161
32.63
32.615
32.6
32.645
32.6493
32.665
32.6658
32.65
32.6561
32.67
32.655
32.66
32.6525
32.68
