0.52
0.5195
0.5143
0.5116
0.5117
0.5182
0.5113
0.515
0.5111
0.51
0.51
0.5101
0.51
0.51
0.512
0.5107
0.5121
0.5118
0.5101
0.5109
0.51
0.51
0.5117
0.515
0.5116
0.511
0.511
0.511
0.51
0.51
0.5101
0.5102
0.5102
0.5101
0.51
0.51
0.51
0.508
0.508
0.5083
0.5082
0.5082
0.5083
0.508
0.508
0.508
0.5081
0.5081
0.508
0.508
0.508
0.508
0.508
0.508
0.508
0.508
0.508
0.508
0.508
0.508
0.508
0.508
0.508
0.508
0.508
0.508
0.5082
0.5086
0.508
0.508
0.508
0.508
0.508
0.508
0.508
0.508
0.508
0.508
0.508
0.508
0.508
0.508
0.508
0.508
0.5081
0.508
0.5081
0.5081
0.5081
0.5081
0.508
0.5081
0.508
0.508
0.5052
0.5051
0.505
0.505
0.505
0.504
0.5035
0.5035
0.5036
0.5033
0.503
0.503
0.5031
0.5083
0.5046
0.5049
0.5055
0.5056
0.506
0.506
0.5061
0.507
0.5062
0.5062
0.5069
0.5064
0.5065
0.5064
0.5061
0.5063
0.5062
0.5081
0.5082
0.5092
0.5091
0.5104
0.5114
0.5124
0.5114
0.5127
0.5101
0.511
0.5102
0.5111
0.5112
0.5113
0.512
0.5123
0.5125
0.5128
0.5128
0.5128
0.52
0.5204
0.5221
0.5221
0.5222
0.5225
0.5203
0.5225
0.521
0.5217
0.5222
0.5221
0.5222
0.5222
0.5221
0.5222
0.5221
0.5222
0.5222
0.5223
0.5222
0.5222
0.5225
0.5223
0.5259
0.5232
0.5233
0.5233
0.5233
0.5233
0.5233
0.5233
0.5234
0.5235
0.5242
0.524
0.524
0.524
0.5241
0.5242
0.5245
0.5245
0.5244
0.527
0.5263
0.525
0.5241
0.5253
0.5245
0.5253
0.5253
0.5252
0.5252
0.5252
0.5249
0.5252
0.5251
0.5253
0.5256
0.5256
0.5253
0.5255
0.5255
0.5255
0.5255
0.5247
0.5229
0.52
0.5202
0.5202
0.5202
0.5202
0.5202
0.5202
0.5206
0.5205
0.5205
0.5203
0.5213
0.5223
0.5225
0.5225
0.5232
0.5251
0.5251
0.525
0.525
0.5261
0.5262
0.5263
0.5281
0.5266
0.5267
0.5266
0.5262
0.5266
0.5266
0.5263
0.5264
0.5281
0.5281
0.5281
0.5273
0.5269
0.526
0.523
0.5237
0.528
0.525
0.525
0.5251
0.525
0.525
0.5235
0.5233
0.523
0.5231
0.5231
0.5231
0.5231
0.5266
0.5233
0.5233
0.5231
0.5232
0.523
0.523
0.523
0.5231
0.5231
0.5233
0.5234
0.5234
0.5233
0.5234
0.5233
0.5231
0.5233
0.5231
0.5231
0.5232
0.525
0.524
0.5257
0.5257
0.5248
0.5249
0.5257
0.5255
0.525
0.5242
0.5237
0.5252
0.5232
0.5232
0.5233
0.5231
0.5233
0.5232
0.5231
0.5231
0.523
0.525
0.525
0.5251
0.525
0.5252
0.5252
0.5252
0.5253
0.5251
0.5252
0.525
0.525
0.5251
0.525
0.5254
0.5254
0.5256
0.5255
0.5255
0.5255
0.523
0.5236
0.523
0.523
0.5232
0.523
0.523
0.523
0.523
0.523
0.523
0.5223
0.5211
0.521
0.5203
0.5211
0.52
0.52
0.5207
0.5208
0.5207
0.52
0.52
0.52
0.52
0.52
0.52
0.5203
0.5202
0.5203
0.5203
0.5202
0.5203
0.5201
0.5203
0.5201
0.52
0.5202
0.5202
0.5202
0.5205
0.5207
0.5207
0.5207
0.5208
0.5208
0.5208
0.5208
0.521
0.522
0.5211
0.5203
0.5206
0.5311
0.5313
0.535
0.5339
0.5307
0.5307
0.5347
0.537
0.5352
0.5384
0.5375
0.537
0.5355
0.537
0.5356
0.5351
0.5362
0.539
0.5386
0.5399
0.5358
0.5362
0.5365
0.54
0.5406
0.5453
0.5453
0.5448
0.5449
0.5421
0.5422
0.5423
0.5445
0.5427
0.5431
0.5375
0.5401
0.5398
0.54
0.5416
0.5419
0.5416
0.542
0.5415
0.5449
0.5449
0.5419
0.5417
0.5418
0.5419
0.5477
0.55
0.5424
0.5424
0.5427
0.5466
0.5445
0.55
0.5525
0.5525
0.5508
0.5508
0.5505
0.5517
0.5512
0.5511
0.552
0.552
0.5522
0.5523
0.555
0.5554
0.565
0.565
0.575
0.5704
0.5703
0.57
0.5655
0.5654
0.5676
0.5675
0.5647
0.5635
0.5633
0.5609
0.5602
0.5601
0.5616
0.5601
0.5613
0.566
0.567
0.5692
0.5689
0.5673
0.567
0.566
0.5619
0.5627
0.5627
0.5634
0.5634
0.5631
0.5632
0.5631
0.5636
0.5645
0.5662
0.5639
0.5636
0.5692
0.565
0.565
0.5665
0.5671
0.5671
0.5673
0.5673
0.5671
0.5674
0.567
0.5671
0.5674
0.5667
0.5666
0.5672
0.566
0.567
0.5661
0.5658
0.5655
0.5662
0.5655
0.5666
0.5655
0.5663
0.5651
0.5651
0.565
0.5632
0.5632
0.562
0.558
0.5553
0.5586
0.5545
0.5547
0.5558
0.5549
0.5541
0.555
0.5562
0.5571
0.5561
0.556
0.5551
0.5556
0.5536
0.5525
0.5539
0.5539
0.5529
0.5545
0.5544
0.5547
0.5553
0.5555
0.5556
0.5566
0.558
0.558
0.5599
0.5579
0.557
0.556
0.5555
0.5549
0.554
0.554
0.553
0.553
0.5523
0.5521
0.5533
0.5533
0.5535
0.5552
0.5552
0.5591
0.56
0.5561
0.5563
0.5579
0.5578
0.5575
0.556
0.5557
0.5556
0.5555
0.556
0.5556
0.5556
0.5565
0.556
0.556
0.5565
0.5561
0.5559
0.5558
0.5556
0.5564
0.5568
0.5556
0.5556
0.5556
0.5556
0.5556
0.5555
0.5555
0.5555
0.5555
0.5555
0.5555
0.5555
0.5555
0.5555
0.5545
0.5521
0.5521
0.5515
0.5517
0.5518
0.5518
0.5518
0.5518
0.5518
0.5559
0.5582
0.5551
0.5574
0.5551
0.5554
0.5554
0.5522
0.552
0.552
0.5525
0.5521
0.552
0.552
0.552
0.552
0.552
0.552
0.5521
0.552
0.5521
0.552
0.5521
0.5521
0.552
0.5524
0.5526
0.5528
0.5536
0.5566
0.557
0.557
0.5556
0.5542
0.555
0.5554
0.5559
0.5559
0.557
0.557
0.5566
0.5567
0.5567
0.557
0.5571
0.5571
0.5572
0.5571
0.5571
0.5571
0.5572
0.5572
0.5571
0.5571
0.5571
0.5563
0.556
0.5561
0.556
0.556
0.5559
0.556
0.5561
0.5561
0.556
0.5557
0.5561
0.5558
0.5559
0.556
0.5565
0.5565
0.5565
0.5561
0.5561
0.5562
0.5567
0.5594
0.56
0.56
0.5616
0.56
0.56
0.56
0.56
0.56
0.5601
0.5616
0.5609
0.56
0.561
0.561
0.561
0.562
0.5628
0.5659
0.5656
0.5643
0.5642
0.5642
0.562
0.5616
0.5617
0.5636
0.5611
0.561
0.5601
0.5601
0.56
0.5601
0.5605
0.5604
0.5607
0.562
0.5631
0.5632
0.5631
0.5631
0.5631
0.564
0.564
0.564
0.5631
0.5634
0.5615
0.5615
0.5615
0.5618
0.5601
0.5601
0.5606
0.5629
0.5628
0.5645
0.5622
0.5606
0.5614
0.5633
0.5637
0.5633
0.5633
0.5644
0.5633
0.5624
0.5617
0.5601
0.5601
0.56
0.5601
0.56
0.5601
0.563
0.5584
0.556
0.5599
0.5559
0.552
0.552
0.5529
0.5521
0.5527
0.5539
0.5558
0.5549
0.5556
0.5555
0.5527
0.551
0.5511
0.551
0.5511
0.5511
0.5513
0.5513
0.55
0.5513
0.5513
0.5503
0.5504
0.5504
0.5503
0.55
0.552
0.5503
0.5506
0.5504
0.5505
0.5505
0.5504
0.5504
0.5504
0.5504
0.5504
0.5504
0.5504
0.5504
0.5504
0.5505
0.5505
0.5504
0.5504
0.5504
0.5503
0.5503
0.5504
0.5504
0.5503
0.5503
0.5503
0.5503
0.5501
0.5501
0.5501
0.5501
0.5473
0.5461
0.5415
0.5467
0.5422
0.5424
0.5426
0.5428
0.5401
0.5408
0.5408
0.5408
0.5408
0.5407
0.5408
0.5407
0.5408
0.5408
0.5407
0.5407
0.5409
0.5409
0.5407
0.5407
0.5407
0.5407
0.5407
0.54
0.5401
0.54
0.5341
0.5345
0.5333
0.5344
0.5333
0.5333
0.5351
0.5351
0.535
0.535
0.535
0.535
0.535
0.5339
0.5333
0.5319
0.53
0.53
0.53
0.5273
0.5233
0.52
0.5222
0.5165
0.5161
0.5161
0.5164
0.5163
0.5162
0.516
0.5186
0.5166
0.5208
0.5244
0.5165
0.5163
0.517
0.5199
0.5223
0.5209
0.5206
0.52
0.5233
0.5171
0.5216
0.52
0.52
0.52
0.52
0.52
0.52
0.52
0.52
0.5182
0.517
0.5203
0.5203
0.5202
0.5202
0.5219
0.5203
0.5203
0.5202
0.5242
0.5232
0.5231
0.5242
0.5241
0.5241
0.5249
0.523
0.522
0.522
0.522
0.5221
0.5221
0.522
0.522
0.524
0.5221
0.5221
0.522
0.5206
0.5206
0.5205
0.5207
0.5206
0.5206
0.5206
0.5204
0.5202
0.5219
0.5211
0.5221
0.525
0.5225
0.5251
0.5252
0.5252
0.5253
0.5252
0.5255
0.5255
0.5255
0.5255
0.5255
0.5256
0.5255
0.5255
0.5254
0.5253
0.5252
0.5252
0.5252
0.5251
0.5251
0.525
0.525
0.525
0.525
0.525
0.5252
0.5253
0.5255
0.5258
0.5258
0.5258
0.5258
0.5262
0.5268
0.5263
0.5264
0.5264
0.5267
0.5272
0.5272
0.5271
0.5269
0.5275
0.5277
0.5277
0.5277
0.5277
0.5286
0.529
0.5301
0.5307
0.5306
0.53
0.5307
0.5284
0.5288
0.5285
0.5287
0.5284
0.5285
0.5286
0.5284
0.5285
0.5284
0.5284
0.5286
0.5284
0.5284
0.5291
0.529
0.5291
0.5291
0.5291
0.5291
0.5292
0.5291
0.5291
0.5292
0.5291
0.5291
0.5292
0.5291
0.5291
0.5291
0.5292
0.5292
0.5293
0.5292
0.5293
0.53
0.5301
0.5301
0.531
0.5335
0.532
0.5329
0.5351
0.5351
0.5372
0.5364
0.5377
0.5381
0.5377
0.5377
0.5378
0.5378
0.5378
0.5378
0.5301
0.5376
0.5303
0.5303
0.5304
0.5303
0.5306
0.5306
0.5306
0.5306
0.5312
0.5309
0.5321
0.5331
0.533
0.5351
0.5355
0.5355
0.5355
0.5355
0.5355
0.5355
0.5355
0.5355
0.5355
0.5304
0.5304
0.5301
0.5314
0.5301
0.5309
0.5301
0.53
0.53
0.53
0.5301
0.5302
0.5302
0.5302
0.5302
0.535
0.535
0.535
0.535
0.535
0.535
0.5353
0.535
0.535
0.5351
0.535
0.535
0.5302
0.5301
0.5301
0.5302
0.5339
0.5327
0.538
0.5338
0.5331
0.5331
0.5332
0.5331
0.5331
0.533
0.5327
0.5308
0.5315
0.5314
0.5344
0.5322
0.5322
0.5323
0.5323
0.5328
0.5311
0.5308
0.5311
0.5301
0.5303
0.5302
0.5301
0.5302
0.5303
0.5312
0.5348
0.5333
0.5348
0.5342
0.5342
0.5387
0.54
0.5399
0.5441
0.53
0.54
0.5301
0.5303
0.5251
0.5253
0.5256
0.5254
0.53
0.5315
0.539
0.5312
0.532
0.5326
0.5351
0.5361
0.5353
0.535
0.535
0.5351
0.539
0.5378
0.5373
0.5378
0.5378
0.5378
0.5377
0.5377
0.5377
0.5373
0.5375
0.5376
0.5375
0.5376
0.5375
0.5403
0.5362
0.5351
0.5351
0.5361
0.5366
0.5368
0.5379
0.54
0.54
0.54
0.54
0.54
0.5387
0.5389
0.5389
0.5397
0.54
0.539
0.54
0.5391
0.5391
0.5379
0.539
0.539
0.539
0.5382
0.5383
0.5383
0.5383
0.5388
0.5388
0.5388
0.539
0.539
0.5392
0.54
0.54
0.54
0.54
0.54
0.54
0.5399
0.5399
0.54
0.54
0.54
0.54
0.541
0.541
0.542
0.542
0.542
0.542
0.5419
0.5419
0.542
0.5413
0.5414
0.5408
0.5409
0.5408
0.5408
0.5408
0.5409
0.5408
0.5409
0.5409
0.5409
0.5409
0.5409
0.5409
0.5408
0.5408
0.5408
0.5409
0.5408
0.5408
0.5408
0.5408
0.5408
0.5408
0.5408
0.5408
0.5408
0.5408
0.5407
0.5407
0.5407
0.5407
0.5407
0.5407
0.5407
0.5408
0.5408
0.5408
0.5408
0.5408
0.5407
0.5403
0.5404
0.5404
0.5404
0.5404
0.5404
0.5404
0.5404
0.5404
0.5404
0.5381
0.5368
0.5303
0.537
0.5322
0.5325
0.5325
0.5325
0.5318
0.5326
0.5302
0.5301
0.5302
0.5301
0.5303
0.5303
0.5315
0.5315
0.5303
0.5302
0.5302
0.5302
0.5301
0.5314
0.5314
0.5314
0.5314
0.5314
0.5314
0.5314
0.5312
0.5314
0.5315
0.5315
0.5314
0.5314
0.5314
0.5313
0.5313
0.5313
0.5313
0.5313
0.5314
0.5314
0.5313
0.5314
0.5314
0.5364
0.5341
0.5343
0.534
0.5349
0.5351
0.5353
0.5352
0.5352
0.5354
0.5353
0.5352
0.5352
0.5352
0.532
0.5301
0.5301
0.5301
0.5327
0.5302
0.5302
0.5302
0.5302
0.5312
0.5332
0.532
0.5313
0.5314
0.535
0.5353
0.535
0.535
0.5351
0.5358
0.5382
0.535
0.535
0.535
0.536
0.534
0.5338
0.5319
0.5313
0.5329
0.5313
0.5313
0.5313
0.5313
0.5313
0.5314
0.5314
0.5316
0.5313
0.5313
0.5313
0.5313
0.5313
0.5313
0.5314
0.5314
0.5314
0.5314
0.531
0.5312
0.5313
0.5313
0.531
0.5312
0.531
0.5313
0.5311
0.5311
0.5319
0.532
0.5313
0.5321
0.5311
0.5314
0.531
0.5326
0.531
0.5316
0.5314
0.5329
0.5329
0.5329
0.5329
0.5321
0.5329
0.5329
0.5329
0.5329
0.5329
0.5328
0.5329
0.5329
0.5329
0.5328
0.5329
0.5329
0.5328
0.5328
0.5329
0.5328
0.5329
0.5329
0.5318
0.5313
0.5316
0.5311
0.5326
0.5315
0.5321
0.5318
0.5323
0.5322
0.5322
0.5321
0.5321
0.532
0.532
0.5321
0.532
0.532
0.5319
0.5316
0.5316
0.5318
0.5315
0.5318
0.5312
0.5314
0.5317
0.5314
0.5313
0.5313
0.5315
0.5312
0.5313
0.5313
0.5312
0.5312
0.5312
0.5313
0.5312
0.5313
0.5313
0.5311
0.5312
0.5312
0.5312
0.5312
0.5312
0.5311
0.5312
0.5312
0.5312
0.5312
0.531
0.531
0.531
0.5309
0.5309
0.5309
0.531
0.531
0.5309
0.531
0.531
0.5309
0.5312
0.5315
0.535
0.533
0.533
0.533
0.533
0.533
0.533
0.533
0.53
0.53
0.53
0.5223
0.5223
0.5227
0.5238
0.5238
0.5238
0.5238
0.5231
0.524
0.5242
0.5242
0.5241
0.5246
0.5258
0.5251
0.5251
0.5253
0.5279
0.5309
0.5309
0.5309
0.5333
0.5333
0.5362
0.5376
0.5378
0.5378
0.5381
0.5364
0.5396
0.5372
0.5412
0.5405
0.5484
0.5412
0.545
0.5479
0.5471
0.5471
0.5427
0.5429
0.532
0.532
0.533
0.533
0.5327
0.5327
0.5327
0.531
0.5255
0.528
0.5279
0.527
0.5278
0.5296
0.5315
0.5351
0.5357
0.5362
0.537
0.5373
0.54
0.54
0.5399
0.5361
0.5382
0.5382
0.5382
0.5382
0.5382
0.5383
0.5383
0.5379
0.5373
0.5351
0.5357
0.535
0.535
0.5361
0.535
0.5329
0.5314
0.5316
0.5316
0.5301
0.53
0.53
0.5301
0.5301
0.53
0.53
0.5281
0.5289
0.5256
0.5257
0.5257
0.5255
0.5255
0.5255
0.5257
0.5255
0.525
0.523
0.5234
0.5234
0.5235
0.5225
0.5231
0.5225
0.5225
0.5215
0.5248
0.5248
0.5252
0.5245
0.524
0.5245
0.524
0.524
0.524
0.5217
0.5233
0.5225
0.5221
0.5225
0.5223
0.524
0.5235
0.5236
0.5236
0.5236
0.5236
0.5283
0.5297
0.5281
0.528
0.5314
0.5283
0.5311
0.5282
0.5282
0.525
0.524
0.523
0.5233
0.523
0.523
0.523
0.5228
0.523
0.5216
0.5216
0.5216
0.522
0.5216
0.5216
0.5216
0.5216
0.5219
0.5216
0.5219
0.5218
0.5281
0.5241
0.5241
0.5241
0.5241
0.5241
0.5255
0.5243
0.5256
0.5241
0.524
0.5241
0.5228
0.5228
0.5234
0.5228
0.5223
0.5223
0.5228
0.5228
0.5229
0.5234
0.5236
0.53
0.5314
0.5267
0.5267
0.5274
0.5286
0.5274
0.5287
0.5274
0.5274
0.5274
0.5284
0.5274
0.5274
0.5276
0.5278
0.5315
0.5302
0.533
0.5333
0.5362
0.5351
0.5287
0.5296
0.5287
0.5272
0.5269
0.5269
0.5269
0.5318
0.527
0.527
0.5291
0.5299
0.53
0.529
0.529
0.529
0.529
0.529
0.5278
0.5284
0.5284
0.5284
0.5291
0.5292
0.5293
0.5292
0.5292
0.5292
0.5292
0.5291
0.5291
0.529
0.5291
0.529
0.529
0.5292
0.5304
0.5304
0.5309
0.5302
0.5302
0.5304
0.5307
0.5302
0.53
0.5331
0.5296
0.5314
0.5319
0.5317
0.5307
0.5307
0.531
0.532
0.5328
0.5329
0.5328
0.5328
0.5328
0.5328
0.5328
0.5328
0.5328
0.5328
0.5328
0.5328
0.5328
0.5328
0.5327
0.5322
0.5322
0.5322
0.532
0.532
0.5321
0.5328
0.5322
0.5323
0.5332
0.5364
0.5333
0.536
0.5337
0.5338
0.5337
0.5375
0.5338
0.5361
0.5399
0.5379
0.5392
0.5361
0.5382
0.5359
0.5343
0.5343
0.5343
0.5349
0.5343
0.5343
0.5348
0.5378
0.5379
0.5378
0.5379
0.5373
0.5374
0.5375
0.5375
0.5375
0.5368
0.5367
0.5366
0.5367
0.5366
0.5365
0.5365
0.5364
0.537
0.5369
0.5367
0.537
0.537
0.5381
0.5399
0.541
0.541
0.5409
0.5373
0.5372
0.5371
0.5389
0.5407
0.5425
0.544
0.5439
0.5421
0.5398
0.5399
0.5405
0.542
0.5419
0.5395
0.5377
0.5339
0.5414
0.5349
0.5409
0.5409
0.5412
0.5411
0.5366
0.5407
0.5398
0.5396
0.5367
0.5366
0.5366
0.5366
0.5365
0.5482
0.54
0.5375
0.5375
0.5365
0.537
0.53
0.5301
0.53
0.5326
0.535
0.5326
0.535
0.5326
0.5338
0.5326
0.53
0.5301
0.5302
0.5325
0.5301
0.5302
0.5302
0.5302
0.531
0.5305
0.5305
0.5306
0.5306
0.5305
0.5308
0.5307
0.5329
0.5329
0.5329
0.5329
0.5329
0.5318
0.5309
0.5303
0.5304
0.5303
0.5302
0.5304
0.5302
0.5302
0.5303
0.5318
0.5302
0.5307
0.5302
0.5303
0.5302
0.5302
0.5302
0.5303
0.5302
0.5302
0.5302
0.5302
0.53
0.5301
0.53
0.5297
0.5297
0.526
0.524
0.5241
0.5252
0.525
0.525
0.525
0.5256
0.5251
0.5251
0.525
0.525
0.525
0.525
0.525
0.5251
0.525
0.525
0.525
0.5225
0.5225
0.5225
0.5216
0.521
0.521
0.5201
0.52
0.5202
0.5202
0.5202
0.5202
0.52
0.52
0.52
0.52
0.52
0.52
0.52
0.52
0.52
0.52
0.52
0.52
0.5201
0.52
0.5201
0.5223
0.5206
0.5206
0.5202
0.5202
0.5202
0.5202
0.5202
0.5221
0.521
0.5228
0.5222
0.522
0.522
0.5222
0.5222
0.5221
0.5249
0.5293
0.5292
0.5317
0.5321
0.5321
0.5325
0.528
0.5255
0.5236
0.522
0.522
0.5221
0.5221
0.5221
0.5221
0.522
0.5219
0.5213
0.5214
0.5214
0.5213
0.5214
0.5213
0.5224
0.524
0.5265
0.525
0.5297
0.5252
0.5251
0.5251
0.5251
0.5251
0.525
0.5252
0.522
0.5231
0.5231
0.5231
0.522
0.5221
0.5221
0.5221
0.5221
0.5221
0.525
0.525
0.523
0.525
0.5231
0.5221
0.5222
0.522
0.5221
0.522
0.5221
0.522
0.522
0.5218
0.5219
0.5218
0.5213
0.5212
0.5212
0.5212
0.5213
0.5213
0.5212
0.522
0.522
0.5225
0.522
0.522
0.522
0.522
0.5222
0.522
0.522
0.5219
0.522
0.523
0.523
0.5232
0.5231
0.5231
0.5231
0.5231
0.523
0.5231
0.5231
0.523
0.523
0.523
0.523
0.523
0.5219
0.5219
0.522
0.5219
0.5215
0.5213
0.5215
0.5213
0.5214
0.5212
0.5212
0.5212
0.5211
0.5211
0.5212
0.521
0.521
0.521
0.521
0.521
0.521
0.521
0.521
0.5211
0.521
0.5208
0.5208
0.5209
0.5208
0.5208
0.5214
0.5211
0.5214
0.5212
0.5214
0.5213
0.5212
0.5213
0.5213
0.5205
0.5226
0.5226
0.5221
0.523
0.521
0.521
0.5211
0.5211
0.5212
0.521
0.521
0.5212
0.5211
0.5239
0.521
0.521
0.521
0.521
0.521
0.5211
0.521
0.5211
0.521
0.521
0.521
0.5211
0.5213
0.521
0.5212
0.5213
0.5211
0.5211
0.5212
0.5211
0.5211
0.5212
0.5211
0.521
0.521
0.5209
0.5201
0.5201
0.5207
0.5202
0.5202
0.5201
0.5206
0.52
0.5201
0.52
0.5201
0.52
0.5176
0.517
0.516
0.5155
0.5155
0.5155
0.5163
0.5172
0.5196
0.52
0.5201
0.52
0.5201
0.52
0.5188
0.517
0.5155
0.5155
0.5181
0.5178
0.5178
0.5178
0.5178
0.5183
0.5182
0.5183
0.5178
0.5185
0.5187
0.5186
0.5187
0.518
0.5181
0.5196
0.5201
0.5185
0.5186
0.5188
0.5188
0.52
0.52
0.5201
0.5201
0.5201
0.52
0.5201
0.5201
0.52
0.5201
0.52
0.526
0.5311
0.5301
0.53
0.5215
0.521
0.5202
0.516
0.5161
0.5202
0.52
0.5202
0.5261
0.5203
0.5205
0.5251
0.5205
0.52
0.52
0.52
0.5161
0.5179
0.5177
0.5162
0.5167
0.5162
0.518
0.5187
0.5188
0.5191
0.5183
0.5193
0.5192
0.5191
0.5188
0.5192
0.5194
0.5197
0.5197
0.5197
0.5197
0.5198
0.5198
0.5197
0.5197
0.5197
0.5198
0.5197
0.5197
0.5198
0.5195
0.5163
0.5164
0.5163
0.5155
0.5151
0.5154
0.5152
0.5151
0.515
0.5151
0.515
0.515
0.515
0.5151
0.5143
0.5135
0.5135
0.5135
0.5135
0.5135
0.5137
0.5137
0.5145
0.5146
0.5156
0.5156
0.5155
0.5155
0.5155
0.5155
0.5154
0.5153
0.5153
0.5154
0.5155
0.5154
0.5154
0.5154
0.5154
0.515
0.5148
0.5148
0.5145
0.5146
0.5143
0.5139
0.5137
0.5137
0.5137
0.5141
0.514
0.5141
0.5156
0.514
0.5147
0.514
0.514
0.514
0.514
0.514
0.514
0.5146
0.514
0.5141
0.5146
0.5145
0.5156
0.5159
0.5159
0.5159
0.5159
0.5157
0.5158
0.5158
0.5157
0.5158
0.5157
0.5157
0.5158
0.5147
0.5147
0.5146
0.5142
0.5141
0.5141
0.5141
0.514
0.514
0.514
0.5136
0.5137
0.5131
0.5131
0.5131
0.513
0.513
0.513
0.513
0.513
0.513
0.5131
0.5137
0.5145
0.5135
0.5135
0.5135
0.5136
0.5135
0.514
0.5145
0.5147
0.5151
0.5146
0.514
0.5135
0.5139
0.5131
0.5136
0.5131
0.5131
0.513
0.514
0.5135
0.5135
0.513
0.513
0.513
0.5131
0.513
0.5132
0.5131
0.5131
0.5131
0.5155
0.5148
0.5147
0.5148
0.514
0.5147
0.5147
0.5148
0.514
0.5147
0.514
0.5147
0.5146
0.5141
0.514
0.5144
0.514
0.5141
0.5141
0.514
0.514
0.514
0.514
0.514
0.514
0.514
0.514
0.514
0.5131
0.5149
0.5137
0.5135
0.5137
0.5137
0.5137
0.5139
0.5141
0.5137
0.5137
0.514
0.5137
0.5132
0.5131
0.513
0.513
0.513
0.513
0.513
0.513
0.513
0.5138
0.5141
0.514
0.5145
0.515
0.515
0.5152
0.5151
0.5151
0.515
0.515
0.515
0.5151
0.5146
0.5147
0.5143
0.5146
0.5143
0.515
0.515
0.5143
0.5141
0.5136
0.5136
0.5136
0.5136
0.5136
0.5137
0.5135
0.5135
0.513
0.513
0.513
0.513
0.513
0.513
0.513
0.513
0.513
0.513
0.513
0.513
0.513
0.513
0.513
0.513
0.513
0.513
0.5131
0.513
0.513
0.513
0.513
0.513
0.513
0.513
0.513
0.513
0.513
0.513
0.5131
0.513
0.513
0.513
0.513
0.511
0.512
0.5116
0.5122
0.5121
0.512
0.512
0.511
0.5109
0.51
0.51
0.505
0.5086
0.5086
0.5086
0.5059
0.505
0.5051
0.5053
0.5051
0.505
0.5046
0.5048
0.504
0.5049
0.505
0.5051
0.5051
0.5051
0.5082
0.5062
0.5062
0.5051
0.5051
0.5059
0.5063
0.5062
0.5061
0.5061
0.5066
0.5061
0.5062
0.5061
0.5061
0.5061
0.5061
0.5061
0.5061
0.5063
0.5062
0.5063
0.5064
0.5064
0.5067
0.5064
0.5068
0.5067
0.5067
0.5067
0.5067
0.5067
0.5068
0.5068
0.5068
0.5068
0.5068
0.5068
0.5068
0.5068
0.5069
0.5068
0.5068
0.5068
0.5067
0.5067
0.5067
0.5061
0.5061
0.5059
0.505
0.5051
0.505
0.5051
0.5051
0.5097
0.5097
0.5051
0.51
0.51
0.51
0.5107
0.5107
0.5165
0.511
0.5111
0.5112
0.5099
0.5099
0.5099
0.504
0.504
0.5038
0.5038
0.504
0.51
0.5038
0.5038
0.5038
0.5038
0.5052
0.5038
0.5038
0.504
0.5038
0.5038
0.5038
0.5098
0.5039
0.5038
0.504
0.5043
0.5071
0.507
0.5095
0.507
0.507
0.507
0.5082
0.504
0.504
0.5038
0.504
0.5041
0.5039
0.5039
0.5039
0.504
0.5041
0.5041
0.5042
0.5041
0.5042
0.5046
0.5041
0.5046
0.5046
0.5046
0.5046
0.5046
0.5041
0.5041
0.505
0.5041
0.5041
0.5041
0.5041
0.5041
0.5039
0.5039
0.5055
0.5039
0.5039
0.5039
0.5039
0.504
0.5041
0.504
0.504
0.504
0.504
0.504
0.5039
0.5039
0.5039
0.5039
0.5039
0.5039
0.5038
0.5038
0.5038
0.5039
0.5035
0.5032
0.503
0.503
0.503
0.503
0.503
0.503
0.5031
0.503
0.503
0.5031
0.503
0.503
0.503
0.503
0.503
0.503
0.503
0.503
0.503
0.503
0.503
0.5029
0.5026
0.5028
0.502
0.5012
0.5024
0.5011
0.5012
0.5012
0.501
0.501
0.501
0.5001
0.5
0.5001
0.5
0.5
0.5
0.5001
0.5
0.5
0.5
0.5
0.5001
0.5001
0.5001
0.5002
0.5
0.5
0.5
0.5
0.5
0.5001
0.5
0.5001
0.5001
0.5
0.5
0.5
0.5
0.5
0.5
0.5
0.5
0.5
0.5
0.5
0.5001
0.5
0.5
0.5
0.5
0.5
0.5001
0.5
0.5
0.5
0.5
0.5
0.5
0.5
0.5
0.5
0.5001
0.5
0.5
0.5001
0.5
0.5
0.5
0.5
0.5
0.5001
0.5
0.5
0.5
0.5001
0.5
0.5
0.5
0.5
0.5
0.5
0.5
0.5
0.5
0.5
0.5
0.5
0.5
0.5001
0.5
0.5
0.5001
0.5
0.5
0.5
0.5
0.497
0.495
0.494
0.4918
0.4928
0.4927
0.4903
0.4903
0.4902
0.49
0.4901
0.4901
0.4901
0.4901
0.49
0.4901
0.49
0.4901
0.49
0.49
0.4901
0.49
0.49
0.4901
0.4901
0.49
0.49
0.49
0.49
0.49
0.49
0.49
0.49
0.49
0.49
0.49
0.49
0.49
0.49
0.49
0.4901
0.4901
0.4901
0.4901
0.4902
0.4902
0.4901
0.49
0.4943
0.4944
0.4943
0.4943
0.4943
0.4943
0.4944
0.4943
0.4943
0.4943
0.4943
0.494
0.494
0.494
0.4941
0.492
0.4901
0.4904
0.49
0.49
0.49
0.4905
0.4901
0.49
0.488
0.4881
0.485
0.486
0.485
0.485
0.485
0.4852
0.485
0.485
0.484
0.4844
0.4903
0.4865
0.4865
0.4893
0.4841
0.484
0.4843
0.4888
0.4862
0.486
0.485
0.485
0.4861
0.486
0.4861
0.4862
0.4861
0.486
0.4864
0.486
0.486
0.4864
0.486
0.486
0.486
0.486
0.486
0.485
0.485
0.4851
0.485
0.485
0.485
0.485
0.485
0.4853
0.4852
0.485
0.485
0.485
0.4851
0.4851
0.4851
0.485
0.483
0.483
0.483
0.4831
0.483
0.483
0.483
0.483
0.4833
0.4835
0.4835
0.484
0.4841
0.4842
0.4843
0.4879
0.4879
0.4879
0.4879
0.4869
0.4926
0.4926
0.4894
0.4926
0.4922
0.4891
0.4863
0.4863
0.4856
0.4852
0.4852
0.4855
0.4852
0.4852
0.4852
0.4853
0.4853
0.4853
0.485
0.4852
0.485
0.4852
0.49
0.487
0.49
0.492
0.492
0.4911
0.4911
0.4911
0.49
0.4903
0.4909
0.4902
0.4904
0.4902
0.4901
0.4902
0.4833
0.4833
0.4832
0.483
0.4831
0.4861
0.485
0.487
0.4898
0.4841
0.4864
0.4842
0.4842
0.483
0.4847
0.4831
0.4831
0.4831
0.4833
0.4835
0.485
0.4834
0.488
0.4847
0.4899
0.485
0.4861
0.4854
0.4852
0.49
0.49
0.4863
0.4863
0.4864
0.49
0.4899
0.4879
0.4862
0.486
0.485
0.485
0.4802
0.4801
0.4732
0.4732
0.474
0.4737
0.4749
0.4739
0.4747
0.4749
0.4749
0.475
0.4832
0.4819
0.475
0.4775
0.475
0.479
0.4749
0.4737
0.4731
0.4731
0.4744
0.4795
0.4772
0.4784
0.4755
0.4754
0.475
0.4731
0.4732
0.4731
0.4731
0.4731
0.4731
0.4731
0.4731
0.4731
0.473
0.4731
0.473
0.473
0.473
0.4731
0.4731
0.473
0.473
0.473
0.4731
0.473
0.473
0.4731
0.473
0.4731
0.4731
0.4731
0.4731
0.473
0.4731
0.4731
0.473
0.473
0.473
0.473
0.4731
0.473
0.473
0.4725
0.4709
0.4718
0.4715
0.4701
0.47
0.469
0.4666
0.4675
0.4665
0.4658
0.465
0.4631
0.463
0.4617
0.4603
0.4605
0.4603
0.46
0.4601
0.4602
0.4602
0.4602
0.4626
0.4615
0.4628
0.4699
0.4699
0.47
0.4722
0.4722
0.4722
0.47
0.4743
0.4731
0.4742
0.4738
0.4743
0.4738
0.4738
0.48
0.48
0.48
0.4801
0.4782
0.4793
0.4793
0.4748
0.4747
0.4754
0.475
0.476
0.4797
0.4799
0.4774
0.4774
0.4774
0.4777
0.4776
0.4777
0.4784
0.4783
0.4781
0.48
0.4799
0.48
0.4806
0.4846
0.4841
0.4841
0.4841
0.4841
0.4841
0.4842
0.4843
0.4843
0.48
0.4801
0.48
0.48
0.4818
0.48
0.481
0.4808
0.4814
0.4814
0.4805
0.4801
0.4801
0.4763
0.4724
0.4724
0.4735
0.4744
0.4741
0.4739
0.4738
0.4722
0.4742
0.4721
0.4705
0.472
0.4723
0.4709
0.4709
0.473
0.474
0.4755
0.4761
0.48
0.4799
0.48
0.4768
0.4802
0.4802
0.4802
0.4859
0.4859
0.4811
0.4814
0.4825
0.486
0.4877
0.4834
0.4801
0.4802
0.4838
0.48
0.475
0.4751
0.4781
0.4725
0.4725
0.4752
0.4725
0.475
0.475
0.4751
0.4767
0.4786
0.4787
0.48
0.4793
0.48
0.48
0.4796
0.4805
0.4804
0.4808
0.4813
0.479
0.482
0.4823
0.4824
0.4821
0.4821
0.4838
0.4825
0.4853
0.489
0.4901
0.4941
0.4949
0.4821
0.4826
0.4826
0.4842
0.4866
0.4856
0.4856
0.4865
0.4847
0.4847
0.4982
0.4898
0.4849
0.483
0.4875
0.4812
0.4854
0.4836
0.4832
0.4832
0.49
0.487
0.4899
0.4865
0.4941
0.495
0.4951
0.4951
0.495
0.4951
0.4949
0.4948
0.4947
0.4939
0.5
0.4978
0.5001
0.5036
0.4999
0.4999
0.4999
0.4993
0.497
0.4908
0.4907
0.4856
0.4902
0.4923
0.4961
0.495
0.4947
0.5
0.4964
0.495
0.4997
0.4997
0.494
0.5
0.5001
0.5026
0.5054
0.5029
0.504
0.504
0.5057
0.504
0.5002
0.5001
0.5051
0.5026
0.5019
0.5026
0.503
0.5014
0.502
0.5011
0.5025
0.5006
0.5023
0.5005
0.5005
0.5005
0.5005
0.5005
0.5001
0.5002
0.5002
0.5006
0.5003
0.5008
0.5003
0.5001
0.5001
0.5001
0.5001
0.5001
0.5001
0.501
0.501
0.498
0.498
0.4979
0.5001
0.5001
0.5002
0.5005
0.5001
0.5001
0.5001
0.5001
0.5003
0.5012
0.502
0.502
0.5016
0.5015
0.5006
0.5058
0.5068
0.506
0.5002
0.5018
0.5002
0.5002
0.5002
0.5001
0.5001
0.5002
0.5004
0.5001
0.5002
0.5002
0.5022
0.5022
0.5003
0.5004
0.5003
0.5004
0.5003
0.5007
0.5003
0.5003
0.5007
0.5006
0.5006
0.5001
0.5006
0.5001
0.5006
0.5006
0.5001
0.5001
0.5005
0.5001
0.5001
0.5002
0.5002
0.5001
0.5002
0.5002
0.5002
0.5002
0.5001
0.5002
0.5001
0.5002
0.5001
0.5002
0.5001
0.5001
0.5002
0.5001
0.5001
0.5001
0.5002
0.5001
0.5001
0.5001
0.5001
0.5002
0.5001
0.5001
0.5001
0.5001
0.5012
0.5005
0.5023
0.501
0.5005
0.5005
0.5005
0.5004
0.5005
0.5005
0.5002
0.5002
0.5002
0.5005
0.5004
0.5002
0.5005
0.5003
0.5002
0.5004
0.5002
0.5002
0.5002
0.5004
0.5005
0.5004
0.5005
0.5003
0.5003
0.5004
0.5003
0.5004
0.5004
0.5003
0.5001
0.5003
0.5003
0.5001
0.5001
0.5003
0.5001
0.5001
0.5002
0.5001
0.5001
0.5001
0.5001
0.5002
0.5001
0.5001
0.5002
0.5001
0.5001
0.5002
0.5001
0.5002
0.5002
0.5002
0.5001
0.5001
0.5001
0.5003
0.5001
0.5003
0.5003
0.5001
0.5003
0.5001
0.5002
0.5002
0.5002
0.5001
0.5001
0.5002
0.5001
0.5001
0.5002
0.5001
0.5002
0.5002
0.5002
0.5001
0.5001
0.5003
0.5003
0.5024
0.5008
0.5067
0.5072
0.5007
0.5048
0.5049
0.504
0.5011
0.5007
0.5015
0.501
0.5012
0.5012
0.5013
0.5013
0.5013
0.5037
0.5013
0.5014
0.5014
0.5014
0.5011
0.5014
0.501
0.5033
0.5043
0.505
0.5098
0.505
0.505
0.505
0.505
0.505
0.5069
0.5035
0.5039
0.5014
0.5011
0.5011
0.5011
0.5011
0.5011
0.5029
0.5031
0.5046
0.5035
0.5098
0.503
0.5032
0.5079
0.5036
0.5036
0.5016
0.5024
0.508
0.508
0.5041
0.504
0.5043
0.5065
0.5046
0.5043
0.5043
0.5047
0.5038
0.5067
0.505
0.5067
0.5049
0.5038
0.5068
0.5054
0.508
0.5075
0.5075
0.5075
0.5076
0.5061
0.508
0.5063
0.5063
0.5059
0.5055
0.5052
0.5081
0.5069
0.506
0.507
0.5086
0.5059
0.5074
0.5072
0.5081
0.508
0.5085
0.5086
0.5095
0.508
0.508
0.5093
0.508
0.5051
0.5051
0.5051
0.5081
0.5074
0.5093
0.5085
0.509
0.5083
0.5071
0.5071
0.5079
0.5095
0.5072
0.507
0.5095
0.5051
0.505
0.5059
0.506
0.5059
0.5059
0.5059
0.5059
0.5059
0.5059
0.5072
0.5074
0.5096
0.5144
0.5163
0.5135
0.5135
0.517
0.5114
0.5064
0.5082
0.5101
0.51
0.5101
0.51
0.5101
0.5101
0.51
0.5112
0.5113
0.5105
0.5104
0.5105
0.5105
0.5105
0.5107
0.5133
0.5133
0.5132
0.511
0.513
0.5129
0.5124
0.5105
0.5105
0.5105
0.5105
0.5106
0.5105
0.51
0.5061
0.506
0.506
0.5061
0.5098
0.5066
0.5066
0.5066
0.5087
0.5121
0.5121
0.5093
0.5093
0.51
0.51
0.51
0.511
0.5106
0.5106
0.512
0.5099
0.5099
0.5099
0.5118
0.5117
0.5114
0.5112
0.5113
0.5113
0.5116
0.5116
0.5118
0.5118
0.5119
0.5119
0.5112
0.5119
0.5118
0.5118
0.5141
