7.85
7.85
7.8
7.8422
7.85
7.9
7.85
7.75
7.7997
7.884
7.9
7.8783
7.9
7.9
7.9
7.9
7.9
7.9
7.9
7.81
7.85
7.845
7.8347
7.805
7.825
7.71
7.75
7.75
7.8
7.7
7.7
7.75
7.75
7.8
7.8
7.8
7.8
7.85
7.825
7.85
7.85
7.85
7.85
7.85
7.85
7.8335
7.85
7.85
7.85
7.845
7.85
7.85
7.83
7.82
7.845
7.85
7.8
7.85
7.85
7.8
7.8
7.8
7.8
7.85
7.85
7.85
7.845
7.85
7.85
7.8
7.8
7.85
7.85
7.85
7.8
7.95
7.85
7.85
7.85
7.85
7.875
7.85
7.85
7.85
7.875
7.85
7.9
7.85
7.85
7.7
7.6
7.65
7.65
7.65
7.6
7.55
7.64
7.65
7.6
7.55
7.56
7.6
7.65
7.65
7.625
7.65
7.65
7.65
7.6174
7.65
7.65
7.65
7.65
7.675
7.65
7.65
7.75
7.675
7.7
7.71
7.7
7.75
7.7
7.7
7.7
7.7
7.7
7.7
7.75
7.7
7.7
7.7
7.7
7.7
7.7
7.7
7.7
7.725
7.725
7.7
7.7
7.75
7.75
7.75
7.6
7.655
7.6
7.645
7.65
7.635
7.65
7.6
7.6
7.6
7.6
7.625
7.625
7.6
7.65
7.6
7.51
7.525
7.51
7.5
7.5
7.5
7.475
7.5
7.495
7.475
7.5
7.5
7.46
7.45
7.45
7.45
7.45
7.5
7.45
7.45
7.4558
7.45
7.49
7.45
7.45
7.45
7.45
7.5
7.5
7.45
7.5
7.45
7.45
7.45
7.475
7.475
7.45
7.5
7.5
7.5
7.55
7.5
7.47
7.45
7.45
7.45
7.45
7.4
7.4
7.445
7.425
7.45
7.45
7.475
7.475
7.45
7.45
7.45
7.45
7.4
7.45
7.45
7.45
7.45
7.45
7.6
7.5
7.5
7.5
7.44
7.425
7.45
7.5
7.5
7.475
7.495
7.5
7.5
7.45
7.45
7.45
7.475
7.45
7.45
7.45
7.45
7.45
7.5
7.45
7.5
7.45
7.45
7.45
7.45
7.5
7.5
7.45
7.45
7.4
7.45
7.45
7.45
7.45
7.5
7.5
7.5
7.475
7.4
7.4
7.4
7.45
7.45
7.45
7.45
7.45
7.45
7.45
7.45
7.45
7.45
7.45
7.45
7.45
7.45
7.45
7.45
7.46
7.46
7.5
7.5
7.5
7.5
7.5
7.5
7.446
7.45
7.45
7.45
7.45
7.45
7.45
7.45
7.45
7.45
7.45
7.45
7.45
7.45
7.45
7.45
7.45
7.45
7.45
7.45
7.5
7.45
7.45
7.45
7.45
7.405
7.45
7.4
7.45
7.45
7.45
7.45
7.45
7.45
7.425
7.425
7.425
7.45
7.35
7.35
7.4
7.45
7.4
7.44
7.45
7.45
7.55
7.5
7.5
7.5
7.5
7.55
7.54
7.5493
7.45
7.4
7.4
7.4
7.4
7.45
7.45
7.45
7.4211
7.41
7.45
7.45
7.45
7.4
7.45
7.425
7.4125
7.4211
7.45
7.45
7.45
7.45
7.45
7.425
7.45
7.45
7.5
7.5
7.525
7.525
7.5
7.45
7.45
7.45
7.475
7.45
7.5
7.5
7.5
7.525
7.525
7.5
7.525
7.525
7.525
7.5
7.55
7.5632
7.55
7.55
7.55
7.55
7.55
7.55
7.55
7.55
7.563
7.5675
7.575
7.55
7.55
7.575
7.5
7.525
7.5
7.5
7.525
7.5
7.5
7.5
7.5
7.5
7.5
7.525
7.5
7.5
7.5
7.525
7.525
7.525
7.5
7.525
7.525
7.5
7.5
7.525
7.525
7.55
