59.47
59.49
59.63
59.47
59.44
59.52
59.47
59.57
59.5
59.5
59.47
59.4975
59.56
59.52
59.54
59.57
59.71
59.6
59.62
59.7
59.6449
59.56
59.56
59.58
59.59
59.5975
59.54
59.533
59.45
59.42
59.37
59.32
59.32
59.38
59.44
59.4885
59.545
59.5
59.54
59.53
59.59
59.63
59.61
59.6
59.51
59.49
59.4508
59.39
59.39
59.37
59.43
59.37
59.36
59.35
59.44
59.45
59.43
59.42
59.454
59.3491
59.34
59.3399
59.32
59.3
59.27
59.27
59.2
59.1973
59.25
59.26
59.23
59.22
59.21
59.21
59.14
59.11
59.21
59.26
59.28
59.36
59.334
59.39
59.47
59.5
59.47
59.51
59.53
59.4623
59.42
59.425
59.47
59.53
59.53
59.545
59.55
59.49
59.46
59.4679
59.48
59.49
59.5
59.51
59.5
59.45
59.46
59.43
59.4
59.42
59.42
59.42
59.449
59.49
59.5103
59.47
59.47
59.43
59.45
59.47
59.4999
59.47
59.51
59.49
59.57
59.61
59.65
59.6478
59.64
59.66
59.58
59.58
59.62
59.65
59.62
59.65
59.66
59.6559
59.66
59.65
59.68
59.62
59.64
59.6335
59.7005
59.654
59.7
59.69
59.63
59.61
59.63
59.58
59.64
59.65
59.67
59.6778
59.71
59.7414
59.74
59.8692
59.86
59.77
59.7313
59.749
59.7
59.65
59.62
59.63
59.635
59.65
59.62
59.61
59.73
59.74
59.77
59.78
59.82
59.79
59.7562
59.757
59.74
59.77
59.77
59.781
59.78
59.78
59.76
59.77
59.7744
59.81
59.775
59.8
59.82
59.8778
59.87
59.9
59.8812
59.91
59.8935
59.88
59.88
59.9
59.9
59.9024
59.9
59.89
59.84
59.83
59.85
59.83
59.8257
59.85
59.84
59.83
59.7899
59.8
59.7967
59.82
59.81
59.794
59.81
59.8222
59.79
59.7832
59.81
59.8242
59.81
59.7913
59.78
59.77
59.78
59.77
59.78
59.7683
59.787
59.78
59.785
59.77
59.75
59.71
59.7261
59.75
59.74
59.73
59.7085
59.71
59.69
59.71
59.7
59.73
59.69
59.67
59.68
59.69
59.68
59.7
59.6822
59.67
59.64
59.66
59.665
59.6714
59.68
59.67
59.6605
59.7
59.6918
59.72
59.74
59.76
59.78
59.77
59.77
59.75
59.78
59.8
59.86
59.86
59.87
59.91
59.9198
59.92
59.93
59.92
59.9
59.93
59.91
59.91
59.93
59.96
59.94
59.96
59.975
59.94
59.97
59.95
59.89
59.915
59.89
59.89
59.905
59.91
59.92
59.89
59.895
59.86
59.84
59.825
59.9
59.89
59.89
59.885
59.9
59.9114
59.98
59.94
59.97
59.9734
59.93
59.88
59.88
59.8402
59.85
59.91
59.92
59.95
59.9
59.865
59.91
59.9077
59.89
59.89
59.845
59.81
59.77
59.74
59.74
59.66
59.715
59.75
59.77
59.78
59.82
59.82
59.78
59.83
59.82
59.7963
59.83
59.8
59.7
59.695
59.685
59.68
59.67
59.66
59.66
59.61
59.595
59.6
59.59
59.61
59.6
59.62
59.585
59.58
59.61
59.59
59.6
59.6
59.62
59.59
59.64
59.7055
59.75
59.73
59.67
59.65
59.67
59.64
59.595
59.64
59.62
59.62
59.6
59.61
59.605
59.63
59.615
59.61
59.64
59.58
59.47
59.16
59.12
59.03
59.205
59.13
59.31
59.23
59.3
59.345
59.4585
59.45
59.5
59.54
59.53
59.55
59.55
59.535
59.55
59.58
59.66
59.665
59.63
59.52
59.53
59.55
59.55
59.59
59.57
59.53
59.47
59.43
59.38
59.44
59.56
59.55
59.52
59.57
59.61
59.54
59.588
59.545
59.58
59.61
59.55
59.55
59.545
59.54
59.55
59.56
59.55
59.55
59.57
59.52
59.57
59.545
59.55
59.55
59.54
59.54
59.57
59.55
59.55
59.56
59.55
59.565
59.57
59.52
59.53
59.53
59.54
59.535
59.54
59.58
59.6808
59.61
59.5873
59.59
59.6
59.645
59.63
59.705
59.68
59.69
59.68
59.7
59.7
59.71
59.73
59.7
59.67
59.68
59.67
59.7
59.71
59.69
59.71
59.71
59.7
59.7
59.7003
59.67
59.65
59.655
59.59
59.61
59.62
59.62
59.6195
59.54
59.56
59.56
59.56
59.54
59.47
59.4
59.35
59.355
59.3346
59.34
59.3141
59.33
59.29
59.39
59.39
59.36
59.37
59.39
59.325
59.305
59.33
59.32
59.335
59.325
59.28
59.295
59.28
59.25
59.2401
59.24
59.18
59.18
59.15
59.08
59.06
59.07
59.07
59.1
59.1382
59.1
59.06
59.05
59.02
59.04
59.0373
59.02
58.94
58.89
58.91
58.865
58.88
58.84
58.845
58.79
58.785
58.765
58.76
58.76
58.76
58.77
58.74
58.78
58.72
58.71
58.68
58.67
58.66
58.67
58.664
58.68
58.68
58.66
58.65
58.65
58.64
58.64
58.63
58.825
58.74
58.79
58.78
58.73
58.8246
58.7708
58.85
58.81
58.74
58.73
58.66
58.45
58.56
58.52
58.57
58.58
58.66
58.73
58.69
58.87
58.86
58.85
58.915
58.925
58.95
58.96
58.975
58.99
59.02
58.907
58.8695
58.89
58.899
58.92
58.88
58.85
58.79
58.825
58.77
58.75
58.71
58.7
58.73
58.76
58.76
58.77
58.76
58.722
58.69
58.72
58.76
58.7
58.73
58.7
58.66
58.61
58.59
58.58
58.52
58.47
58.465
58.45
58.42
58.465
58.5
58.57
58.64
58.62
58.55
58.49
58.4648
58.48
58.44
58.41
58.48
58.46
58.42
58.38
58.42
58.435
58.42
58.38
58.44
58.475
58.53
58.58
58.66
58.71
58.67
58.63
58.65
58.56
58.52
58.56
58.55
58.52
58.5299
58.56
58.56
58.5722
58.67
58.71
58.6575
58.6
58.587
58.57
58.53
58.51
58.45
58.4501
58.43
58.4
58.4048
58.435
58.4175
58.38
58.36
58.34
58.344
58.3
58.29
58.29
58.31
58.28
58.26
58.2216
58.25
58.2519
58.25
58.24
58.25
58.28
58.2316
58.22
58.245
58.25
58.3
58.3
58.27
58.285
58.25
58.27
58.3
58.315
58.305
58.24
58.18
58.15
58.11
58.145
58.12
58.09
58.125
58.09
58.12
58.08
58.08
58.105
58.13
58.15
58.145
58.1
58.13
58.15
58.16
58.17
58.17
58.17
58.21
58.17
58.17
58.15
58.21
58.22
58.26
58.265
58.28
58.25
58.25
58.249
58.2252
58.26
58.25
58.27
58.278
58.338
58.33
58.28
58.26
58.2375
58.27
58.29
58.29
58.295
58.31
58.32
58.31
58.29
58.36
58.3586
58.27
58.301
58.315
58.3
58.36
58.52
58.38
58.35
58.3
58.45
58.4634
58.48
58.61
58.68
58.57
58.7
58.7
58.72
58.81
58.77
58.73
58.76
58.69
58.68
58.72
58.67
58.63
58.6
58.48
58.46
58.39
58.39
58.374
58.4
58.45
58.4667
58.51
58.618
58.635
58.665
58.585
58.58
58.65
58.6
58.6013
58.58
58.66
58.65
58.69
58.6525
58.6
58.6
58.735
58.735
58.74
58.7
58.74
58.7833
58.8
58.755
58.71
58.72
58.775
58.87
58.89
58.93
58.9329
58.99
58.95
59.0
59.04
59.03
58.99
59.07
59.0878
59.06
59.09
59.2
59.21
59.16
59.19
59.13
59.14
59.15
59.14
59.1149
59.17
59.1
59.084
59.095
59.11
59.1125
59.13
59.145
59.2
59.182
59.15
59.145
59.18
59.215
59.26
59.195
59.14
59.18
59.22
59.18
59.14
59.15
59.12
59.09
59.065
59.17
59.14
59.22
59.22
59.28
59.295
59.28
59.28
59.28
59.271
59.34
59.28
59.28
59.28
59.215
59.22
59.26
59.2435
59.235
59.2
59.22
59.2121
59.31
59.3
59.34
59.31
59.3
59.32
59.31
59.35
59.38
59.35
59.38
59.38
59.355
59.321
59.35
59.38
59.36
59.355
59.34
59.26
59.23
59.2283
59.22
59.22
59.23
59.27
59.315
59.3183
59.29
59.29
59.305
59.29
59.2224
59.25
59.25
59.27
59.2577
59.255
59.235
59.2153
59.24
59.21
59.19
59.17
59.21
59.2
59.199
59.18
59.18
59.18
59.2
59.22
59.25
59.245
59.235
59.2
59.22
59.26
59.28
59.3
59.27
59.24
59.25
59.25
59.27
59.214
59.18
59.17
59.21
59.26
59.245
59.26
59.26
59.25
59.25
59.25
59.23
59.2205
59.205
59.1772
59.15
59.13
59.14
59.16
59.2
59.13
59.145
59.16
59.19
59.2
59.19
59.1832
59.2
59.22
59.21
59.225
59.22
59.2195
59.211
59.175
59.18
59.2
59.195
59.2
59.22
59.22
59.235
59.28
59.28
59.29
59.28
59.33
59.33
59.34
59.33
59.31
59.32
59.32
59.34
59.34
59.32
59.3
59.29
59.285
59.32
59.32
59.34
59.34
59.3263
59.31
59.29
59.31
59.32
59.32
59.34
59.34
59.35
59.35
59.38
59.38
59.375
59.38
59.38
59.375
59.39
59.47
59.425
59.41
59.33
59.33
59.345
59.32
59.295
59.26
59.28
59.29
59.29
59.265
59.2886
59.29
59.3
59.31
59.26
59.33
59.31
59.31
59.3
59.29
59.32
59.32
59.32
59.315
59.3271
59.34
59.316
59.295
59.29
59.32
59.3073
59.305
59.375
59.385
59.375
59.375
59.35
59.33
59.34
59.33
59.33
59.328
59.34
59.36
59.36
59.37
59.36
59.35
59.335
59.33
59.33
59.32
59.335
59.385
59.4
59.39
59.41
59.43
59.435
59.415
59.405
59.3554
59.365
59.365
59.38
59.38
59.38
59.3781
59.39
59.37
59.38
59.365
59.38
59.425
59.46
59.43
59.425
59.44
59.44
59.42
59.405
59.42
59.4
59.36
59.385
59.39
59.44
59.455
59.486
59.485
59.485
59.53
59.53
59.55
59.54
59.49
59.515
59.53
59.49
59.45
59.46
59.45
59.44
59.485
59.48
59.44
59.41
60.25
59.99
60.23
60.26
60.3123
60.32
60.24
60.29
60.3
60.3
60.19
60.09
60.13
60.13
60.11
60.09
60.22
60.22
60.16
60.12
59.97
59.93
59.93
59.85
59.83
59.795
59.86
59.76
59.755
59.78
59.78
59.73
59.79
59.8
59.75
59.68
59.58
59.68
59.68
59.75
59.8
59.86
59.9
59.8705
59.97
59.96
60.09
60.1
60.15
60.17
60.17
60.2
60.15
60.05
60.01
60.05
60.04
60.11
60.08
60.07
60.07
60.09
60.16
60.15
60.15
60.17
60.1218
60.08
60.09
60.07
60.06
60.03
60.01
60.03
59.96
59.945
59.85
59.91
59.9
59.92
59.925
59.92
59.89
59.9
59.92
59.9154
59.97
60.0
59.94
59.9
59.86
59.87
59.84
59.94
59.92
59.95
59.91
59.89
59.89
59.868
59.93
59.91
59.92
59.9
59.88
59.97
59.99
60.0
59.99
60.0
60.07
60.075
60.072
60.12
60.13
60.15
60.12
60.0671
60.0228
60.05
60.0101
60.03
60.02
60.04
60.08
60.09
60.08
60.06
60.04
60.0
60.055
60.07
60.09
60.11
60.09
60.1
60.08
60.09
60.12
60.145
60.18
60.1401
60.18
60.2
60.16
60.16
60.17
60.1401
60.14
60.12
60.1
60.13
60.11
60.13
60.09
60.06
60.04
60.035
60.04
60.02
60.014
60.015
59.98
59.92
59.95
59.97
59.98
59.975
59.985
59.985
59.99
60.005
60.02
60.04
60.05
60.04
60.075
60.04
60.05
60.08
60.07
60.07
60.0695
60.1
60.087
60.06
59.98
59.98
60.03
60.0
60.04
60.06
60.05
60.05
60.0493
60.04
60.03
59.98
60.004
60.0042
60.0255
60.01
59.98
59.97
59.9819
60.01
60.01
60.0101
59.99
59.9943
59.96
59.95
59.958
59.9
59.89
59.89
59.84
59.8417
59.81
59.8
59.8
59.8
59.75
59.76
59.8023
59.81
59.78
59.78
59.77
59.735
59.7637
59.78
59.78
59.79
59.78
59.8
59.785
59.787
59.77
59.77
59.7601
59.8
59.7802
59.75
59.74
59.76
59.72
59.7401
59.75
59.74
59.7402
59.7
59.7128
59.69
59.67
59.66
59.63
59.63
59.61
59.6001
59.6015
59.64
59.63
59.63
59.6017
59.6
59.56
59.53
59.56
59.603
59.67
59.67
59.65
59.66
59.63
59.63
59.58
59.5976
59.6152
59.6234
59.6
59.63
59.65
59.68
59.67
59.66
59.62
59.61
59.6599
59.65
59.63
59.63
59.6
59.6
59.5691
59.6
59.61
59.62
59.6324
59.6118
59.59
59.57
59.56
59.54
59.56
59.55
59.59
59.59
59.6
59.59
59.59
59.59
59.57
59.58
59.59
59.62
59.58
59.58
59.58
59.54
59.53
59.55
59.54
59.55
59.57
59.55
59.55
59.5522
59.58
59.55
59.5658
59.54
59.545
59.5335
59.53
59.54
59.5384
59.54
59.53
59.52
59.537
59.53
59.5461
59.55
59.553
59.56
59.53
59.54
59.55
59.53
59.543
59.5
59.51
59.5
59.48
59.4765
59.47
59.4925
59.53
59.54
59.55
59.57
59.58
59.62
59.61
59.63
59.615
59.65
59.65
59.7
59.71
59.73
59.71
59.75
59.74
59.74
59.75
59.75
59.71
59.73
59.72
59.76
59.79
59.81
59.79
59.79
59.82
60.09
59.991
60.0009
60.04
59.979
59.86
59.9
59.89
59.87
59.8621
59.79
59.69
59.72
59.79
59.8346
59.855
59.75
59.65
59.694
59.682
59.61
59.6829
59.7
59.63
59.62
59.52
59.61
59.63
59.6799
59.6724
59.6799
59.61
59.58
59.59
59.65
59.7059
59.7401
59.88
59.89
59.97
59.9856
60.0
60.0
59.98
59.97
59.96
59.86
59.86
59.87
59.87
59.85
59.84
59.86
59.86
59.9
59.88
59.8401
59.916
59.8601
59.85
59.92
59.9599
59.91
59.86
59.88
59.85
59.84
59.8565
59.83
59.85
59.88
59.9
59.8895
59.86
59.85
59.82
59.85
59.86
59.83
59.84
59.8668
59.88
59.82
59.82
59.83
59.85
59.85
59.83
59.88
59.85
59.85
59.86
59.8716
59.82
59.77
59.76
59.74
59.74
59.86
59.8495
59.83
59.8281
59.84
59.82
59.81
59.78
59.8
59.79
59.78
59.83
59.79
59.76
59.8
59.75
59.7273
59.72
59.74
59.695
59.68
59.66
59.69
59.69
59.695
59.6873
59.7
59.68
59.71
59.72
59.7299
59.695
59.6664
59.66
59.64
59.63
59.62
59.61
59.6384
59.63
59.6082
59.645
59.65
59.66
59.7
59.7
59.72
59.72
59.71
59.7063
59.74
59.71
59.702
59.69
59.67
59.69
59.7271
59.69
59.67
59.66
59.72
59.6827
59.7
59.685
59.7
59.69
59.67
59.6
59.61
59.61
59.59
59.57
59.54
59.57
59.5671
59.6
59.62
59.67
59.67
59.669
59.61
59.62
59.6005
59.605
59.62
59.61
59.61
59.63
59.63
59.57
59.57
59.6
59.62
59.63
59.61
59.61
59.61
59.62
59.61
59.62
59.61
59.6101
59.66
59.67
59.68
59.65
59.64
59.65
59.68
59.67
59.68
59.7
59.67
59.6935
59.71
59.72
59.71
59.74
59.76
59.755
59.75
59.77
59.7782
59.78
59.7761
59.78
59.73
59.7261
59.75
59.74
59.76
59.72
59.72
59.7
59.68
59.72
59.7268
59.73
59.715
59.69
59.68
59.7
59.71
59.7532
59.7732
59.78
59.79
59.7768
59.76
59.76
59.77
59.76
59.76
59.7701
59.76
59.77
59.78
59.76
59.77
59.75
59.76
59.775
59.7665
59.72
59.712
59.7101
59.72
59.68
59.69
59.67
59.68
59.6958
59.71
59.72
59.74
59.71
59.72
59.71
59.71
59.69
59.7
59.72
59.74
59.74
59.74
59.74
59.73
59.72
59.7141
59.7312
59.7
59.707
59.68
59.67
59.6919
59.7
59.694
59.72
59.72
59.73
59.73
59.73
59.7225
59.71
59.75
59.75
59.74
59.76
59.7584
59.74
59.74
59.75
59.77
59.77
59.78
59.77
59.78
59.77
59.75
59.75
59.77
59.77
59.8
59.83
59.79
59.81
59.796
59.85
59.85
59.81
59.803
59.81
59.8
59.8
59.83
59.82
59.8
59.8
59.7943
59.78
59.76
59.75
59.75
59.77
59.78
59.76
59.77
59.79
59.78
59.78
59.79
59.8
59.8
59.82
59.82
59.82
59.81
59.82
59.83
59.81
59.83
59.83
59.825
59.83
59.83
59.84
59.88
59.92
59.9301
59.9399
59.92
59.94
59.91
59.92
59.9
59.9
59.89
59.92
59.88
59.91
59.9
59.88
59.905
59.89
59.87
59.83
59.82
60.06
60.02
60.18
60.06
60.0295
60.24
60.16
60.11
60.09
60.1
60.03
60.02
60.1
60.08
60.03
59.999
59.99
59.99
59.96
59.86
59.9152
59.96
60.01
60.14
60.19
60.12
60.14
60.21
60.25
60.19
60.18
60.14
60.1465
60.17
60.15
60.15
60.11
60.07
60.04
60.06
60.13
60.16
60.11
60.14
60.16
60.21
60.26
60.26
60.18
60.2
60.22
60.2202
60.22
60.21
60.2
60.19
60.225
60.32
60.3099
60.39
60.48
60.45
60.48
60.49
60.45
60.44
60.44
60.39
60.44
60.42
60.38
60.35
60.31
60.36
60.38
60.4
60.41
60.44
60.43
60.38
60.38
60.39
60.37
60.32
60.33
60.35
60.31
60.33
60.295
60.2672
60.3
60.32
60.33
60.26
60.24
60.2017
60.24
60.24
60.28
60.27
60.22
60.14
60.13
60.11
60.11
60.0992
60.11
60.1
60.13
60.15
60.12
60.12
60.11
60.09
60.09
60.08
60.06
60.1
60.12
60.11
60.12
60.135
60.17
60.2
60.2
60.19
60.144
60.19
60.24
60.25
60.25
60.27
60.27
60.26
60.24
60.26
60.26
60.26
60.28
60.24
60.24
60.24
60.26
60.28
60.32
60.32
60.2632
60.25
60.24
60.25
60.24
60.245
60.26
60.24
60.22
60.2214
60.19
60.17
60.2
60.13
60.16
60.16
60.21
60.19
60.19
60.2041
60.2599
60.26
60.3
60.24
60.24
60.25
60.234
60.24
60.22
60.22
60.21
60.18
60.19
60.22
60.18
60.16
60.16
60.18
60.19
60.203
60.22
60.235
60.22
60.2
60.22
60.21
60.19
60.226
60.21
60.21
60.21
60.18
60.19
60.1953
60.18
60.175
60.18
60.19
60.2166
60.2
60.1832
60.16
60.155
60.1812
60.239
60.19
60.17
60.19
60.17
60.183
60.19
60.21
60.216
60.23
60.2
60.24
60.19
60.17
60.17
60.19
60.17
60.162
60.17
60.14
60.17
60.145
60.15
60.13
60.105
60.09
60.09
60.07
60.07
60.0501
60.1
60.1299
60.12
60.12
60.16
60.1502
60.16
60.16
60.18
60.16
60.18
60.18
60.14
60.16
60.17
60.15
60.15
60.158
60.11
60.107
60.09
60.09
60.07
60.082
60.05
60.0601
60.0557
60.05
60.04
60.07
60.08
60.11
60.13
60.13
60.11
60.13
60.14
60.12
60.09
60.08
60.08
60.07
60.045
60.055
60.02
59.98
59.995
59.995
59.98
60.01
60.03
60.015
60.02
60.04
60.0101
59.97
59.97
59.98
59.9864
59.99
59.997
60.04
60.06
60.04
60.03
60.1
60.11
60.11
60.106
60.05
60.0302
60.08
60.11
60.11
60.09
60.07
60.09
60.1022
60.12
60.11
60.15
60.13
60.21
60.1876
60.17
60.188
60.19
60.25
60.3
60.31
60.28
60.29
60.27
60.28
60.3
60.27
60.25
60.24
60.24
60.225
60.19
60.205
60.22
60.2
60.22
60.255
60.24
60.29
60.2701
60.27
60.2425
60.2
60.2013
60.21
60.22
60.23
60.22
60.2
60.19
60.19
60.17
60.17
60.18
60.17
60.14
60.16
60.15
60.156
60.17
60.19
60.21
60.21
60.17
60.16
60.14
60.19
60.18
60.175
60.16
60.18
60.19
60.195
60.21
60.2
60.195
60.17
60.16
60.08
60.0
60.09
60.11
60.14
60.44
60.43
60.35
60.39
60.48
60.47
60.54
60.47
60.4848
60.4299
60.44
60.45
60.42
60.47
60.56
60.555
60.57
60.58
60.61
60.59
60.58
60.61
60.69
60.7
60.695
60.54
60.562
60.53
60.48
60.52
60.5
60.5199
60.53
60.5
60.54
60.58
60.57
60.588
60.6125
60.52
60.57
60.63
60.6292
60.62
60.65
60.6
60.575
60.55
60.54
60.55
60.55
60.5426
60.56
60.57
60.61
60.62
60.6199
60.66
60.66
60.64
60.615
60.67
60.65
60.71
60.7
60.69
60.69
60.75
60.78
60.7379
60.7
60.65
60.71
60.6961
60.67
60.64
60.62
60.6
60.66
60.655
60.69
60.716
60.77
60.85
60.89
60.855
60.79
60.81
60.78
60.778
60.72
60.71
60.69
60.74
60.77
60.79
60.78
60.77
60.73
60.74
60.77
60.8
60.83
60.83
60.86
60.8197
60.79
60.77
60.79
60.7911
60.77
60.82
60.82
60.8164
60.838
60.82
60.84
60.85
60.9
60.92
60.89
60.85
60.88
60.86
60.84
60.82
60.826
60.84
60.82
60.81
60.762
60.76
60.75
60.72
60.7
60.725
60.77
60.77
60.74
60.74
60.72
60.76
60.77
60.7615
60.75
60.76
60.76
60.73
60.72
60.69
60.69
60.72
60.745
60.75
60.75
60.745
60.749
60.76
60.76
60.77
60.8
60.82
60.81
60.8119
60.82
60.76
60.74
60.75
60.77
60.8195
60.78
60.775
60.75
60.74
60.73
60.76
60.757
60.76
60.71
60.72
60.72
60.73
60.76
60.73
60.73
60.73
60.755
60.755
60.744
60.75
60.75
60.76
60.8
60.8
60.78
60.7722
60.77
60.77
60.76
60.75
60.77
60.76
60.76
60.7799
60.7195
60.71
60.74
60.72
60.7
60.6963
60.68
60.69
60.7
60.71
60.6853
60.68
60.69
60.67
60.64
60.6478
60.65
60.64
60.59
60.58
60.5667
60.58
60.61
60.5976
60.61
60.59
60.55
60.56
60.5678
60.59
60.6
60.5801
60.59
60.56
60.57
60.57
60.5568
60.542
60.56
60.58
60.61
60.6081
60.63
60.63
60.5922
60.5929
60.565
60.555
60.57
60.5678
60.58
60.55
60.579
60.58
60.5685
60.6
60.602
60.6099
60.6
60.61
60.5904
60.64
60.66
60.6438
60.63
60.63
60.62
60.6197
60.63
60.6272
60.6135
60.62
60.6175
60.6201
60.6135
60.6192
60.61
60.62
60.63
60.64
60.625
60.6173
60.6
60.61
60.62
60.6
60.6
60.61
60.62
60.61
60.6083
60.6
60.62
60.65
60.66
60.67
60.6655
60.65
60.64
60.65
60.65
60.6437
60.62
60.61
60.6044
60.61
60.5965
60.58
60.5859
60.56
60.5586
60.55
60.56
60.5632
60.55
60.5495
60.53
60.53
60.545
60.55
60.55
60.555
60.5499
60.54
60.54
60.54
60.5269
60.52
60.5
60.495
60.52
60.539
60.53
60.57
60.58
60.59
60.61
60.605
60.595
60.61
60.6
60.59
60.544
60.565
60.55
60.55
60.54
60.542
60.555
60.52
60.52
60.49
60.48
60.4859
60.485
60.48
60.49
60.54
60.5466
60.57
60.57
60.56
60.56
60.561
60.55
60.56
60.53
60.5
60.5
60.52
60.4982
60.48
60.45
60.49
60.5
60.63
60.59
60.635
60.54
60.555
60.71
60.714
60.65
60.63
60.6399
60.685
60.64
60.6637
60.67
60.67
60.65
60.7
60.71
60.78
60.7
60.77
60.7748
60.73
60.674
60.71
60.73
60.78
60.82
60.83
60.84
60.85
60.8028
60.79
60.7999
60.83
60.8917
60.94
60.92
60.87
60.87
60.872
60.86
60.82
60.81
60.86
60.88
60.95
60.93
60.83
60.8605
60.87
60.8557
60.7917
60.79
60.79
60.8142
60.8167
60.8
60.76
60.74
60.78
60.78
60.76
60.83
60.87
60.83
60.8473
60.84
60.87
60.85
60.84
60.82
60.79
60.7517
60.73
60.71
60.7036
60.62
60.68
60.68
60.67
60.67
60.68
60.66
60.68
60.68
60.63
60.51
60.51
60.52
60.53
60.516
60.48
60.49
60.44
60.48
60.4701
60.4496
60.42
60.4102
60.4199
60.44
60.48
60.45
60.46
60.49
60.45
60.44
60.4221
60.41
60.408
60.37
60.37
60.33
60.28
60.32
60.28
60.334
60.37
60.38
60.4
60.38
60.38
60.325
60.32
60.34
60.35
60.3245
60.3102
60.27
60.3144
60.34
60.34
60.33
60.3
60.31
60.3
60.28
60.2828
60.28
60.31
60.29
60.3
60.275
60.31
60.33
60.29
60.29
60.3
60.2971
60.305
60.32
60.337
60.3241
60.37
60.329
60.31
60.33
60.3264
60.3197
60.34
60.35
60.34
60.3485
60.36
60.3468
60.36
60.37
60.34
60.3109
60.3
60.3293
60.33
60.3541
60.35
60.3632
60.37
60.3739
60.35
60.3336
60.36
60.33
60.3313
60.33
60.36
60.37
60.36
60.379
60.37
60.38
60.37
60.37
60.42
60.42
60.44
60.4579
60.44
60.3968
60.37
60.39
60.41
60.39
60.4
60.42
60.38
60.39
60.38
60.37
60.35
60.37
60.37
60.37
60.37
60.36
60.3684
60.39
60.39
60.39
60.39
60.41
60.43
60.43
60.48
60.49
60.5
60.52
60.46
60.45
60.48
60.49
60.53
60.48
60.48
60.481
60.503
60.49
60.51
60.54
60.53
60.52
60.52
60.5062
60.4995
60.47
60.4781
60.53
60.534
60.5272
60.53
60.52
60.53
60.51
60.505
60.52
60.52
60.51
60.52
60.53
60.56
60.53
60.51
60.477
60.5395
60.53
60.5
60.51
60.5174
60.51
60.55
60.57
60.5692
60.56
60.57
60.585
60.58
60.58
60.595
60.6226
60.61
60.6085
60.65
60.6428
60.645
60.65
60.63
60.55
60.59
60.57
60.54
60.53
60.51
60.5184
60.5226
60.54
60.54
60.53
60.54
60.57
60.59
60.5827
60.577
60.61
60.61
60.62
60.61
60.57
60.57
60.57
60.6
60.6
60.61
60.63
60.61
60.61
60.61
60.57
60.55
60.58
60.54
60.533
60.55
60.51
60.5014
60.51
60.51
60.53
60.53
60.54
60.53
60.53
60.56
60.56
60.565
60.555
60.53
60.5435
60.55
60.55
60.54
60.54
60.5
60.5201
60.51
60.5042
60.54
60.54
60.532
60.53
60.54
60.5292
60.49
60.49
60.4743
60.46
60.48
60.49
60.49
60.49
60.5
60.51
60.51
60.54
60.55
60.552
60.5685
60.56
60.57
60.585
60.56
60.58
60.5872
60.56
60.55
60.57
60.58
60.59
60.58
60.585
60.58
60.575
60.58
60.57
60.4
60.51
60.75
60.69
60.51
60.57
60.42
60.51
60.53
60.52
60.61
60.63
60.7
60.65
60.62
60.63
60.67
60.7296
60.72
60.73
60.71
60.76
60.74
60.78
60.75
60.84
60.81
60.77
60.8
60.81
60.84
60.87
60.83
60.82
60.79
60.8042
60.8499
60.89
60.8499
60.8527
60.87
60.94
60.955
60.97
60.92
60.9225
60.93
60.9254
60.92
60.9204
60.914
60.93
60.95
60.93
60.9122
60.9495
60.92
60.92
60.93
60.92
60.861
60.89
60.8341
60.87
60.8229
60.84
60.86
60.889
60.83
60.82
60.78
60.8138
60.8
60.79
60.79
60.77
60.77
60.79
60.79
60.817
60.79
60.82
60.81
60.8
60.8
60.8
60.81
60.8
60.839
60.82
60.8
60.869
60.84
60.824
60.83
60.79
60.79
60.83
60.857
60.83
60.83
60.86
60.86
60.82
60.8
60.85
60.89
60.9
60.88
60.9
60.92
60.97
60.99
60.99
60.99
61.01
61.05
61.04
61.01
61.012
61.0186
61.04
61.07
61.06
61.04
61.0799
61.09
61.12
61.1399
61.12
61.12
61.15
61.17
61.13
61.12
61.16
61.17
61.14
61.16
61.1
61.11
61.15
61.09
61.09
61.1
61.0658
61.06
61.1
61.11
61.08
61.06
61.04
61.02
61.01
61.05
61.04
61.03
60.99
61.04
61.05
61.03
61.0345
61.06
61.05
61.04
61.05
61.02
61.0
60.9861
60.99
60.99
61.01
61.06
61.07
61.06
61.1
61.12
61.1102
61.13
61.15
61.1395
61.1332
61.14
61.15
61.14
61.17
61.17
61.15
61.14
61.16
61.16
61.18
61.17
61.19
61.21
61.195
61.2
61.17
61.14
61.16
61.15
61.15
61.18
61.18
61.1664
61.17
61.2
61.21
61.2
61.22
61.21
61.2
61.21
61.23
61.21
61.2167
61.22
61.22
61.22
61.25
61.255
61.236
61.24
61.2499
61.2368
61.24
61.2343
61.2385
61.263
61.25
61.25
61.26
61.253
61.271
61.28
61.28
61.2718
61.25
61.24
61.3074
61.29
61.27
61.29
61.31
61.31
61.289
61.29
61.3
61.26
61.28
61.23
61.23
61.21
61.2284
61.22
61.23
61.23
61.23
61.25
61.2823
61.3
61.3
61.31
61.357
61.3394
61.359
61.37
61.37
61.36
61.36
61.4
61.3952
61.38
61.37
61.33
61.32
61.3158
61.3157
61.32
61.29
61.27
61.27
61.31
61.3
61.29
61.29
61.28
61.28
61.28
61.25
61.24
61.27
61.29
61.2725
61.29
61.31
61.3
61.31
61.3
61.31
61.31
61.31
61.32
61.35
61.355
61.33
61.3434
61.39
61.392
61.38
61.4
61.3799
61.39
61.39
61.37
61.38
61.395
61.401
61.4
61.42
61.4083
61.41
61.39
61.39
61.42
61.41
61.4
61.42
61.41
61.4
61.41
61.39
61.39
61.445
61.47
61.48
61.46
61.44
61.43
61.43
61.43
61.4333
61.43
61.43
61.46
61.46
61.46
61.4556
61.47
61.5
61.48
61.475
61.48
61.44
61.46
61.45
61.45
61.47
61.46
61.45
61.5
61.49
61.5
61.46
61.47
61.46
61.43
61.45
61.38
61.4
61.36
61.37
61.33
61.35
61.34
61.36
61.35
61.34
61.34
61.339
61.305
61.29
61.3
61.29
61.62
61.6228
61.5339
61.47
61.5
61.43
61.4
61.42
61.455
61.51
61.47
61.4349
61.425
61.38
61.4253
61.3
61.27
61.24
61.3
61.2601
61.3
61.33
61.29
61.25
61.3
61.3
61.35
61.37
61.3594
61.3732
61.35
61.3595
61.281
61.26
61.25
61.36
61.37
61.41
61.38
61.38
61.39
61.37
61.33
61.31
61.2629
61.27
61.27
61.21
61.19
61.1214
61.15
61.19
61.24
61.11
61.12
61.16
61.16
61.13
61.0908
61.03
61.02
61.11
61.12
61.09
61.11
61.08
61.17
61.22
61.2
61.2
61.24
61.19
61.19
61.1609
61.19
61.14
61.16
61.13
61.09
61.13
61.112
61.14
61.13
61.1
61.139
61.0969
61.12
61.04
61.05
61.08
61.07
61.1
61.16
61.17
61.19
61.18
61.21
61.27
61.2623
61.33
61.31
61.35
61.34
61.28
61.32
61.26
61.2834
61.32
61.3
61.34
61.34
61.35
61.32
61.34
61.331
61.34
61.31
61.3053
61.32
61.37
61.36
61.36
61.326
61.36
61.37
61.36
61.39
61.39
61.37
61.42
61.42
61.41
61.4
61.4
61.42
61.4
61.41
61.38
61.4
61.41
61.42
