88.0
87.92
88.16
88.4
88.35
88.41
88.385
88.375
88.42
88.29
88.27
88.27
88.3209
88.46
88.65
88.63
88.69
88.75
88.71
88.71
88.66
88.7071
88.74
88.75
88.79
88.8
88.755
88.77
88.75
88.75
88.7
88.75
88.73
88.65
88.659
88.65
88.75
88.73
88.7099
88.71
88.728
88.69
88.7
88.68
88.695
88.62
88.62
88.63
88.6745
88.73
88.72
88.68
88.69
88.6678
88.66
88.64
88.575
88.62
88.63
88.49
88.42
88.41
88.41
88.37
88.35
88.28
88.28
88.27
88.28
88.35
88.315
88.26
88.28
88.24
88.25
88.35
88.34
88.34
88.35
88.31
88.36
88.3
88.42
88.4
88.51
88.48
88.5
88.49
88.5
88.47
88.5
88.5111
88.49
88.515
88.56
88.5
88.49
88.57
88.525
88.49
88.43
88.49
88.5368
88.54
88.49
88.49
88.4994
88.48
88.5
88.5
88.525
88.415
88.51
88.49
88.498
88.52
88.4
88.49
88.54
88.42
88.45
88.5
88.415
88.44
88.44
88.502
88.48
88.485
88.49
88.425
88.51
88.46
88.505
88.47
88.49
88.49
88.48
88.4759
88.51
88.495
88.495
88.43
88.49
88.47
88.51
88.52
88.5025
88.5
88.5
88.48
88.505
88.4962
88.5
88.52
88.505
88.505
88.48
88.43
88.44
88.4899
88.5
88.5
88.5
88.5
88.51
88.51
88.5
88.51
88.5
88.54
88.51
88.49
88.504
88.48
88.51
88.47
88.495
88.5
88.47
88.48
88.47
88.45
88.51
88.46
88.48
88.49
88.51
88.5
88.49
88.51
88.545
88.51
88.5
88.49
88.54
88.4974
88.55
88.504
88.51
88.41
88.48
88.54
88.52
88.51
88.545
88.58
88.63
88.71
88.77
88.8
88.79
88.8
88.9893
88.97
89.07
89.08
89.14
89.21
89.18
89.27
89.3299
89.29
89.3325
89.34
89.33
89.31
89.28
89.15
89.19
89.205
89.23
89.15
89.12
89.13
89.11
89.08
89.1
89.13
89.15
89.13
89.125
89.17
89.19
89.15
89.12
89.125
89.14
89.1
89.135
89.14
89.15
89.13
89.16
89.16
89.12
89.12
89.065
89.05
89.29
88.9101
89.14
89.12
89.5
89.65
89.9499
89.73
89.95
89.76
89.75
89.77
89.74
89.74
89.6
89.74
89.73
89.54
89.6
89.44
89.12
89.26
89.27
89.41
89.41
89.595
89.5
89.535
89.335
89.53
89.5344
89.46
89.47
89.47
89.51
89.6
89.6
89.64
89.59
89.54
89.58
89.47
89.5567
89.51
89.5046
89.464
89.53
89.57
89.5
89.5287
89.48
89.48
89.48
89.45
89.45
89.4766
89.55
89.48
89.59
89.58
89.7
89.565
89.5
89.69
89.635
89.625
89.73
89.76
89.64
89.6585
89.68
89.73
89.74
89.7
89.73
89.63
89.61
89.622
89.5314
89.63
89.605
89.555
89.55
89.46
89.49
89.41
89.42
89.4125
89.39
89.4102
89.365
89.33
89.41
89.41
89.45
89.38
89.43
89.36
89.4
89.42
89.46
89.47
89.49
89.46
89.505
89.54
89.45
89.55
89.46
89.48
89.43
89.45
89.4
89.51
89.43
89.41
89.41
89.45
89.43
89.38
89.44
89.487
89.589
89.5
89.45
89.39
89.39
89.43
89.4
89.45
89.53
89.55
89.55
89.43
89.39
89.39
89.44
89.4
89.43
89.4199
89.45
89.46
89.47
89.44
89.45
89.46
89.49
89.5
89.48
89.498
89.498
89.498
89.51
89.53
89.495
89.49
89.515
89.41
89.4833
89.57
89.51
89.54
89.55
89.52
89.565
89.565
89.565
89.55
89.6
89.57
89.64
89.57
89.5704
89.5994
89.63
89.615
89.57
89.55
89.58
89.585
89.57
89.56
89.575
89.62
89.53
89.54
89.575
89.54
89.57
89.5
89.46
89.44
89.51
89.56
89.565
89.52
89.54
89.4706
89.54
89.551
89.46
89.49
89.485
89.56
89.45
89.51
89.41
89.42
89.493
89.45
89.425
89.34
89.384
89.36
89.28
89.32
89.29
89.27
89.3399
89.32
89.33
89.36
89.271
89.25
89.175
89.2
89.185
89.185
89.15
89.17
89.15
89.165
89.07
89.04
88.98
89.09
89.11
89.1
89.06
89.055
89.055
89.0
89.02
88.988
89.01
88.948
89.01
89.08
89.15
89.1
89.15
89.2
89.2
89.19
89.2
89.18
89.15
89.19
89.15
89.2
89.19
89.18
89.2
89.175
89.22
89.2
89.2
89.2
89.14
89.15
89.15
89.165
89.2
89.205
89.22
89.221
89.12
89.2
89.17
89.205
89.16
89.13
89.175
89.17
89.06
89.09
89.135
89.15
89.14
89.14
89.12
89.105
89.1
89.095
89.09
89.09
89.05
89.03
89.085
88.6
88.96
88.99
88.6404
88.7093
88.7187
88.7483
88.76
88.6606
88.6893
88.699
88.87
88.73
88.665
88.66
88.74
88.54
88.51
88.59
88.54
88.45
88.45
88.59
88.58
88.67
88.59
88.73
88.49
88.58
88.55
88.7
88.59
88.685
88.76
88.64
88.57
88.6
88.51
88.52
88.46
88.53
88.49
88.41
88.46
88.7
88.56
88.42
88.42
88.43
88.5857
88.6277
88.56
88.61
88.6
88.6435
88.7599
88.6
88.61
88.54
88.58
88.63
88.5502
88.5154
88.55
88.51
88.46
88.46
88.399
88.48
88.45
88.4373
88.52
88.4764
88.4745
88.39
88.5599
88.5
88.455
88.5
88.42
88.515
88.47
88.46
88.4427
88.44
88.4899
88.49
88.39
88.4
88.46
88.52
88.57
88.54
88.71
88.64
88.71
88.7017
88.7499
88.77
88.765
88.7
88.65
88.65
88.65
88.6599
88.7099
88.69
88.69
88.77
88.66
88.8329
88.92
88.85
88.72
88.71
88.68
88.71
88.69
88.75
88.69
88.69
88.65
88.74
88.745
88.736
88.82
88.66
88.65
88.6944
88.72
88.706
88.74
88.74
88.7
88.72
88.7281
88.7015
88.74
88.77
88.74
88.77
88.79
88.8299
88.8
88.82
88.81
88.75
88.75
88.745
88.81
88.81
88.75
88.77
88.85
88.8079
88.73
88.75
88.78
88.79
88.8
88.78
88.81
88.91
88.9
88.89
88.87
88.83
88.84
88.88
88.81
88.82
88.8
88.8
88.85
88.79
88.8
88.85
88.81
88.78
88.81
88.77
88.78
88.77
88.75
88.79
88.76
88.78
88.805
88.76
88.82
88.81
88.81
88.81
88.84
88.825
88.835
88.85
88.84
88.82
88.83
88.93
88.9
88.94
88.91
88.87
88.83
88.86
88.858
88.855
88.91
89.0
88.99
89.04
89.09
89.09
89.03
89.06
89.06
89.05
89.08
89.03
89.0299
89.07
89.07
89.15
89.15
88.7147
89.006
89.36
88.96
89.09
88.96
89.15
89.19
89.22
89.414
89.29
89.2703
89.3344
89.285
89.14
89.25
89.19
89.17
89.25
89.23
89.28
89.27
89.22
89.19
89.04
88.94
88.84
88.86
88.78
88.79
88.84
88.85
88.84
88.81
88.79
89.0735
88.952
88.93
89.08
89.1
89.08
89.09
89.07
89.11
89.09
89.14
89.09
89.1
89.1
89.09
89.07
89.0736
89.11
89.12
89.16
89.115
89.12
89.14
89.05
89.14
89.09
89.05
89.03
89.08
89.095
89.13
89.13
89.165
89.152
89.13
89.09
88.97
88.87
88.86
88.88
88.86
88.94
88.97
88.91
88.92
88.92
88.9
88.85
88.9
88.89
88.85
88.88
88.85
88.88
88.97
88.82
88.9022
88.85
88.84
88.83
88.8
88.79
88.78
88.83
88.7
88.69
88.66
88.7299
88.68
88.67
88.72
88.762
88.83
88.79
88.77
88.78
88.79
88.79
88.7501
88.82
88.94
88.85
88.91
88.93
88.9
88.87
88.93
88.97
89.03
88.99
88.98
89.03
89.03
89.11
89.1
89.05
89.2
89.135
89.08
89.02
89.03
89.13
89.12
89.15
89.07
89.05
89.13
89.152
89.18
89.1
89.17
89.1263
89.15
89.13
89.069
89.06
89.0616
89.1
89.09
89.12
89.11
89.08
89.05
89.0
89.01
89.01
88.9718
88.954
88.9442
88.87
88.96
88.93
89.03
89.0259
89.0333
89.055
89.06
89.08
89.02
89.05
89.06
89.01
89.06
89.05
89.05
89.02
89.06
89.07
89.0
89.07
89.03
89.03
89.025
89.01
89.01
89.06
89.07
89.04
89.04
89.09
89.02
89.04
89.05
89.03
89.06
89.02
89.05
89.0
89.03
89.01
89.01
89.02
89.07
89.07
89.09
89.105
89.1
89.06
89.03
88.99
88.96
89.01
89.03
88.985
88.99
89.0
88.99
88.98
89.04
89.08
89.14
89.11
88.7636
89.11
88.8237
88.8738
88.74
88.82
88.83
88.695
88.865
88.72
88.68
88.63
88.54
88.65
88.58
88.505
88.598
88.46
88.3
88.29
88.38
88.41
88.25
88.24
88.04
87.951
87.9132
87.73
87.715
87.81
87.96
88.08
88.06
88.13
88.29
88.41
88.49
88.335
88.4
88.375
88.47
88.44
88.33
88.27
88.305
88.3
88.39
88.36
88.28
88.28
88.115
88.18
88.39
88.15
88.17
88.1
88.095
88.13
88.13
88.195
88.31
88.33
88.3328
88.38
88.46
88.6
88.49
88.44
88.42
88.34
88.38
88.4171
88.36
88.335
88.41
88.37
88.36
88.42
88.575
88.56
88.52
88.48
88.549
88.5
88.5187
88.5
88.51
88.54
88.57
88.5877
88.51
88.502
88.51
88.52
88.6
88.61
88.59
88.56
88.58
88.55
88.58
88.55
88.54
88.56
88.52
88.55
88.5739
88.54
88.568
88.54
88.535
88.56
88.51
88.56
88.5
88.46
88.45
88.5
88.5
88.5
88.51
88.61
88.59
88.58
88.5
88.5571
88.56
88.57
88.555
88.54
88.58
88.56
88.55
88.56
88.54
88.63
88.75
88.69
88.72
88.73
88.74
88.78
88.72
88.73
88.76
88.724
88.72
88.7362
88.74
88.77
88.74
88.77
88.75
88.77
88.8
88.74
88.78
88.8
88.83
88.82
88.88
88.82
88.82
88.855
88.85
88.87
88.94
88.985
88.9908
88.98
88.94
88.96
88.97
88.98
89.06
89.03
89.04
89.07
89.06
89.05
89.06
89.17
89.13
89.12
89.12
89.14
89.14
89.09
89.1
89.07
89.07
89.15
89.15
89.15
89.18
89.14
89.21
89.235
89.27
89.23
89.3
89.27
89.27
89.28
89.3
89.29
89.28
89.27
89.24
89.26
89.26
89.26
89.26
89.25
89.23
89.25
89.22
89.2699
89.3
89.34
89.34
89.335
89.39
89.38
89.41
89.42
89.42
89.35
89.2655
89.14
89.075
89.3
89.35
89.3
89.28
89.23
89.33
89.3107
89.2896
89.3056
89.27
89.285
89.2201
89.3
89.1945
89.13
89.19
89.19
89.132
89.14
89.09
88.9712
89.06
89.1
89.135
89.1
89.17
89.13
89.03
88.98
88.97
88.92
88.9
88.97
88.95
88.91
88.92
88.94
89.01
88.97
89.0
89.01
89.0
88.99
89.0144
89.02
89.025
88.97
89.005
88.98
89.04
89.09
89.118
89.02
89.11
89.11
89.02
89.01
89.05
89.005
88.97
88.93
88.87
88.92
88.88
88.86
88.855
88.865
88.86
88.92
89.0056
89.005
88.98
88.89
88.95
89.08
89.055
89.05
89.04
88.93
88.89
88.85
88.83
88.9
89.0
88.96
89.156
89.15
89.12
89.15
89.15
89.16
89.09
89.07
89.075
89.08
89.05
89.0
89.035
89.055
88.98
88.9
88.89
88.87
88.87
88.86
88.88
88.86
88.86
88.93
88.905
88.95
88.98
88.975
88.94
89.01
88.97
88.96
89.04
89.03
89.1
89.06
89.105
89.14
89.06
89.141
89.18
89.09
89.08
89.2
89.17
89.09
89.12
89.13
89.125
89.13
89.12
89.1401
89.16
89.22
89.28
89.285
89.32
89.26
89.195
89.175
89.16
89.17
89.22
89.24
89.27
89.1708
89.25
89.34
89.28
89.33
89.355
89.39
89.385
89.35
89.49
89.5
89.48
89.43
89.43
89.49
89.44
89.3843
89.38
89.405
89.41
89.41
89.39
89.42
89.39
89.39
89.38
89.38
89.29
89.24
89.31
89.31
89.36
89.365
89.41
89.405
89.37
89.38
89.39
89.39
89.38
89.37
89.33
89.23
89.21
89.24
89.3
89.24
89.18
89.23
89.22
89.25
89.28
89.3
89.3056
89.28
89.3
89.31
89.36
89.37
89.37
89.33
89.33
89.3
89.28
89.31
89.335
89.32
89.38
89.4
89.395
89.3588
89.38
89.4
89.45
89.44
89.42
89.38
89.41
89.44
89.445
89.48
89.44
89.39
89.45
89.47
89.45
89.47
89.445
89.46
89.43
89.415
89.455
89.54
89.49
89.75
89.85
89.94
89.7223
89.835
89.81
89.7816
89.871
89.78
89.8798
89.78
89.72
89.75
89.76
89.74
89.72
89.74
89.6895
89.61
89.56
89.58
89.54
89.5
89.5
89.49
89.36
89.41
89.38
89.475
89.49
89.45
89.56
89.545
89.52
89.5
89.45
89.4773
89.4659
89.45
89.4
89.445
89.495
89.58
89.7
89.61
89.58
89.58
89.64
89.59
89.55
89.64
89.59
89.64
89.605
89.61
89.65
89.685
89.72
89.72
89.74
89.67
89.555
89.645
89.625
89.66
89.67
89.685
89.69
89.72
89.69
89.68
89.67
89.62
89.65
89.66
89.54
89.57
89.5775
89.61
89.61
89.606
89.6028
89.58
89.6291
89.63
89.68
89.55
89.63
89.65
89.57
89.63
89.6704
89.62
89.67
89.635
89.64
89.71
89.7434
89.82
89.81
89.83
89.85
89.9
89.92
89.93
89.87
89.89
89.93
89.9
89.845
89.9
89.95
89.95
89.96
89.95
89.91
89.985
90.01
90.02
90.0
89.985
90.072
90.0664
90.07
90.04
90.13
90.12
90.12
90.09
90.11
90.13
90.14
90.16
90.1699
90.0911
90.11
90.18
90.19
90.22
90.25
90.24
90.21
90.21
90.23
90.265
90.28
90.29
90.25
90.26
90.31
90.26
90.31
90.31
90.32
90.35
90.28
90.32
90.34
90.3601
90.29
90.28
90.27
90.26
90.26
90.27
90.28
90.18
90.21
90.28
90.21
90.23
90.19
90.25
90.3
90.31
90.315
90.37
90.33
90.4
90.34
90.34
90.44
90.435
90.4376
90.48
90.4946
90.52
90.52
90.54
90.5371
90.5
90.53
90.49
90.53
90.55
90.61
90.67
90.72
90.73
90.76
90.74
90.72
90.79
90.76
90.76
90.81
90.73
90.83
90.78
90.73
90.7405
90.74
90.8
90.82
90.84
90.86
90.86
90.8
90.77
90.8
90.8028
90.785
90.807
90.76
90.73
90.78
90.77
90.725
90.76
90.8325
90.9
90.895
90.91
90.94
90.9
90.91
90.88
90.92
90.94
90.9472
91.05
91.05
90.985
91.0444
91.0
91.04
91.06
91.06
91.09
91.1
91.11
91.1
91.11
91.16
91.12
91.18
91.13
91.17
91.17
91.13
91.09
91.13
91.15
91.13
91.15
91.17
91.1
91.11
91.12
91.12
91.11
91.13
91.1164
91.14
91.12
91.115
91.15
91.17
91.185
91.18
91.24
91.27
91.28
91.25
91.22
91.21
91.14
91.03
91.0
90.91
90.66
90.73
90.79
90.78
90.76
90.6
90.72
90.655
90.685
90.82
90.7203
90.79
90.74
90.71
90.775
90.78
90.7
90.64
90.6994
90.82
90.75
90.75
90.75
90.79
90.77
90.75
90.75
90.79
90.88
90.95
90.9
90.9311
90.95
90.9
90.82
90.74
90.83
90.7
90.65
90.6
90.61
90.66
90.62
90.8
90.8
90.84
90.9
90.87
90.88
90.99
91.0
90.95
90.9199
90.875
90.895
90.95
91.02
91.01
90.98
91.01
91.0
91.01
90.94
90.94
90.885
90.9
90.96
91.0
91.065
91.155
91.2331
91.2
91.1
91.1039
90.93
91.0082
90.99
90.973
90.947
90.985
91.004
90.96
90.9166
90.98
91.0397
91.02
90.98
91.0299
91.03
90.99
91.06
91.03
90.96
90.995
91.05
90.995
91.05
91.03
91.05
91.05
91.06
91.03
91.0254
91.05
91.06
91.05
91.05
91.03
91.04
90.99
91.03
91.01
91.025
91.03
91.0
90.985
91.01
91.0
91.0199
91.01
91.03
91.03
91.02
91.03
91.017
91.04
91.06
91.11
91.16
91.11
91.04
91.1
91.1015
91.2
91.22
91.28
91.31
91.31
91.33
91.34
91.36
91.38
91.43
91.58
91.57
91.5
91.46
91.56
91.57
91.6
91.6
91.615
91.55
91.59
91.59
91.6
91.6
91.52
91.53
91.535
91.51
91.48
91.5
91.495
91.5699
91.5
91.52
91.52
91.52
91.49
91.49
91.54
91.535
91.5402
91.56
91.55
91.55
91.545
91.5327
91.51
91.54
91.56
91.56
91.5
91.5
91.52
91.5
91.495
91.48
91.49
91.5
91.5
91.51
91.67
91.581
91.65
91.659
91.69
91.71
91.74
91.698
91.75
91.7166
91.81
91.7669
91.77
91.84
91.854
91.8531
91.83
91.8
91.8199
91.75
91.77
91.8099
91.785
91.81
91.78
91.81
91.79
91.8
91.85
91.805
91.8
91.71
91.72
91.73
91.775
91.7899
91.79
91.85
91.82
91.84
91.88
91.91
91.87
91.8501
91.82
91.85
91.81
91.84
91.855
91.87
91.82
91.86
91.84
91.79
91.81
91.83
91.835
91.87
91.82
91.86
91.87
91.83
91.81
91.76
91.82
91.86
91.83
91.78
91.79
91.77
91.82
91.815
91.88
91.85
91.91
91.9
91.99
91.985
91.93
91.9799
91.934
91.92
91.875
91.87
91.84
91.86
91.85
91.88
91.85
91.8
91.86
91.86
91.88
91.9199
91.94
91.93
91.95
91.83
91.84
91.83
91.66
91.73
91.73
91.7236
91.6
91.6
91.685
91.67
91.7184
91.78
91.51
91.586
91.53
91.51
91.48
91.37
91.4348
91.36
91.37
91.48
91.55
91.58
91.5317
91.49
91.42
91.43
91.21
91.24
91.34
91.42
91.28
91.22
91.18
91.15
91.21
91.24
91.19
91.11
91.14
91.07
91.1032
91.05
91.1
91.16
91.15
91.19
91.15
91.09
91.025
91.08
91.169
91.07
90.965
91.0899
90.9
90.8573
90.78
90.7
90.61
90.51
90.545
90.63
90.59
90.605
90.585
90.535
90.49
90.4
90.465
90.45
90.41
90.35
90.34
90.27
90.25
90.25
90.23
90.24
90.21
90.17
90.23
90.21
90.215
90.26
90.27
90.285
90.29
90.325
90.35
90.35
90.32
90.275
90.29
90.3499
90.365
90.4001
90.415
90.4
90.4
90.4
90.41
90.46
90.56
90.55
90.6067
90.66
90.76
90.73
90.75
90.7323
90.81
90.9
90.99
90.97
90.885
90.925
90.84
90.83
90.76
90.805
90.8
90.71
90.7
90.67
90.695
90.675
90.65
90.65
90.61
90.6225
90.62
90.6
90.63
90.61
90.59
90.595
90.59
90.585
90.58
90.58
90.56
90.55
90.56
90.59
90.56
90.53
90.53
90.5
90.48
90.49
90.49
90.51
90.5
90.53
90.54
90.5
90.475
90.475
90.42
90.38
90.35
90.36
90.36
90.4
90.43
90.43
90.445
90.395
90.4
90.36
90.485
90.49
90.55
90.47
90.44
90.44
90.36
90.4
90.405
90.39
90.385
90.37
90.36
90.35
90.32
90.375
90.39
90.36
90.38
90.38
90.34
90.21
90.19
90.2389
90.19
90.18
90.185
90.195
90.195
90.2148
90.26
90.27
90.26
90.27
90.245
90.28
90.23
90.2555
90.18
90.26
90.22
90.2499
90.21
90.22
90.19
90.19
90.22
90.23
90.225
90.225
90.22
90.22
90.215
90.2
90.28
90.34
90.439
90.49
90.49
90.4783
90.52
90.52
90.56
90.53
90.44
90.45
90.41
90.44
90.47
90.5
90.51
90.51
90.433
90.49
90.51
90.515
90.555
90.55
90.49
90.54
90.51
90.48
90.49
90.5
90.4108
90.39
90.4
90.45
90.43
89.74
90.21
89.73
89.91
89.925
89.965
90.145
90.2
90.115
90.25
90.22
90.22
90.295
90.17
90.14
90.195
90.13
90.11
90.205
90.205
90.21
90.28
90.29
90.3
90.3015
90.34
90.445
90.48
90.57
90.52
90.6
90.66
90.685
90.75
90.78
90.84
90.82
90.76
90.86
90.77
90.78
90.8873
90.91
90.83
90.87
90.74
90.775
90.835
90.83
90.68
90.685
90.64
90.655
90.66
90.635
90.635
90.58
90.565
90.65
90.77
90.675
90.695
90.725
90.765
90.72
90.7
90.765
90.815
90.8
90.81
90.795
90.82
90.66
90.755
90.85
90.835
90.77
90.83
90.9
90.875
90.875
90.8
90.8
90.805
90.77
90.795
90.77
90.745
90.72
90.665
90.61
90.69
90.73
90.75
90.77
90.75
90.745
90.71
90.655
90.66
90.7
90.705
90.7
90.71
90.68
90.7
90.73
90.84
90.89
90.93
90.94
91.0
90.83
90.95
90.985
90.945
90.87
90.9
90.944
90.99
91.01
91.01
91.01
91.05
91.11
91.1915
91.17
91.21
91.2
91.25
91.27
91.285
91.29
91.34
91.3372
91.37
91.39
91.42
91.43
91.4
91.5
91.47
91.45
91.33
91.33
91.285
91.27
91.33
91.29
91.3
91.23
91.3
91.3
91.35
91.36
91.34
91.305
91.291
91.27
91.27
91.28
91.275
91.25
91.25
91.25
91.23
91.13
91.115
91.14
91.098
91.165
91.15
91.145
91.12
91.12
91.09
91.01
90.99
91.04
91.07
91.11
91.11
91.125
91.07
91.075
91.06
91.02
91.07
91.11
91.16
91.12
91.12
91.09
91.095
91.07
91.11
91.16
91.16
91.17
91.179
91.22
91.22
91.25
91.27
91.325
91.37
91.4
91.51
91.4675
91.44
91.41
91.46
91.55
91.51
91.59
91.6
91.555
91.51
91.53
91.5398
91.51
91.47
91.48
91.43
91.43
91.44
91.41
91.34
91.36
91.34
91.31
91.28
91.28
91.25
91.3
91.28
91.33
91.365
91.395
91.395
91.35
91.41
91.41
91.46
91.47
91.46
91.52
91.51
91.53
91.53
91.5
91.52
91.525
91.49
91.4791
91.51
91.44
91.53
91.56
91.6
91.61
91.585
91.51
91.51
91.5
91.49
91.47
91.495
91.505
91.52
91.55
91.53
91.5
91.54
91.54
91.58
91.605
91.59
91.6
91.59
91.55
91.56
91.62
91.58
91.6
91.61
91.67
91.65
91.66
91.7
91.76
91.78
91.79
91.76
91.78
91.88
91.855
91.79
91.76
91.8
91.84
91.86
91.82
91.73
91.63
91.635
91.61
91.6
91.6
91.58
91.63
91.68
91.665
91.65
91.66
91.61
91.61
91.67
91.7
91.7
91.63
91.64
91.635
91.62
91.665
91.67
91.71
91.69
91.65
91.74
91.775
91.76
91.81
91.85
