13.03
12.9952
13.0
13.0
12.94
12.98
12.98
12.985
13.0
12.98
12.955
12.93
12.97
12.97
12.975
12.98
12.975
12.96
12.93
12.945
12.955
12.94
12.955
12.94
12.94
12.935
12.91
12.9
12.915
12.92
12.94
12.93
12.91
12.88
12.887
12.87
12.9
12.91
12.895
12.9
12.88
12.875
12.87
12.865
12.88
12.89
12.895
12.91
12.93
12.925
12.93
12.95
12.96
12.965
12.98
12.97
12.97
12.96
12.945
12.94
12.94
12.95
12.94
12.94
12.925
12.945
12.94
12.93
12.94
12.91
12.9144
12.92
12.9
12.89
12.92
12.915
12.92
12.915
12.905
12.91
12.92
12.91
12.9
12.91
12.91
12.905
12.92
12.91
12.92
12.93
12.91
12.92
12.91
12.92
12.9
12.9
12.91
12.915
12.92
12.91
12.9
12.89
12.89
12.9
12.89
12.93
12.919
12.92
12.9
12.91
12.89
12.89
12.9
12.899
12.9
12.9
12.9
12.89
12.885
12.865
12.85
12.87
12.855
12.86
12.855
12.87
12.88
12.8767
12.875
12.88
12.88
12.88
12.88
12.897
12.9
12.9
12.875
12.87
12.8752
12.87
12.88
12.89
12.8971
12.89
12.9
12.91
12.92
12.91
12.92
12.93
12.93
12.925
12.93
12.92
12.91
12.91
12.905
12.9101
12.91
12.915
12.91
12.92
12.9
12.905
12.9
12.9
12.9063
12.9
12.9
12.905
12.9
12.9
12.88
12.89
12.88
12.885
12.89
12.885
12.885
12.8801
12.88
12.88
12.8965
12.885
12.8854
12.875
12.85
12.885
12.8957
12.9
12.91
12.9
12.905
12.92
12.91
12.9
12.91
12.8917
12.905
12.91
12.905
12.905
12.91
12.9
12.905
12.9
12.905
12.905
12.905
12.905
12.905
12.9
12.9
12.9
12.9
12.91
12.91
12.93
12.94
12.925
12.93
12.925
12.95
12.98
12.97
12.96
12.96
12.96
12.95
12.96
12.955
12.96
12.95
12.94
12.96
12.95
12.96
12.95
12.96
12.96
12.97
12.97
12.95
12.98
12.965
12.97
12.99
12.99
12.99
12.97
12.99
12.97
12.97
12.97
12.97
12.965
12.95
12.94
12.955
12.935
12.96
12.95
12.945
12.95
12.94
12.955
12.9499
12.96
12.96
12.97
12.965
12.96
12.98
13.0
13.03
13.01
13.0
13.01
13.01
13.01
13.01
13.01
13.01
13.01
13.0
13.01
13.01
13.03
13.03
13.025
13.03
13.015
13.02
13.02
13.01
13.01
13.025
13.05
13.06
13.08
13.1
13.04
13.035
13.035
13.045
13.03
13.02
13.03
13.03
13.03
13.0257
13.0255
13.035
13.0356
13.06
13.06
13.0336
13.05
13.04
13.035
13.04
13.03
13.0246
13.0149
13.015
13.0
13.01
13.01
13.0178
13.025
13.03
13.005
13.015
13.015
13.01
13.02
13.02
13.015
13.02
13.01
13.01
12.99
12.99
12.985
13.0043
12.995
12.9971
12.995
13.0
12.9934
12.99
12.99
12.99
13.0
13.01
13.005
13.005
13.0
13.005
13.0
13.0
13.005
13.005
13.0
13.005
13.01
13.01
13.01
13.01
13.0
13.0
13.0
13.0
13.005
13.005
13.005
13.0
12.995
13.005
12.985
12.985
12.99
12.98
12.985
12.985
12.98
12.98
12.995
13.01
13.05
13.01
13.0
12.98
12.99
12.99
13.0
13.0048
13.025
13.0243
13.01
13.0
12.9935
12.995
13.0
13.0
13.0
13.03
13.03
13.03
13.03
13.0
13.0
13.005
13.015
13.05
13.025
12.99
12.99
12.98
12.99
12.9846
13.01
13.01
13.005
13.005
13.0
12.98
12.98
12.9949
12.995
12.99
12.98
12.99
12.98
12.98
12.99
12.995
12.98
12.985
12.985
12.985
12.985
12.98
12.97
12.975
12.97
12.96
12.955
12.92
12.94
12.93
12.93
12.91
12.905
12.9
12.91
12.91
12.8982
12.87
12.88
12.89
12.89
12.89
12.89
12.88
12.885
12.88
12.89
12.885
12.89
12.89
12.865
12.88
12.89
12.895
12.89
12.89
12.89
12.8837
12.91
12.91
12.9
12.91
12.91
12.9
12.905
12.905
12.91
12.895
12.895
12.89
12.9
12.925
12.93
12.925
12.92
12.925
12.925
12.94
12.94
12.935
12.95
12.96
12.96
12.96
12.96
12.95
12.93
12.925
12.94
12.95
12.95
12.945
12.94
12.95
12.95
12.94
12.945
12.95
12.95
12.95
12.95
12.955
12.97
12.97
12.98
12.96
12.97
12.96
12.96
12.98
12.98
12.96
12.965
12.97
12.975
12.975
12.985
12.985
12.985
12.985
12.985
12.985
12.985
12.985
12.99
12.96
12.96
12.96
12.94
12.94
12.935
12.93
12.92
12.91
12.91
12.91
12.9
12.91
12.9
12.9
12.91
12.905
12.88
12.89
12.89
12.89
12.91
12.9063
12.893
12.89
12.9
12.89
12.89
12.9
12.895
12.9
12.895
12.885
12.895
12.88
12.88
12.87
12.866
12.86
12.85
12.87
12.87
12.88
12.875
12.87
12.88
12.88
12.88
12.88
12.88
12.87
12.87
12.87
12.86
12.86
12.868
12.88
12.8898
12.891
12.91
12.905
12.895
12.895
12.88
12.88
12.8739
12.87
12.875
12.87
12.88
12.87
12.87
12.88
12.88
12.88
12.875
12.88
12.88
12.8568
12.865
12.88
12.87
12.88
12.865
12.87
12.87
12.86
12.87
12.87
12.87
12.865
12.87
12.865
12.87
12.87
12.87
12.86
12.87
12.8639
12.87
12.86
12.86
12.86
12.85
12.855
12.85
12.845
12.85
12.84
12.86
12.85
12.85
12.84
12.85
12.855
12.86
12.86
12.855
12.88
12.87
12.86
12.86
12.86
12.86
12.86
12.86
12.855
12.9
12.91
12.92
12.9
12.9
12.9
12.9
12.9
12.91
12.92
12.915
12.915
12.895
12.895
12.895
12.88
12.88
12.86
12.8639
12.87
12.86
12.86
12.85
12.85
12.845
12.8462
12.855
12.838
12.84
12.84
12.835
12.84
12.85
12.86
12.855
12.86
12.855
12.865
12.85
12.845
12.85
12.85
12.845
12.8307
12.84
12.833
12.835
12.835
12.835
12.81
12.81
12.795
12.82
12.814
12.82
12.84
12.825
12.835
12.83
12.83
12.82
12.83
12.84
12.84
12.84
12.84
12.84
12.835
12.84
12.845
12.85
12.85
12.845
12.85
12.87
12.865
12.89
12.9
12.9
12.9
12.9
12.91
12.92
12.91
12.94
12.95
12.955
12.96
12.97
12.965
12.98
12.98
12.98
12.99
13.01
13.04
13.045
13.05
13.03
13.04
13.015
13.005
12.95
12.9
12.95
12.88
12.905
12.905
12.8801
12.91
12.87
12.88
12.93
12.9
12.89
12.8866
12.935
13.04
13.0
13.0
12.96
12.98
12.98
12.98
13.025
13.015
13.06
13.09
13.1
13.15
13.16
13.21
13.2188
13.23
13.22
13.185
13.195
13.205
13.19
13.195
13.2
13.19
13.19
13.16
13.17
13.155
13.14
13.14
13.13
13.15
13.16
13.155
13.16
13.15
13.15
13.16
13.1575
13.18
13.19
13.19
13.205
13.1922
13.1899
13.185
13.2
13.19
13.19
13.215
13.21
13.1963
13.19
13.19
13.185
13.19
13.19
13.19
13.18
13.175
13.175
13.17
13.19
13.185
13.185
13.18
13.1775
13.18
13.18
13.175
13.15
13.14
13.125
13.139
13.15
13.15
13.155
13.16
13.16
13.16
13.17
13.165
13.165
13.17
13.165
13.19
13.19
13.18
13.17
13.16
13.165
13.17
13.1775
13.18
13.18
13.18
13.17
13.17
13.17
13.17
13.18
13.18
13.19
13.1839
13.16
13.15
13.16
13.165
13.17
13.18
13.19
13.2
13.185
13.17
13.17
13.2
13.185
13.18
13.18
13.17
13.16
13.17
13.15
13.15
13.14
13.14
13.15
13.145
13.145
13.12
13.12
13.115
13.125
13.13
13.1
13.08
13.07
13.095
13.1
13.095
13.11
13.105
13.11
13.105
13.07
13.1
13.1
13.09
13.095
13.08
13.09
13.1
13.11
13.11
13.105
13.1
13.1
13.09
13.1
13.095
13.08
13.09
13.09
13.1
13.09
13.09
13.08
13.08
13.099
13.09
13.081
13.1234
13.13
13.11
13.1
13.1
13.1
13.11
13.11
13.1
13.11
13.11
13.105
13.1
13.105
13.105
13.1092
13.11
13.11
13.105
13.1
13.1
13.11
13.1
13.1
13.1
13.09
13.095
13.1
13.1
13.105
13.105
13.105
13.1
13.1
13.105
13.105
13.1
13.1
13.105
13.1
13.11
13.1
13.1
13.11
13.105
13.1
13.1
13.105
13.105
13.1
13.1
13.1
13.105
13.1001
13.1
13.1
13.105
13.1
13.1
13.105
13.1
13.1
13.1
13.105
13.11
13.13
13.12
13.11
13.11
13.1
13.105
13.11
13.105
13.115
13.12
13.115
13.11
13.11
13.095
13.095
13.095
13.095
13.095
13.105
13.11
13.11
13.12
13.11
13.115
13.115
13.115
13.115
13.12
13.11
13.105
13.1
13.1
13.1
13.1
13.11
13.105
13.11
13.105
13.1
13.11
13.1
13.105
13.115
13.12
13.1
13.095
13.095
13.1
13.09
13.105
13.1015
13.11
13.105
13.105
13.1099
13.12
13.12
13.11
13.115
13.1
13.105
13.1
13.12
13.115
13.11
13.095
13.1
13.1
13.1
13.095
13.105
13.095
13.095
13.095
13.085
13.085
13.08
13.085
13.085
13.085
13.09
13.085
13.08
13.095
13.095
13.08
13.075
13.075
13.075
13.075
13.07
13.07
13.055
13.05
13.04
13.02
13.02
13.0201
13.02
13.01
13.03
13.01
13.01
13.01
13.015
13.005
13.005
13.005
13.005
12.995
12.995
13.0
13.0
13.0
12.995
12.995
13.0
12.995
13.0
13.01
13.01
13.005
13.005
13.01
13.01
13.005
13.005
13.035
13.03
13.03
13.02
13.01
13.015
13.0299
13.02
13.01
13.0
13.05
13.125
13.05
13.06
13.045
13.04
13.04
13.02
13.0
12.99
13.005
13.01
12.995
12.995
12.99
12.97
12.99
13.005
13.01
13.01
12.99
12.99
12.98
12.99
12.9917
13.0
12.99
13.0
12.99
13.0
12.98
12.985
12.98
12.99
12.99
12.98
12.9689
12.975
12.97
12.95
12.96
12.965
12.96
12.96
12.93
12.94
12.91
12.91
12.92
12.94
12.93
12.93
12.94
12.94
12.94
12.95
12.95
12.935
12.94
12.9363
12.92
12.925
12.9214
12.95
12.94
12.94
12.94
12.96
12.98
12.98
12.96
12.96
12.96
12.9743
12.98
12.9647
12.955
12.96
12.975
12.96
12.965
12.96
12.97
12.97
12.955
12.975
12.99
12.9939
13.0
13.01
13.015
13.025
13.0299
13.04
13.035
13.04
13.04
13.04
13.035
13.05
13.05
13.055
13.0525
13.045
13.06
13.055
13.0725
13.06
13.065
13.08
13.1
13.08
13.09
13.09
13.08
13.08
13.08
13.075
13.07
13.08
13.095
13.11
13.1
13.09
13.06
13.08
13.05
13.04
13.05
13.06
13.055
13.05
13.03
13.035
13.04
13.0453
13.045
13.06
13.07
13.08
13.09
13.0822
13.085
13.09
13.1
13.09
13.105
13.105
13.095
13.105
13.12
13.14
13.13
13.14
13.14
13.11
13.1215
13.12
13.11
13.101
13.1
13.08
13.0975
13.1
13.11
13.13
13.13
13.13
13.13
13.125
13.12
13.115
13.11
13.11
13.1199
13.11
13.1
13.105
13.09
13.08
13.08
13.085
13.1
13.1
13.07
13.095
13.09
13.09
13.09
13.095
13.09
13.08
13.085
13.08
13.08
13.075
13.0749
13.075
13.06
13.07
13.075
13.075
13.07
13.07
13.065
13.06
13.06
13.069
13.07
13.069
13.07
13.06
13.069
13.07
13.07
13.07
13.075
13.08
13.087
13.085
13.0818
13.08
13.0801
13.09
13.0778
13.075
13.079
13.075
13.08
13.09
13.09
13.09
13.1
13.1
13.1
13.08
13.08
13.08
13.09
13.05
13.06
13.065
13.065
13.05
13.04
13.0423
13.04
13.0499
13.05
13.05
13.04
13.04
13.0422
13.04
13.04
13.0549
13.055
13.06
13.055
13.06
13.06
13.055
13.065
13.07
13.08
13.08
13.08
13.07
13.08
13.085
13.09
13.095
13.1
13.1
13.1
13.1
13.1
13.1
13.1
13.1
13.11
13.101
13.1
13.105
13.1
13.1
13.1
13.1
13.105
13.11
13.12
13.13
13.12
13.11
13.12
13.12
13.12
13.115
13.11
13.12
13.11
13.11
13.115
13.12
13.12
13.08
13.1
13.09
13.09
13.1
13.1
13.1
13.1
13.1
13.1
13.095
13.1
13.1
13.1
13.1
13.1
13.095
13.11
13.11
13.11
13.11
13.11
13.13
13.12
13.12
13.13
13.125
13.13
13.1299
13.125
13.13
13.14
13.14
13.14
13.14
13.14
13.155
13.14
13.145
13.15
13.155
13.16
13.155
13.17
13.17
13.18
13.18
13.185
13.19
13.1984
13.175
13.17
13.16
13.15
13.15
13.17
13.18
13.18
13.17
13.155
13.155
13.16
13.175
13.165
13.16
13.16
13.04
13.06
13.11
13.09
13.105
13.13
13.1499
13.175
13.18
13.17
13.17
13.155
13.15
13.155
13.15
13.13
13.11
13.13
13.11
13.105
13.14
13.13
13.135
13.15
13.14
13.135
13.125
13.105
13.12
13.095
13.08
13.075
13.09
13.1
13.105
13.1
13.09
13.09
13.09
13.09
13.095
13.08
13.0794
13.05
13.05
13.06
13.065
13.07
13.06
13.055
13.065
13.04
13.06
13.045
13.05
13.05
13.06
13.05
13.055
13.05
13.02
13.04
13.04
13.025
13.04
13.05
13.05
13.06
13.055
13.055
13.06
13.055
13.0599
13.05
13.04
13.05
13.044
13.06
13.0655
13.065
13.06
13.05
13.055
13.05
13.055
13.045
13.045
13.04
13.04
13.04
13.045
13.05
13.05
13.07
13.07
13.08
13.079
13.075
13.07
13.065
13.05
13.0599
13.05
13.05
13.05
13.08
13.07
13.08
13.08
13.075
13.08
13.08
13.085
13.09
13.09
13.08
13.1
13.095
13.085
13.08
13.0852
13.08
13.08
13.08
13.085
13.085
13.085
13.085
13.085
13.095
13.1
13.1
13.095
13.1
13.11
13.105
13.105
13.1062
13.09
13.1
13.1
13.09
13.095
13.1
13.09
13.09
13.085
13.08
13.077
13.08
13.1
13.09
13.095
13.095
13.1
13.09
13.085
13.09
13.08
13.0859
13.09
13.1
13.09
13.09
13.085
13.095
13.0931
13.1
13.09
13.09
13.085
13.08
13.087
13.08
13.055
13.0599
13.05
13.05
13.07
13.05
13.06
13.06
13.06
13.06
13.06
13.07
13.05
13.06
13.07
13.06
13.06
13.07
13.069
13.07
13.07
13.07
13.05
13.055
13.06
13.05
13.05
13.045
13.03
13.03
13.03
13.03
13.03
13.03
13.02
13.04
13.035
13.04
13.03
13.03
13.02
13.0199
13.035
13.03
13.04
13.05
13.04
13.02
13.03
13.02
13.01
13.02
13.02
13.015
13.01
13.02
13.02
13.01
13.01
13.02
13.015
13.015
13.015
13.02
13.01
13.015
13.01
13.015
13.01
13.015
13.01
13.01
13.005
13.01
13.01
13.01
13.01
13.005
13.01
13.005
13.01
13.005
13.005
13.01
13.02
13.03
13.02
13.025
13.03
13.025
13.025
13.02
13.02
13.025
13.025
13.02
13.02
13.025
13.02
13.03
13.025
13.025
13.02
13.025
13.025
13.025
13.03
13.02
13.02
13.015
13.01
13.01
13.01
13.015
13.02
13.015
13.015
13.01
13.005
13.0
13.0
13.005
13.005
13.005
13.005
13.0
13.0
13.0
13.0
13.005
13.0
12.98
12.985
12.98
12.99
12.99
12.99
13.005
13.0099
13.01
13.005
13.005
13.01
13.01
13.0
13.01
13.005
13.005
12.99
13.005
13.005
13.005
13.0
13.0
13.005
13.01
13.005
12.995
12.995
12.995
12.99
13.01
13.01
13.01
13.01
13.005
13.005
13.005
13.005
13.005
13.01
13.005
13.01
13.005
13.005
13.005
13.005
13.005
13.0
13.005
13.01
13.005
13.01
13.005
13.0
13.01
13.005
13.005
13.01
13.005
13.025
13.03
13.05
13.05
13.05
13.045
13.07
13.06
13.06
13.06
13.06
13.055
13.055
13.055
13.055
13.055
13.055
13.055
13.05
13.04
13.045
13.045
13.04
13.0946
13.08
13.07
13.08
13.08
13.075
13.05
13.05
13.07
13.08
13.07
13.05
13.045
13.055
13.06
13.0599
13.05
13.05
13.015
13.005
13.01
12.995
13.01
13.0
13.0
13.015
12.985
12.985
12.98
12.995
12.99
12.99
13.0
12.98
12.99
13.0
13.0
13.0
13.0
13.0
12.995
12.98
12.995
12.99
12.98
12.99
13.005
13.0
12.99
12.99
12.99
12.99
12.995
13.005
13.005
13.0
13.005
13.0
13.0
12.995
13.005
13.01
13.01
13.015
13.015
13.02
13.04
13.03
13.04
13.04
13.05
13.0438
13.04
13.05
13.06
13.06
13.04
13.055
13.09
13.0924
13.085
13.095
13.085
13.07
13.085
13.08
13.075
13.07
13.07
13.07
13.06
13.075
13.08
13.07
13.055
13.05
13.06
13.06
13.06
13.06
13.06
13.05
13.05
13.05
13.05
13.05
13.07
13.05
13.05
13.04
13.02
13.03
13.02
13.02
13.01
13.015
13.016
13.025
13.02
13.025
13.025
13.03
13.04
13.031
13.035
13.02
13.02
13.01
13.01
13.01
13.015
13.01
13.0
13.0093
13.01
12.99
13.005
13.0
13.0
12.99
12.99
12.99
12.99
12.995
12.995
12.99
13.0
13.0
13.0
12.995
13.0
13.0
13.0
13.0
12.99
12.99
12.98
12.98
12.98
12.99
13.01
13.0
12.99
12.99
12.99
12.985
12.99
12.995
12.995
13.0
13.0
12.9801
12.98
12.9801
12.97
12.975
12.97
12.95
12.93
12.93
12.93
12.92
12.93
12.91
12.92
12.9192
12.92
12.9234
12.925
12.925
12.92
12.925
12.92
12.92
12.93
12.94
12.95
12.94
12.94
12.92
12.93
12.9401
12.9301
12.92
12.935
12.94
12.94
12.93
12.94
12.93
12.93
12.915
12.925
12.93
12.91
12.905
12.905
12.9
12.9
12.9
12.9
12.9
12.9
12.905
12.905
12.91
12.91
12.91
12.91
12.915
12.915
12.9
12.906
12.9
12.9
12.905
12.9
12.9
12.89
12.91
12.915
12.9
12.9
12.9
12.9
12.905
12.9
12.91
12.91
12.91
12.92
12.92
12.92
12.92
12.925
12.92
12.93
12.93
12.935
12.935
12.93
12.96
12.99
12.9799
12.97
12.98
12.98
12.9801
12.96
12.96
12.96
12.96
12.97
12.975
12.98
12.975
12.97
12.97
12.97
12.965
12.965
12.97
12.975
12.975
12.97
12.96
12.96
12.97
12.96
12.97
12.97
12.965
12.97
12.96
12.965
12.97
12.96
12.96
12.96
12.95
12.95
12.96
12.96
12.96
12.96
12.965
12.96
12.96
12.96
12.97
12.97
12.975
12.966
12.96
12.965
12.96
12.965
12.97
12.96
12.96
12.965
12.965
12.965
12.96
12.97
12.97
12.97
12.98
12.98
12.975
12.975
12.975
12.97
12.99
12.985
12.99
12.99
13.0
12.99
13.0
13.0
12.99
12.9982
13.01
12.99
12.99
12.991
12.99
13.0
12.995
13.015
13.015
13.01
13.0
13.005
13.005
13.0
12.99
12.99
12.995
12.985
12.99
12.985
12.985
12.9865
12.99
12.995
13.0
12.995
13.0
13.0
12.995
13.0
13.0
12.995
13.0
13.0
12.995
13.0
12.995
13.0
13.0
12.99
12.97
12.995
12.99
12.93
12.98
12.97
12.96
12.975
12.9501
12.95
12.93
12.94
12.95
12.93
12.91
12.93
12.92
12.94
12.96
12.94
12.92
12.91
12.91
12.89
12.9
12.88
12.85
12.85
12.8599
12.855
12.86
12.855
12.86
12.89
12.89
12.88
12.87
12.865
12.855
12.85
12.875
12.86
12.85
12.83
12.82
12.81
12.81
12.815
12.82
12.83
12.82
12.835
12.82
12.82
12.825
12.82
12.825
12.825
12.82
12.825
12.825
12.83
12.825
12.84
12.855
12.86
12.86
12.86
12.855
12.8396
12.84
12.84
12.85
12.86
12.86
12.855
12.845
12.845
12.845
12.855
12.88
12.875
12.865
12.88
12.88
12.875
12.87
12.86
12.875
12.88
12.875
12.875
12.885
12.885
12.88
12.9
12.89
12.89
12.895
12.885
12.86
12.83
12.825
12.81
12.815
12.815
12.815
12.82
12.85
12.88
12.88
12.8782
12.875
12.85
12.85
12.855
12.855
12.85
12.855
12.855
12.835
12.83
12.83
12.83
12.83
12.84
12.845
12.845
12.85
12.845
12.8301
12.815
12.82
12.825
12.825
12.82
12.82
12.815
12.815
12.81
12.82
12.83
12.82
12.84
12.845
12.84
12.84
12.84
12.84
12.85
12.84
12.85
12.84
12.83
12.85
12.85
12.845
12.84
12.85
12.84
12.84
12.845
12.85
12.855
12.86
12.86
12.85
12.845
12.845
12.845
12.8463
12.85
12.845
12.86
12.86
12.86
12.855
12.85
12.856
12.855
12.86
12.855
12.86
12.86
12.85
12.85
12.845
12.84
12.845
12.8401
12.84
12.845
12.845
12.86
12.85
12.855
12.85
12.858
12.855
12.855
12.87
12.86
12.86
12.87
12.86
12.865
12.865
12.88
12.87
12.87
12.85
12.85
12.854
12.86
12.855
12.855
12.86
12.87
12.87
12.88
12.875
12.875
12.87
12.8722
12.87
12.87
12.875
12.87
12.87
12.875
12.88
12.88
12.87
12.87
12.88
12.885
12.88
12.885
12.89
12.88
12.885
12.885
12.885
12.875
12.88
12.875
12.87
12.875
12.89
12.885
12.89
12.9
12.885
12.89
12.88
12.875
12.87
12.88
12.875
12.87
12.89
12.9
12.9
12.89
12.885
12.885
12.88
12.88
12.8801
12.88
12.88
12.89
12.89
12.88
12.91
12.915
12.91
12.92
12.92
12.9
12.92
12.915
12.91
12.91
12.91
12.925
12.915
12.92
12.91
12.915
12.91
12.91
12.91
12.915
12.91
12.91
12.915
12.91
12.915
12.91
12.905
12.905
12.91
12.9
12.9
12.9
12.9
12.905
12.925
12.92
12.92
12.92
12.925
12.92
12.925
12.925
12.93
12.895
12.895
12.885
12.88
12.89
12.89
12.885
12.89
12.89
12.89
12.885
12.89
12.885
12.89
12.89
12.885
12.885
12.89
12.89
12.89
12.89
12.88
12.885
12.89
12.885
12.89
12.89
12.89
12.885
12.885
12.875
12.875
12.88
12.88
12.88
12.905
12.91
12.93
12.93
12.93
12.935
12.95
12.94
12.95
12.95
12.96
12.98
12.98
12.98
12.985
12.98
12.98
12.975
12.98
12.985
12.99
12.985
12.975
12.975
12.98
12.975
12.985
12.985
12.99
13.0
12.995
13.0
13.0
13.0
12.99
12.995
12.99
12.945
12.955
12.94
12.925
12.94
12.93
12.99
12.99
13.022
12.9
12.96
12.96
12.95
12.96
12.96
12.969
12.96
12.94
12.95
12.95
12.97
12.96
12.985
12.9799
12.985
12.955
12.935
12.935
12.95
12.93
12.915
12.91
12.93
12.94
12.95
12.94
12.93
12.925
12.93
12.92
12.925
12.94
12.95
12.94
12.935
12.9399
12.92
12.88
12.87
12.82
12.81
12.83
12.86
12.88
12.875
12.875
12.855
12.85
12.87
12.86
12.855
12.86
12.865
12.87
12.855
12.8563
12.855
12.845
12.84
12.845
12.847
12.84
12.84
12.835
12.825
12.845
12.845
12.845
12.84
12.845
12.84
12.835
12.835
12.84
12.835
12.84
12.84
12.84
12.84
12.83
12.845
12.85
12.84
12.85
12.85
12.8499
12.86
12.85
12.86
12.864
12.85
12.86
12.855
12.855
12.85
12.85
12.86
12.87
12.86
12.85
12.855
12.85
12.85
12.8592
12.87
12.87
12.86
12.86
12.85
12.845
12.8
12.805
12.78
12.8
12.8
12.81
12.83
12.83
12.826
12.815
12.8058
12.81
12.81
12.81
12.805
12.805
12.805
12.8
12.8
12.8
12.8
12.79
12.78
12.79
12.8
12.8
12.78
12.77
12.76
12.745
12.7478
12.7401
12.73
12.74
12.745
12.745
12.745
12.74
12.74
12.74
12.74
12.745
12.75
12.756
12.753
12.76
12.755
12.74
12.7299
12.73
12.72
12.7
12.7
12.7
12.7
12.7
12.71
12.69
12.69
12.69
12.6958
12.69
12.67
12.65
12.7044
12.6734
12.675
12.67
12.665
12.665
12.65
12.66
12.65
12.645
12.65
12.65
12.64
12.65
12.65
12.67
12.65
12.67
12.67
12.67
12.6392
12.63
12.63
12.64
12.66
12.67
12.67
12.665
12.6461
12.649
12.65
12.63
12.6288
12.64
12.625
12.62
12.601
12.605
12.619
12.615
12.605
12.6
12.595
12.59
12.5901
12.59
12.59
12.6
12.6
12.6
12.63
12.6207
12.6299
12.62
12.605
12.5901
12.591
12.56
12.57
12.575
12.575
12.575
12.575
12.555
12.55
12.56
12.5552
12.56
12.575
12.5716
12.575
12.575
12.5758
12.62
12.62
12.625
12.625
12.62
12.62
12.63
12.61
12.61
12.665
12.685
12.695
12.65
12.68
12.68
12.685
12.685
12.7
12.74
12.76
12.755
12.775
12.765
12.77
12.765
12.7458
12.7306
12.7452
12.73
12.71
12.6999
12.705
12.71
12.695
12.71
12.71
12.715
12.71
12.715
12.72
12.71
12.71
12.72
12.77
12.79
12.78
12.785
12.77
12.78
12.76
12.775
12.77
12.77
12.77
12.775
12.775
12.77
12.775
12.77
12.77
12.77
12.7799
12.765
12.78
12.77
12.77
12.775
12.78
12.78
12.77
12.8
12.79
12.79
12.79
12.795
12.785
12.795
12.78
12.78
12.7748
12.775
12.775
12.77
12.78
12.775
12.78
12.775
12.775
12.76
12.74
12.74
12.76
12.765
12.765
12.76
12.755
12.755
12.755
12.745
12.7538
12.75
12.74
12.755
12.75
12.735
12.73
12.72
12.7207
12.72
12.71
12.68
12.68
12.67
12.7
12.7
12.7
12.68
12.71
12.7
12.7
12.69
12.69
12.68
12.68
12.65
12.63
12.61
12.63
12.635
12.64
12.64
12.59
12.595
12.615
12.61
12.595
12.69
12.65
12.61
12.65
12.75
12.77
12.72
12.755
12.88
12.945
12.87
12.95
12.95
12.955
12.955
12.94
12.95
12.945
12.88
12.84
12.9
12.88
12.85
12.855
12.88
12.9
12.89
12.89
12.9
12.85
12.865
12.89
12.865
12.9
12.88
12.89
12.821
12.85
12.88
12.905
12.89
12.885
12.91
12.9
12.91
12.89
12.88
12.84
12.835
12.84
12.855
12.86
12.8835
12.88
12.875
12.885
12.8825
12.9
12.95
12.965
12.97
12.985
12.995
12.98
12.96
12.995
12.97
12.995
12.99
12.99
12.995
12.995
12.975
12.965
12.955
12.945
12.95
12.95
12.99
12.98
12.98
12.99
12.99
12.985
12.99
12.99
12.99
12.98
12.96
12.99
12.97
12.99
13.05
13.1173
13.09
13.16
13.14
13.145
13.115
13.11
13.09
13.105
13.107
13.115
13.18
13.185
13.11
13.125
13.155
13.18
13.18
13.18
13.175
13.19
13.2248
13.21
13.175
13.175
13.165
13.185
13.16
13.16
13.18
13.165
13.125
13.11
13.07
13.05
13.04
13.05
13.05
13.09
13.08
13.06
13.07
13.02
13.02
12.96
12.98
13.02
13.04
13.065
13.065
13.07
13.07
13.07
13.065
13.06
13.09
13.07
13.095
13.09
13.09
13.08
13.09
13.085
13.09
13.08
13.075
13.075
13.075
13.05
13.04
13.05
13.05
13.05
13.045
13.03
12.995
13.01
13.02
13.005
13.0
13.01
13.03
13.04
13.04
13.045
13.04
13.04
13.041
13.04
13.055
13.055
13.055
13.055
13.07
13.08
13.07
13.065
13.06
13.065
13.085
13.085
13.05
13.05
13.05
13.05
13.04
13.055
13.05
13.04
13.03
13.01
12.975
12.975
12.97
12.975
12.99
12.95
12.939
12.945
12.965
12.965
12.965
12.96
12.97
13.0
13.015
12.99
12.99
13.0
12.985
12.975
12.97
12.975
12.905
12.92
12.93
12.94
12.945
12.93
12.95
12.965
12.965
12.955
12.955
12.96
12.955
12.975
12.9635
12.95
12.915
12.92
12.915
12.915
12.91
12.92
12.91
12.92
12.94
12.905
12.92
12.92
12.935
12.915
12.91
12.91
12.905
12.925
12.92
12.92
12.92
12.915
12.92
12.915
12.905
12.905
12.92
12.905
12.92
12.9
12.905
12.925
12.905
12.9083
12.915
12.905
12.905
12.905
12.9
12.915
12.925
12.935
12.94
12.95
12.95
12.95
12.95
12.96
12.94
12.94
12.925
12.9899
13.035
13.01
13.01
13.015
13.015
13.01
13.02
13.035
13.02
12.99
13.01
12.995
13.005
13.005
13.0
13.005
13.015
13.01
13.015
13.02
13.01
12.98
12.99
13.0
13.01
13.015
13.005
13.005
12.98
12.995
13.0
12.995
13.0
13.005
13.03
13.03
13.04
13.05
13.025
13.05
13.03
13.035
13.04
13.005
12.985
12.995
12.985
12.965
12.955
12.95
12.955
12.955
12.955
12.96
12.945
12.925
12.914
12.925
12.92
12.915
12.9099
12.885
12.885
12.905
12.91
12.905
12.895
12.885
12.8878
12.88
12.885
12.885
12.855
12.865
12.87
12.865
12.87
12.8611
12.805
12.81
12.81
12.81
12.81
12.81
12.7999
12.81
12.82
12.84
12.86
12.865
12.865
12.87
12.87
12.86
12.86
12.86
12.855
12.855
12.87
12.85
12.86
12.93
12.99
13.0
12.97
12.935
12.98
12.98
13.0
12.99
12.99
13.03
13.1
13.05
13.06
13.07
13.101
13.11
13.1
13.095
13.115
13.13
13.14
13.17
13.12
13.13
13.15
13.16
13.17
13.17
13.18
13.15
13.17
13.175
13.17
13.18
13.19
13.17
13.16
13.179
13.17
13.18
13.185
13.185
13.185
13.19
13.15
13.15
13.1438
13.125
13.12
13.13
13.11
13.125
13.14
13.13
13.13
13.12
13.1
13.07
13.05
13.0665
13.06
13.08
13.09
13.095
13.07
13.08
13.07
13.07
13.06
13.05
13.0437
13.055
13.07
13.06
13.055
13.055
13.07
13.065
13.075
13.07
13.07
13.09
13.08
13.1
13.09
13.095
13.095
13.1
13.08
13.08
13.08
13.08
13.1
13.105
13.105
13.11
13.09
13.085
13.095
13.1
13.09
13.0899
13.09
13.095
13.08
13.085
13.085
13.08
13.085
13.085
13.085
13.095
13.1
13.095
13.095
13.095
13.075
13.075
13.07
13.08
13.0793
13.09
13.07
13.07
13.07
13.075
13.075
13.081
13.09
13.07
13.07
13.04
13.05
13.055
