28.51
27.82
27.059999
27.65
28.32
30.33
28.67
28.040001
27.33
26.57
27.290001
27.790001
26.91
28.0
28.16
29.639999
29.719999
29.700001
29.790001
28.43
27.75
28.290001
27.629999
27.5
30.83
29.799999
30.82
30.809999
31.83
34.959999
37.02
37.459999
37.650002
37.779999
39.25
37.959999
38.549999
38.639999
38.080002
40.759998
41.200001
42.880001
41.849998
41.720001
42.310001
39.889999
40.389999
40.689999
40.700001
41.639999
41.689999
40.91
41.400002
41.0
39.509998
38.599998
37.099998
37.639999
38.66
38.5
37.959999
38.110001
37.240002
37.759998
37.869999
38.810001
38.040001
38.790001
38.509998
38.419998
39.450001
40.209999
38.400002
39.110001
38.950001
38.48
39.360001
38.509998
37.610001
36.189999
36.509998
35.689999
37.639999
37.450001
36.189999
37.490002
37.130001
38.310001
37.990002
37.849998
37.540001
37.560001
37.209999
37.66
36.830002
37.490002
37.610001
37.73
38.540001
41.07
42.09
41.82
40.009998
40.25
41.459999
40.529999
42.25
42.84
42.43
43.790001
44.939999
44.32
44.43
44.389999
44.610001
44.799999
44.689999
48.27
47.740002
46.349998
45.93
45.580002
44.16
45.549999
45.93
45.849998
45.990002
46.310001
44.66
45.389999
46.439999
47.77
48.869999
49.959999
51.900002
52.709999
52.799999
51.389999
52.740002
52.580002
50.709999
48.580002
50.080002
48.990002
48.91
49.439999
50.990002
51.299999
50.27
49.439999
50.130001
51.470001
50.25
49.720001
49.470001
47.970001
48.93
48.310001
47.900002
45.380001
45.369999
42.759998
42.790001
45.82
47.439999
48.189999
47.16
45.57
47.279999
45.200001
45.25
47.02
44.630001
46.740002
49.77
49.459999
50.959999
49.57
52.259998
56.900002
52.23
49.610001
48.93
47.950001
43.779999
41.630001
41.779999
42.619999
44.02
47.900002
47.91
44.759998
44.610001
42.549999
43.310001
43.200001
41.630001
42.639999
47.25
46.790001
47.0
45.619999
44.959999
45.869999
47.549999
48.200001
49.380001
50.560001
46.93
47.610001
50.0
51.16
50.509998
49.91
49.919998
47.709999
49.959999
48.57
49.389999
48.959999
49.689999
49.790001
50.0
49.970001
49.299999
49.93
49.810001
49.970001
49.959999
49.610001
50.25
51.049999
49.380001
48.990002
48.84
50.380001
48.59
49.93
47.450001
47.470001
48.09
51.869999
50.439999
49.52
49.77
48.810001
51.48
51.0
50.349998
51.959999
51.66
51.450001
47.93
48.16
45.709999
43.57
42.419998
38.619999
40.529999
37.470001
38.029999
37.259998
34.900002
35.32
35.490002
36.93
36.509998
35.639999
33.490002
32.330002
33.029999
33.810001
33.779999
33.529999
33.52
30.969999
29.09
29.049999
30.07
28.959999
29.84
31.0
31.42
29.200001
29.700001
30.040001
28.0
28.85
28.23
27.790001
28.17
30.200001
31.639999
30.75
29.709999
30.51
28.950001
28.99
28.200001
29.440001
30.51
28.01
27.66
27.43
28.5
28.84
29.389999
28.620001
20.27
19.01
19.709999
20.200001
20.4
21.290001
22.190001
22.48
24.17
23.299999
23.66
23.27
23.67
24.08
23.92
23.98
24.27
24.190001
24.91
25.059999
25.51
25.530001
25.120001
24.68
24.559999
23.76
24.450001
23.34
22.26
21.889999
21.799999
23.469999
23.780001
23.4
22.440001
23.73
25.16
24.59
25.91
25.719999
26.110001
26.620001
26.959999
26.59
26.290001
27.5
27.48
27.16
28.049999
27.0
28.190001
27.02
27.120001
26.84
26.379999
26.09
25.379999
25.360001
25.07
24.190001
24.120001
23.809999
23.84
24.41
23.15
22.5
23.84
23.91
23.6
23.809999
23.66
24.219999
23.950001
24.27
23.82
23.83
22.65
22.5
22.51
22.77
22.450001
23.610001
23.93
24.200001
24.74
25.15
25.93
25.92
25.959999
26.68
26.92
27.26
27.77
27.6
26.75
26.5
25.370001
26.530001
27.610001
27.690001
26.610001
23.690001
20.120001
19.59
19.219999
20.049999
20.41
19.799999
20.16
20.379999
20.59
20.360001
20.860001
21.030001
21.34
22.549999
22.65
21.49
21.950001
21.610001
22.49
23.030001
23.6
23.08
23.48
23.799999
23.719999
23.200001
22.879999
23.26
23.280001
22.690001
22.709999
22.690001
22.540001
22.879999
21.68
21.32
21.940001
21.059999
20.459999
20.969999
20.690001
20.469999
20.34
19.190001
19.620001
19.23
19.5
19.76
19.959999
20.01
20.030001
18.18
18.32
17.73
17.040001
17.65
18.65
16.25
18.370001
17.98
18.25
18.83
18.59
18.75
19.030001
19.32
18.799999
18.24
18.93
19.200001
18.34
18.77
17.99
17.32
17.940001
18.58
18.98
18.120001
18.219999
18.620001
18.299999
18.48
18.209999
18.34
18.82
20.24
19.620001
19.18
18.73
25.059999
22.780001
22.93
22.290001
22.440001
