21.41
21.44
21.54
21.485
21.43
21.34
21.43
21.45
21.48
21.5
21.5
21.5
21.48
21.44
21.42
21.42
21.48
21.51
21.505
21.44
21.41
21.42
21.41
21.35
21.32
21.2495
21.33
21.34
21.34
21.32
21.2903
21.34
21.36
21.4
21.38
21.385
21.36
21.375
21.38
21.35
21.39
21.36
21.38
21.35
21.29
21.285
21.31
21.36
21.355
21.35
21.35
21.33
21.29
21.28
21.2573
21.26
21.29
21.27
21.3
21.29
21.3
21.26
21.29
21.3
21.26
21.24
21.22
21.18
21.16
21.165
21.2
21.2
21.22
21.17
21.13
21.12
21.13
21.1
21.09
21.05
21.08
21.06
21.04
21.035
21.025
21.0
20.97
20.985
20.96
20.9699
20.985
21.08
21.06
21.02
21.01
21.0
21.01
21.03
21.04
21.036
21.04
21.04
21.025
20.98
20.96
20.9737
20.975
21.01
20.97
20.99
20.99
20.97
20.97
20.98
20.96
20.96
20.97
20.96
20.965
20.96
20.96
20.955
20.94
20.9
20.87
20.89
20.895
20.89
20.86
20.86
20.89
20.87
20.89
20.875
20.86
20.845
20.845
20.85
20.86
20.905
20.97
20.98
20.95
20.96
20.94
20.93
20.93
20.95
20.95
20.96
20.94
20.9175
20.925
20.93
20.93
20.9
20.89
20.85
20.86
20.85
20.84
20.85
20.85
20.84
20.84
20.85
20.82
20.83
20.8239
20.8
20.8
20.8
20.82
20.88
20.9036
20.91
20.87
20.855
20.85
20.85
20.87
20.84
20.85
20.85
20.845
20.845
20.91
20.93
20.97
20.95
20.955
20.97
20.96
20.97
20.97
20.96
20.97
20.965
20.99
20.98
20.96
20.95
20.94
20.93
20.93
20.92
20.91
20.95
20.95
21.0
20.99
20.99
20.99
21.0
21.01
21.01
21.0
20.99
20.97
20.96
20.93
20.96
20.96
20.94
20.94
20.94
20.93
20.93
20.93
20.94
20.96
20.97
20.97
20.96
20.95
20.96
20.97
20.99
20.95
20.97
20.96
20.95
20.97
20.98
20.97
20.95
20.94
20.94
20.92
20.93
20.92
20.92
20.915
20.9093
20.9
20.87
20.86
20.88
20.87
20.87
20.86
20.885
20.87
20.87
20.88
20.84
20.8439
20.83
20.84
20.835
20.835
20.83
20.83
20.81
20.84
20.81
20.81
20.81
20.81
20.82
20.82
20.8101
20.81
20.815
20.8
20.8
20.805
20.815
20.82
20.83
20.82
20.83
20.83
20.82
20.825
20.81
20.8101
20.84
20.83
20.83
20.835
20.83
20.8297
20.84
20.85
20.84
20.84
20.85
20.86
20.85
20.895
20.9
20.88
20.87
20.87
20.845
20.8265
20.83
20.84
20.835
20.84
20.85
20.86
20.86
20.86
20.855
20.85
20.86
20.84
20.82
20.81
20.815
20.82
20.82
20.82
20.81
20.81
20.8
20.81
20.8
20.81
20.8
20.815
20.825
20.81
20.81
20.81
20.81
20.81
20.8
20.8
20.815
20.8
20.79
20.8
20.795
20.805
20.795
20.79
20.76
20.76
20.745
20.72
20.735
20.78
20.79
20.8
20.79
20.79
20.78
20.785
20.8
20.85
20.85
20.85
20.83
20.83
20.84
20.85
20.83
20.835
20.83
20.81
20.815
20.8
20.79
20.79
20.8
20.86
20.9399
20.93
20.82
20.83
20.83
20.83
20.7522
20.7801
20.75
20.6901
20.65
20.61
20.59
20.6
20.5601
20.5901
20.62
20.56
20.55
20.56
20.58
20.59
20.56
20.51
20.52
20.53
20.52
20.52
20.49
20.53
20.52
20.53
20.515
20.53
20.58
20.56
20.56
20.55
20.58
20.57
20.59
20.62
20.64
20.65
20.67
20.65
20.62
20.61
20.6
20.605
20.62
20.64
20.62
20.605
20.61
20.62
20.625
20.625
20.67
20.655
20.67
20.73
20.72
20.75
20.75
20.72
20.7
20.71
20.72
20.71
20.705
20.74
20.745
20.775
20.8
20.75
20.73
20.725
20.705
20.7
20.7
20.72
20.73
20.72
20.75
20.76
20.7333
20.69
20.71
20.7
20.705
20.75
20.76
20.76
20.7692
20.76
20.745
20.755
20.77
20.78
20.82
20.81
20.8
20.795
20.78
20.785
20.76
20.76
20.78
20.79
20.79
20.81
20.81
20.79
20.8
20.79
20.815
20.815
20.825
20.84
20.84
20.84
20.88
20.88
20.85
20.85
20.84
20.8499
20.85
20.85
20.85
20.84
20.85
20.85
20.84
20.84
20.85
20.85
20.85
20.845
20.85
20.85
20.9
20.87
20.8908
20.9
20.895
20.85
20.81
20.805
20.82
20.85
20.845
20.82
20.8
20.79
20.79
20.78
20.785
20.79
20.81
20.8
20.77
20.781
20.77
20.7646
20.765
20.76
20.76
20.725
20.74
20.755
20.77
20.75
20.745
20.76
20.75
20.7825
20.785
20.78
20.8
20.8
20.795
20.8
20.79
20.789
20.795
20.8
20.8093
20.82
20.82
20.83
20.84
20.84
20.81
20.81
20.807
20.82
20.82
20.84
20.83
20.83
20.81
20.815
20.82
20.825
20.805
20.79
20.775
20.78
20.775
20.79
20.8
20.79
20.78
20.8
20.835
20.825
20.84
20.835
20.81
20.815
20.8
20.79
20.79
20.83
20.815
20.83
20.825
20.8525
20.86
20.885
20.885
20.885
20.87
20.855
20.87
20.855
20.89
20.89
20.915
20.93
20.93
20.93
20.975
20.97
20.975
20.97
20.99
20.995
20.985
20.99
20.99
21.0
21.01
21.005
21.005
20.98
20.99
21.01
21.015
21.015
20.995
20.985
20.96
20.965
20.96
20.975
21.0
21.0
21.01
21.0
21.02
21.05
21.04
21.05
21.045
21.04
21.0
21.0
21.01
21.005
21.04
21.045
21.05
21.045
21.04
21.01
21.01
21.0
20.99
21.015
21.045
21.04
21.03
21.04
21.035
21.01
21.02
21.03
21.035
21.025
21.035
21.01
21.025
21.025
21.015
21.045
21.045
21.065
21.075
21.0708
21.08
21.075
21.095
21.09
21.095
21.095
21.095
21.09
21.0946
21.13
21.13
21.12
21.1308
21.175
21.175
21.175
21.17
21.17
21.155
21.195
21.205
21.205
21.2
21.2
21.19
21.195
21.21
21.2
21.18
21.175
21.175
21.2
21.19
21.19
21.19
21.18
21.17
21.165
21.17
21.165
21.165
21.18
21.21
21.205
21.19
21.1957
21.19
21.225
21.225
21.27
21.31
21.32
21.32
21.32
21.305
21.305
21.3225
21.34
21.335
21.33
21.3
21.305
21.305
21.305
21.31
21.305
21.305
21.325
21.32
21.325
21.305
21.3
21.295
21.28
21.28
21.35
21.39
21.3
21.36
21.35
21.3
21.35
21.36
21.32
21.32
21.315
21.35
21.4
21.42
21.39
21.44
21.39
21.34
21.34
21.39
21.39
21.42
21.41
21.47
21.46
21.47
21.48
21.49
21.45
21.42
21.4
21.43
21.44
21.49
21.47
21.46
21.52
21.5
21.53
21.585
21.53
21.53
21.5392
21.5
21.49
21.5
21.47
21.485
21.49
21.48
21.46
21.42
21.41
21.4
21.42
21.42
21.42
21.4
21.37
21.3
21.31
21.29
21.37
21.34
21.34
21.32
21.33
21.34
21.31
21.26
21.22
21.24
21.23
21.23
21.26
21.34
21.4
21.4
21.41
21.385
21.36
21.36
21.375
21.33
21.34
21.33
21.32
21.34
21.31
21.3
21.33
21.32
21.315
21.28
21.27
21.26
21.26
21.25
21.23
21.22
21.2
21.2
21.22
21.215
21.25
21.26
21.29
21.27
21.22
21.21
21.19
21.14
21.15
21.19
21.2
21.135
21.17
21.19
21.22
21.21
21.2
21.25
21.21
21.285
21.27
21.29
21.27
21.26
21.24
21.24
21.245
21.23
21.22
21.22
21.21
21.19
21.21
21.19
21.19
21.2
21.18
21.19
21.185
21.21
21.25
21.23
21.215
21.21
21.22
21.215
21.205
21.19
21.19
21.205
21.185
21.21
21.21
21.2
21.21
21.19
21.185
21.2
21.18
21.21
21.21
21.21
21.21
21.21
21.21
21.2066
21.2
21.19
21.205
21.23
21.23
21.25
21.2301
21.24
21.25
21.2201
21.24
21.25
21.25
21.2301
21.245
21.2301
21.2
21.2
21.19
21.21
21.24
21.24
21.25
21.24
21.24
21.24
21.24
21.24
21.225
21.23
21.22
21.195
21.2099
21.21
21.235
21.22
21.21
21.2001
21.18
21.18
21.19
21.2
21.2
21.19
21.19
21.19
21.18
21.18
21.19
21.19
21.19
21.2
21.21
21.18
21.2
21.23
21.21
21.22
21.24
21.23
21.25
21.255
21.26
21.235
21.21
21.22
21.22
21.22
21.22
21.22
21.19
21.18
21.18
21.18
21.175
21.2
21.2
21.2
21.19
21.19
21.18
21.2
21.2101
21.2
21.2075
21.2
21.2
21.19
21.21
21.2
21.225
21.21
21.205
21.21
21.1965
21.2
21.19
21.18
21.21
21.19
21.19
21.19
21.18
21.195
21.2
21.19
21.18
21.175
21.195
21.2
21.21
21.19
21.2
21.2
21.19
21.19
21.18
21.19
21.2
21.2
21.19
21.195
21.195
21.185
21.185
21.19
21.19
21.18
21.18
21.175
21.2
21.195
21.185
21.175
21.18
21.185
21.18
21.17
21.17
21.16
21.16
21.16
21.17
21.155
21.165
21.15
21.155
21.17
21.18
21.175
21.17
21.19
21.185
21.185
21.2
21.205
21.23
21.2
21.21
21.21
21.21
21.23
21.215
21.21
21.22
21.195
21.195
21.205
21.205
21.205
21.21
21.215
21.205
21.24
21.23
21.205
21.2
21.205
21.2
21.215
21.24
21.23
21.23
21.22
21.225
21.185
21.185
21.19
21.19
21.19
21.19
21.18
21.18
21.175
21.185
21.18
21.18
21.18
21.175
21.175
21.15
21.145
21.13
21.14
21.135
21.115
21.135
21.15
21.16
21.13
21.13
21.125
21.1
21.1
21.1
21.12
