21.05
20.8
21.0
20.96
21.0
21.0
21.045
21.01
21.02
20.89
20.93
20.93
20.96
20.96
20.93
20.86
20.866
20.88
20.9
20.92
20.98
21.01
21.0
21.02
20.99
20.95
20.85
20.88
20.89
20.89
20.87
20.89
20.86
20.88
20.84
20.88
20.86
20.85
20.86
20.9
20.89
20.91
20.93
20.98
20.94
20.98
21.01
21.03
21.01
21.01
21.01
21.02
21.02
21.01
20.98
20.98
20.99
20.98
20.96
21.0
21.0237
21.05
21.05
21.05
21.03
21.03
21.04
21.02
21.01
20.97
20.97
20.95
20.975
20.935
20.95
20.96
20.94
20.92
20.92
20.89
20.91
20.86
20.82
20.84
20.875
20.83
20.83
20.84
20.89
20.88
20.89
20.9038
20.92
20.91
20.86
20.84
20.86
20.835
20.81
20.81
20.84
20.86
20.86
20.88
20.835
20.86
20.84
20.83
20.85
20.84
20.81
20.8
20.8
20.76
20.76
20.75
20.75
20.77
20.74
20.74
20.78
20.7401
20.71
20.66
20.68
20.68
20.68
20.685
20.7
20.7
20.7
20.71
20.72
20.74
20.7201
20.75
20.72
20.66
20.66
20.69
20.68
20.66
20.69
20.67
20.67
20.67
20.66
20.665
20.66
20.65
20.65
20.6501
20.66
20.67
20.65
20.655
20.62
20.62
20.63
20.62
20.57
20.57
20.56
20.55
20.55
20.52
20.55
20.55
20.57
20.64
20.64
20.59
20.56
20.6
20.572
20.575
20.6
20.6
20.575
20.57
20.56
20.56
20.59
20.59
20.58
20.61
20.61
20.605
20.63
20.63
20.6
20.615
20.63
20.63
20.62
20.61
20.6
20.59
20.58
20.57
20.58
20.57
20.56
20.56
20.56
20.58
20.58
20.57
20.55
20.55
20.54
20.56
20.54
20.58
20.5801
20.6
20.57
20.57
20.57
20.56
20.57
20.57
20.61
20.61
20.61
20.46
20.5
20.626
20.49
20.5
20.605
20.63
20.6
20.63
20.61
20.63
20.64
20.6
20.6
20.6
20.6
20.52
20.62
20.688
20.6
20.6
20.6
20.6
20.6
20.59
20.6
20.6
20.6
20.59
20.59
20.58
20.62
20.61
20.62
20.675
20.65
20.7
20.62
20.65
20.66
20.63
20.65
20.65
20.65
20.67
20.65
20.62
20.65
20.67
20.64
20.65
20.62
20.64
20.62
20.62
20.62
20.62
20.52
20.49
20.49
20.49
20.53
20.53
20.53
20.48
20.44
20.45
20.46
20.47
20.5
20.4859
20.54
20.52
20.54
20.49
20.5
20.4913
20.44
20.36
20.42
20.44
20.41
20.4
20.47
20.48
20.45
20.5
20.54
20.55
20.51
20.55
20.54
20.49
20.56
20.57
20.65
20.68
20.614
20.63
20.64
20.64
20.68
20.68
20.63
20.68
20.64
20.66
20.68
20.63
20.63
20.63
20.63
20.62
20.62
20.63
20.63
20.66
20.63
20.63
20.63
20.63
20.63
20.65
20.63
20.63
20.62
20.63
20.63
20.63
20.62
20.62
20.66
20.62
20.62
20.62
20.63
20.62
20.62
20.62
20.62
20.62
20.62
20.63
20.62
20.62
20.53
20.55
20.57
20.57
20.54
20.53
20.52
20.54
20.52
20.55
20.55
20.59
20.55
20.58
20.59
20.63
20.59
20.63
20.62
20.65
20.58
20.58
20.57
20.58
20.58
20.5695
20.58
20.54
20.52
20.52
20.52
20.54
20.53
20.465
20.51
20.52
20.54
20.48
20.48
20.45
20.46
20.46
20.45
20.45
20.45
20.44
20.4
20.38
20.37
20.38
20.38
20.35
20.37
20.42
20.44
20.42
20.44
20.45
20.48
20.47
20.401
20.425
20.43
20.44
20.41
20.45
20.44
20.44
20.47
20.42
20.46
20.45
20.47
20.49
20.52
20.508
20.51
20.51
20.527
20.5
20.5
20.51
20.53
20.5
20.49
20.51
20.5
20.46
20.52
20.605
20.6
20.57
20.58
20.64
20.59
20.61
20.6
20.575
20.6
20.57
20.6
20.5733
20.54
20.53
20.46
20.46
20.44
20.425
20.4
20.42
20.34
20.285
20.36
20.36
20.37
20.39
20.3775
20.38
20.32
20.36
20.35
20.33
20.39
20.39
20.39
20.39
20.4
20.43
20.45
20.51
20.5525
20.58
20.57
20.58
20.55
20.57
20.58
20.58
20.58
20.57
20.55
20.53
20.515
20.565
20.6
20.63
20.615
20.6
20.55
20.57
20.57
20.585
20.55
20.53
20.53
20.57
20.53
20.5375
20.53
20.45
20.52
20.59
20.59
20.575
20.575
20.68
20.67
20.63
20.66
20.6544
20.66
20.67
20.6575
20.67
20.67
20.68
20.67
20.68
20.68
20.6501
20.68
20.68
20.65
20.65
20.65
20.6
20.66
20.65
20.626
20.64
20.65
20.64
20.635
20.66
20.665
20.67
20.7
20.69
20.69
20.654
20.69
20.654
20.67
20.66
20.68
20.65
20.63
20.615
20.63
20.63
20.6399
20.635
20.66
20.66
20.66
20.66
20.66
20.675
20.6825
20.67
20.68
20.72
20.738
20.715
20.685
20.64
20.65
20.67
20.665
20.67
20.68
20.67
20.663
20.675
20.69
20.7
20.7
20.695
20.71
20.695
20.68
20.695
20.71
20.715
20.7575
20.77
20.79
20.8
20.81
20.84
20.93
20.911
20.96
20.92
20.93
20.85
20.95
20.97
20.97
20.94
20.96
20.95
20.93
20.91
20.89
20.88
20.9
20.89
20.9
20.88
20.88
20.945
20.925
20.95
20.96
20.95
20.95
21.02
21.01
21.0
20.95
20.94
20.92
20.9
20.9
20.9
20.935
20.94
20.93
