42.21
42.38
42.37
42.3449
42.39
42.45
42.36
42.34
42.34
42.3
42.33
42.33
42.31
42.33
42.3
42.265
42.25
42.285
42.31
42.335
42.39
42.395
42.39
42.3335
42.31
42.3349
42.305
42.2802
42.2843
42.285
42.25
42.24
42.2999
42.271
42.285
42.275
42.2601
42.2901
42.3
42.3186
42.295
42.26
42.27
42.27
42.2448
42.26
42.26
42.27
42.295
42.29
42.285
42.27
42.2
42.19
42.18
42.265
42.28
42.31
42.315
42.335
42.32
42.325
42.3262
42.305
42.32
42.35
42.325
42.31
42.31
42.29
42.26
42.255
42.295
42.3
42.29
42.26
42.29
42.255
42.23
42.25
42.221
42.23
42.205
42.2
42.195
42.21
42.22
42.204
42.17
42.19
42.18
42.185
42.17
42.17
42.1525
42.17
42.17
42.185
42.19
42.13
42.121
42.105
42.12
42.13
42.1325
42.11
42.075
42.06
42.06
42.05
42.0665
42.06
42.05
42.0461
42.03
42.0335
42.02
42.0261
42.02
42.035
42.05
42.01
41.985
41.985
41.98
41.95
41.93
41.94
41.94
41.92
41.91
41.93
41.92
41.91
41.92
41.9161
41.9061
41.905
41.91
41.9
41.88
41.89
41.89
41.885
41.88
41.885
41.895
41.9222
41.9455
41.915
41.9347
41.931
41.9221
41.9339
41.94
41.9393
41.94
41.94
41.953
41.9533
41.96
41.95
41.9517
41.95
41.95
41.95
41.925
41.9511
41.941
41.93
41.92
41.9142
41.93
41.925
41.9
41.9054
41.9049
41.9143
41.91
41.91
41.92
41.93
41.935
41.9461
41.94
41.935
41.95
41.95
41.95
41.93
41.9549
41.95
41.95
41.95
41.935
41.93
41.92
41.9065
41.91
41.895
41.88
41.885
41.89
41.89
41.87
41.88
41.91
41.92
41.945
41.96
41.965
41.965
41.96
42.005
41.99
41.99
41.99
41.99
41.988
41.995
42.0
42.005
42.005
41.99
41.99
41.975
41.97
41.98
41.975
41.98
41.98
42.005
42.0101
42.005
42.025
42.03
42.035
42.045
42.065
42.075
42.0895
42.06
42.045
42.0535
42.06
42.055
42.054
42.0581
42.0561
42.0342
42.05
42.055
42.055
42.05
42.07
42.055
42.045
42.04
42.04
42.04
42.045
42.045
42.055
42.06
42.03
42.04
42.037
42.05
42.04
42.05
42.1299
42.08
42.11
42.126
42.1335
42.14
42.1586
42.135
42.125
42.105
42.1101
42.12
42.1
42.1028
42.13
42.114
42.125
42.13
42.15
42.154
42.145
42.14
42.145
42.155
42.16
42.15
42.155
42.16
42.17
42.1609
42.16
42.13
42.1342
42.12
42.08
42.08
42.085
42.09
42.095
42.08
42.0752
42.0765
42.075
42.0765
42.085
42.07
42.07
42.05
42.055
42.065
42.06
42.0502
42.024
42.0351
42.055
42.05
42.03
42.026
42.05
42.05
42.045
42.05
42.04
42.0543
42.06
42.055
42.055
42.0429
42.04
42.04
42.03
42.04
42.045
42.07
42.05
42.06
42.065
42.075
42.05
42.035
42.06
42.06
42.07
42.07
42.0711
42.07
42.01
41.99
41.9949
42.02
42.02
42.0
42.01
42.03
42.039
42.05
42.06
42.01
42.03
42.0625
42.05
42.04
42.04
42.065
42.049
42.065
42.07
42.05
42.045
42.0568
42.0499
42.045
42.0634
42.065
42.07
42.079
42.085
42.06
42.06
42.06
42.02
41.99
41.95
41.905
41.93
41.91
41.91
41.89
41.87
41.87
41.905
41.91
41.897
41.905
41.88
41.895
41.875
41.8369
41.865
41.85
41.88
41.87
41.85
41.83
41.82
41.81
41.78
41.78
41.785
41.76
41.76
41.75
41.7599
41.75
41.745
41.7651
41.76
41.75
41.75
41.75
41.75
41.7465
41.7435
41.745
41.73
41.68
41.615
41.61
41.59
41.59
41.565
41.56
41.52
41.53
41.5099
41.5
41.562
41.59
41.58
41.53
41.525
41.52
41.55
41.53
41.5139
41.5
41.509
41.505
41.51
41.51
41.5241
41.53
41.53
41.52
41.5
41.53
41.52
41.495
41.5
41.51
41.5065
41.5
41.49
41.4954
41.504
41.5
41.47
41.465
41.4499
41.44
41.45
41.39
41.37
41.34
41.355
41.325
41.28
41.26
41.22
41.21
41.22
41.2525
41.275
41.25
41.26
41.22
41.2
41.175
41.17
41.16
41.185
41.17
41.16
41.2
41.2
41.185
41.21
41.22
41.23
41.18
41.17
41.16
41.16
41.15
41.12
41.11
41.105
41.105
41.104
41.085
41.07
41.08
41.095
41.1
41.11
41.085
41.04
41.03
41.03
41.005
41.005
40.975
40.99
41.014
41.005
41.0
41.005
40.99
40.9721
40.9964
40.976
40.9915
40.995
40.995
41.005
41.015
41.0158
41.015
41.014
41.01
41.005
41.015
41.015
41.015
41.0
40.99
40.9875
40.98
40.985
40.98
40.986
40.98
40.975
40.985
40.99
40.99
40.999
40.9917
40.99
40.99
40.999
40.996
41.005
41.01
41.0
41.0
41.007
41.0
41.0
41.0
41.0
41.0
41.01
41.001
41.0159
41.015
41.01
40.99
40.995
40.995
40.9965
40.99
40.99
40.99
40.995
40.9947
40.995
40.9901
41.0
40.995
40.995
40.995
40.9999
40.99
40.995
41.0
40.99
40.99
40.97
40.985
40.995
40.99
40.99
40.9899
40.9901
40.9957
40.99
40.995
40.985
40.975
40.97
40.96
40.96
40.965
40.965
40.955
40.95
40.97
40.96
40.96
40.96
40.9759
40.975
40.975
40.98
40.9851
40.99
40.995
41.025
41.01
41.005
41.005
41.0
41.0028
41.055
41.06
41.0665
41.0642
41.065
41.065
41.08
41.07
41.05
41.05
41.04
41.0435
41.041
41.05
41.045
41.044
41.055
41.05
41.055
41.035
41.03
41.03
41.0301
41.035
41.035
41.03
41.03
41.03
41.035
41.03
41.03
41.035
41.0332
41.0399
41.025
41.02
41.01
41.005
41.005
40.9954
40.995
41.01
41.01
41.0151
40.995
41.0
41.0049
41.01
41.006
41.0
40.99
40.99
41.005
41.005
41.02
41.015
41.005
41.0061
41.0065
41.01
41.01
41.01
41.03
41.02
41.025
41.0243
41.0201
41.035
41.05
41.045
41.045
41.041
41.0599
41.05
41.055
41.055
41.03
41.025
41.045
41.0447
41.05
41.04
41.04
41.06
41.07
41.075
41.085
41.09
41.094
41.09
41.073
41.085
41.09
41.095
41.095
41.13
41.135
41.15
41.175
41.175
41.18
41.17
41.16
41.185
41.195
41.1925
41.2
41.2161
41.22
41.205
41.21
41.225
41.22
41.22
41.24
41.23
41.22
41.22
41.2241
41.23
41.25
41.255
41.26
41.28
41.265
41.285
41.3152
41.3
41.305
41.31
41.31
41.31
41.26
41.23
41.19
41.1943
41.18
41.5
41.3762
41.4
41.3965
41.3849
41.44
41.45
41.43
41.4
41.4
41.4
41.41
41.42
41.425
41.42
41.42
41.4025
41.39
41.3643
41.3546
41.355
41.41
41.42
41.415
41.4157
41.42
41.4077
41.41
41.405
41.395
41.41
41.405
41.42
41.415
41.41
41.4109
41.42
41.425
41.41
41.38
41.39
41.395
41.4172
41.43
41.41
41.42
41.425
41.4372
41.42
41.4
41.42
41.415
41.425
41.42
41.41
41.395
41.44
41.42
41.425
41.435
41.4261
41.43
41.44
41.4411
41.4638
41.455
41.4599
41.42
41.4461
41.44
41.4301
41.4161
41.4
41.405
41.4
41.3861
41.405
41.405
41.38
41.37
41.38
41.3957
41.39
41.39
41.37
41.37
41.3403
41.345
41.35
41.3201
41.32
41.325
41.32
41.32
41.315
41.33
41.3318
41.345
41.3351
41.345
41.34
41.3399
41.35
41.345
41.34
41.35
41.35
41.35
41.355
41.36
41.37
41.36
41.375
41.34
41.34
41.355
41.345
41.3581
41.355
41.359
41.354
41.335
41.335
41.33
41.32
41.31
41.31
41.295
41.28
41.255
41.29
41.3
41.3199
41.315
41.315
41.32
41.33
41.3267
41.329
41.33
41.3345
41.34
41.33
41.335
41.33
41.335
41.34
41.37
41.38
41.39
41.3901
41.4
41.41
41.415
41.43
41.42
41.42
41.42
41.43
41.425
41.43
41.4282
41.43
41.44
41.437
41.435
41.41
41.395
41.395
41.39
41.38
41.395
41.385
41.38
41.3933
41.409
41.4
41.3961
41.395
41.374
41.375
41.38
41.385
41.4
41.39
41.395
41.375
41.385
41.385
41.4
41.4052
41.405
41.395
41.405
41.43
41.43
41.426
41.4037
41.41
41.42
41.395
41.415
41.405
41.405
41.4
41.4
41.405
41.4033
41.3943
41.39
41.395
41.374
41.3648
41.3699
41.345
41.345
41.3543
41.36
41.3565
41.35
41.335
41.335
41.345
41.35
41.36
41.37
41.365
41.375
41.365
41.355
41.355
41.36
41.345
41.34
41.3557
41.365
41.385
41.385
41.37
41.37
41.3699
41.36
41.36
41.3601
41.36
41.3778
41.3865
41.35
41.36
41.34
41.3501
41.35
41.34
41.32
41.335
41.33
41.325
41.32
41.31
41.315
41.31
41.305
41.3
41.3036
41.295
41.2922
41.3
41.29
41.2834
41.2801
41.285
41.2964
41.285
41.2617
41.27
41.2843
41.27
41.2798
41.29
41.28
41.28
41.295
41.29
41.3
41.295
41.305
41.32
41.315
41.3159
41.33
41.315
41.315
41.32
41.32
41.315
41.3
41.3
41.285
41.28
41.275
41.285
41.285
41.3
41.28
41.2775
41.2701
41.26
41.25
41.23
41.23
41.2301
41.25
41.25
41.24
41.245
41.245
41.2561
41.265
41.26
41.2501
41.26
41.235
41.245
41.2435
41.2439
41.225
41.23
41.25
41.24
41.2529
41.2599
41.27
41.267
41.2729
41.275
41.27
41.295
41.29
41.31
41.29
41.295
41.3
41.305
41.315
41.31
41.311
41.285
41.27
41.28
41.2899
41.285
41.285
41.29
41.285
41.27
41.255
41.2501
41.235
41.22
41.225
41.2
41.215
41.21
41.2101
41.205
41.225
41.23
41.225
41.2333
41.2401
41.245
41.235
41.24
41.25
41.25
41.265
41.285
41.2985
41.3
41.3
41.3
41.31
41.3
41.31
41.325
41.305
41.3
41.275
41.255
41.24
41.24
41.23
41.21
41.21
41.18
41.18
41.19
41.21
41.22
41.24
41.16
41.165
41.16
41.1546
41.2
41.245
41.215
41.24
41.25
41.19
41.175
41.1844
41.2
41.195
41.17
41.18
41.165
41.16
41.183
41.214
41.235
41.183
41.1939
41.19
41.1932
41.1657
41.1735
41.2098
41.1726
41.19
41.21
41.185
41.155
41.155
41.15
41.121
41.14
41.09
41.115
41.1
41.11
41.1338
41.146
41.14
41.14
41.13
41.1307
41.15
41.15
41.135
41.1339
41.145
41.135
41.12
41.135
41.1264
41.13
41.13
41.125
41.115
41.1
41.09
41.08
41.075
41.08
41.09
41.11
41.1
41.11
41.0878
41.0861
41.085
41.09
41.09
41.0899
41.085
41.095
41.11
41.08
41.0701
41.1
41.11
41.11
41.12
41.13
41.14
41.15
41.14
41.14
41.145
41.165
41.17
41.155
41.15
41.1565
41.17
41.18
41.185
41.15
41.1551
41.16
41.16
41.165
41.18
41.175
41.186
41.19
41.1742
41.1757
41.18
41.1749
41.17
41.15
41.1442
41.135
41.13
41.1299
41.125
41.1242
41.11
41.11
41.1149
41.1
41.105
41.1141
41.1
41.1
41.11
41.1025
41.11
41.1169
41.1145
41.11
41.11
41.1125
41.115
41.11
41.1
41.105
41.1049
41.09
41.09
41.1
41.095
41.1
41.1
41.0948
41.095
41.09
41.1
41.11
41.115
41.117
41.1027
41.101
41.11
41.1
41.105
41.11
41.105
41.0999
41.0871
41.089
41.0767
41.0749
41.0799
41.07
41.07
41.06
41.07
41.07
41.07
41.0741
41.077
41.0758
41.095
41.0961
41.1
41.09
41.08
41.09
41.075
41.065
41.055
41.055
41.05
41.05
41.05
41.0567
41.055
41.0566
41.045
41.04
41.05
41.056
41.0452
41.06
41.0401
41.04
41.02
41.0298
41.044
41.055
41.055
41.055
41.06
41.06
41.055
41.045
41.05
41.045
41.04
41.04
41.0462
41.0299
41.015
41.02
41.04
41.03
41.025
41.03
41.02
41.025
41.02
41.0241
41.01
41.005
41.0
41.0065
41.0099
41.005
41.0
41.0
41.005
41.0
41.005
41.01
41.0038
41.0
41.01
41.005
41.0
41.0066
41.0
41.01
41.0
41.0042
41.005
41.0
41.02
41.0135
41.015
41.009
41.005
41.01
41.005
41.007
41.005
41.005
41.01
41.01
41.02
41.015
41.01
41.0
41.0158
41.01
41.0136
41.0
41.005
41.01
41.015
41.0262
41.02
41.0343
41.0499
41.0535
41.05
41.055
41.05
41.0499
41.04
41.05
41.045
41.04
41.035
41.03
41.04
41.04
41.04
41.04
41.06
41.07
41.065
41.065
41.06
41.07
41.075
41.06
41.07
41.0733
41.075
41.08
41.0771
41.08
41.0749
41.07
41.0701
41.06
41.06
41.07
41.07
41.07
41.075
41.075
41.075
41.09
41.0935
41.095
41.095
41.0901
41.095
41.1
41.0999
41.105
41.1038
41.1
41.1
41.12
41.1173
41.105
41.115
41.105
41.105
41.115
41.1
41.1
41.101
41.105
41.1001
41.101
41.105
41.1
41.105
41.1
41.11
41.1001
41.105
41.105
41.1
41.1
41.12
41.1
41.1076
41.1103
41.11
41.11
41.1001
41.1
41.0943
41.11
41.115
41.115
41.115
41.1
41.1
41.0901
41.09
41.075
41.07
41.065
41.067
41.06
41.055
41.055
41.05
41.07
41.07
41.06
41.065
41.07
41.09
41.09
41.04
41.0165
41.005
41.01
40.94
40.91
40.97
41.0
41.0
40.9903
40.985
40.98
40.965
40.935
40.96
40.9556
40.995
41.0048
40.9901
41.01
41.0001
41.0011
41.0
40.98
40.97
40.94
40.94
40.955
40.95
40.95
40.94
40.949
40.93
40.91
40.916
40.91
40.8857
40.881
40.865
40.865
40.9
40.935
40.92
40.9072
40.905
40.9042
40.9
40.9
40.905
40.885
40.8899
40.895
40.9
40.89
40.887
40.9
40.89
40.8953
40.8864
40.87
40.875
40.86
40.86
40.86
40.85
40.87
40.88
40.87
40.87
40.8647
40.865
40.86
40.86
40.8561
40.864
40.848
40.825
40.83
40.825
40.849
40.85
40.865
40.865
40.8561
40.87
40.875
40.88
40.87
40.871
40.885
40.88
40.88
40.88
40.88
40.915
40.92
40.92
40.9235
40.935
40.935
40.935
40.98
40.9995
40.995
40.9935
41.005
40.9961
40.9861
40.9707
40.9665
40.96
40.97
40.9661
40.96
40.98
40.985
40.9761
40.9799
40.9776
40.995
40.999
40.99
41.0
40.985
40.985
40.97
40.965
40.975
40.969
40.95
40.95
40.95
40.95
40.95
40.955
40.955
40.99
40.99
40.989
40.9935
40.995
40.997
41.01
40.995
41.005
40.995
40.99
41.0
40.99
41.02
41.03
41.05
41.0412
41.08
41.0797
41.085
41.075
41.085
41.09
41.1
41.1
41.0969
41.12
41.09
41.095
41.0949
41.095
41.0801
41.09
41.085
41.085
41.0761
41.075
41.0895
41.09
41.09
41.0735
41.075
41.0666
41.065
41.07
41.08
41.085
41.0844
41.081
41.09
41.105
41.1
41.1061
41.119
41.115
41.115
41.07
41.09
41.0799
41.05
41.0571
41.059
41.05
41.045
41.05
41.05
41.06
41.0542
41.0549
41.055
41.0609
41.07
41.0661
41.07
41.07
41.075
41.065
41.06
41.08
41.1
41.0938
41.095
41.1057
41.1061
41.1284
41.125
41.1216
41.14
41.15
41.167
41.15
41.1314
41.1422
41.145
41.14
41.145
41.15
41.15
41.149
41.15
41.145
41.145
41.16
41.16
41.16
41.1699
41.17
41.169
41.17
41.165
41.12
41.12
41.1143
41.115
41.11
41.1
41.105
41.109
41.105
41.105
41.11
41.105
41.07
41.09
41.095
41.0939
41.095
41.095
41.095
41.095
41.07
41.06
41.055
41.0535
41.055
41.025
41.035
41.053
41.0638
41.075
41.08
41.08
41.075
41.075
41.0849
41.075
41.08
41.085
41.09
41.09
41.08
41.075
41.07
41.0749
41.09
41.09
41.09
41.085
41.0757
41.0735
41.075
41.071
41.08
41.0801
41.1
41.0857
41.07
41.06
41.065
41.06
41.065
41.06
41.067
41.065
41.0652
41.06
41.065
41.075
41.065
41.06
41.05
41.055
41.055
41.085
41.091
41.1
41.1
41.08
41.08
41.089
41.0738
41.07
41.09
41.09
41.11
41.11
41.12
41.13
41.13
41.125
41.125
41.1
41.1
41.1065
41.1
41.095
41.075
41.085
41.085
41.08
41.0899
41.085
41.075
41.074
41.085
41.08
41.07
41.075
41.075
41.105
41.1
41.11
41.105
41.1
41.105
41.1051
41.105
41.095
41.095
41.075
41.07
41.075
41.095
41.085
41.095
41.1099
41.1
41.07
41.075
41.0699
41.065
41.05
41.055
41.065
41.065
41.07
41.066
41.045
41.045
41.06
41.065
41.075
41.11
41.13
41.12
41.14
41.14
41.17
41.16
41.23
41.2
41.2246
41.24
41.2343
41.28
41.27
41.25
41.24
41.22
41.205
41.225
41.234
41.22
41.1851
41.2139
41.2
41.22
41.2099
41.2
41.2
41.195
41.175
41.13
41.1
41.09
41.07
41.11
41.13
41.14
41.155
41.145
41.12
41.125
41.145
41.14
41.17
41.185
41.2049
41.215
41.225
41.18
41.1665
41.2
41.18
41.17
41.19
41.17
41.141
41.12
41.14
41.12
41.1434
41.155
41.17
41.14
41.13
41.135
41.155
41.12
41.145
41.129
41.115
41.1038
41.11
41.1127
41.1275
41.11
41.12
41.145
41.16
41.18
41.17
41.16
41.155
41.18
41.17
41.1561
41.155
41.165
41.16
41.1652
41.165
41.1786
41.197
41.185
41.2
41.18
41.19
41.171
41.195
41.1935
41.19
41.19
41.1955
41.195
41.1839
41.18
41.19
41.1861
41.195
41.2
41.215
41.21
41.22
41.2157
41.1999
41.1935
41.19
41.195
41.1949
41.2
41.2
41.189
41.195
41.2
41.1965
41.18
41.18
41.185
41.195
41.21
41.21
41.2201
41.239
41.23
41.24
41.215
41.2
41.2
41.18
41.186
41.19
41.195
41.2
41.2175
41.215
41.22
41.2286
41.2147
41.2245
41.22
41.2257
41.23
41.22
41.225
41.2249
41.2349
41.23
41.239
41.2343
41.2435
41.2464
41.2452
41.2335
41.231
41.23
41.234
41.2075
41.205
41.21
41.21
41.215
41.22
41.22
41.22
41.225
41.215
41.21
41.22
41.215
41.21
41.18
41.185
41.18
41.18
41.18
41.18
41.16
41.1699
41.15
41.15
41.17
41.16
41.16
41.16
41.16
41.17
41.17
41.165
41.165
41.17
41.1735
41.1901
41.191
41.2
41.2
41.2
41.2
41.2
41.2
41.205
41.2
41.2
41.2
41.215
41.214
41.235
41.2363
41.23
41.23
41.2349
41.245
41.24
41.255
41.265
41.266
41.27
41.276
41.275
41.265
41.271
41.28
41.3
41.3
41.295
41.3
41.3
41.3
41.315
41.295
41.2953
41.3
41.29
41.3
41.307
41.3051
41.31
41.305
41.305
41.305
41.307
41.305
41.3
41.3
41.2736
41.23
41.25
41.24
41.247
41.245
41.25
41.2568
41.2677
41.27
41.27
41.27
41.27
41.26
41.25
41.2587
41.26
41.235
41.22
41.21
41.2
41.2
41.215
41.21
41.21
41.22
41.2161
41.215
41.21
41.2399
41.245
41.22
41.2157
41.21
41.23
41.2357
41.2399
41.235
41.24
41.25
41.2548
41.245
41.245
41.2599
41.23
41.23
41.2343
41.23
41.22
41.23
41.225
41.23
41.225
41.22
41.22
41.237
41.22
41.2
41.205
41.201
41.21
41.22
41.215
41.21
41.22
41.22
41.2151
41.22
41.21
41.22
41.22
41.2201
41.23
41.24
41.235
41.235
41.2365
41.225
41.22
41.2279
41.2
41.2
41.205
41.21
41.2225
41.22
41.21
41.22
41.21
41.215
41.215
41.215
41.2125
41.2
41.22
41.2399
41.225
41.2299
41.24
41.225
41.22
41.22
41.225
41.2249
41.22
41.24
41.235
41.2399
41.24
41.23
41.24
41.24
41.22
41.215
41.22
41.21
41.2235
41.225
41.22
41.23
41.2225
41.22
41.215
41.23
41.23
41.235
41.23
41.22
41.21
41.22
41.22
41.205
41.205
41.2
41.2042
41.21
41.205
41.2161
41.19
41.28
41.2
41.205
41.26
41.2574
41.25
41.25
41.23
41.24
41.21
41.23
41.2249
41.18
41.14
41.1544
41.185
41.2
41.185
41.205
41.21
41.19
41.165
41.17
41.2
41.19
41.18
41.16
41.16
41.14
41.19
41.23
41.22
41.2
41.19
41.1901
41.185
41.185
41.19
41.175
41.19
41.1758
41.15
41.19
41.21
41.2043
41.215
41.23
41.24
41.235
41.215
41.21
41.205
41.21
41.1949
41.15
41.18
41.1687
41.155
41.16
41.15
41.16
41.18
41.2
41.2
41.2
41.21
41.22
41.23
41.2437
41.23
41.23
41.2399
41.26
41.255
41.255
41.24
41.2461
41.255
41.255
41.235
41.265
41.2468
41.24
41.2339
41.2401
41.245
41.2354
41.26
41.2767
41.2701
41.275
41.2469
41.229
41.235
41.23
41.215
41.22
41.215
41.23
41.25
41.2339
41.2356
41.235
41.24
41.235
41.28
41.29
41.275
41.275
41.3
41.29
41.2849
41.275
41.2825
41.3
41.3
41.3
41.285
41.28
41.265
41.2699
41.264
41.245
41.26
41.285
41.265
41.27
41.2633
41.265
41.24
41.255
41.2251
41.24
41.23
41.25
41.24
41.26
41.245
41.26
41.26
41.25
41.255
41.26
41.27
41.2454
41.2358
41.255
41.265
41.27
41.265
41.2699
41.2658
41.265
41.255
41.255
41.25
41.245
41.2342
41.2438
41.25
41.24
41.2543
41.255
41.255
41.265
41.26
41.2535
41.26
41.244
41.24
41.245
41.249
41.2344
41.2337
41.25
41.25
41.26
41.265
41.255
41.26
41.2799
41.28
41.283
41.29
41.295
41.3
41.3
41.3
41.2951
41.3
41.3
41.29
41.285
41.281
41.305
41.2901
41.2961
41.305
41.295
41.305
41.315
41.3167
41.2961
41.3
41.295
41.2965
41.295
41.295
41.3
41.2901
41.3
41.3065
41.3058
41.3
41.305
41.305
41.305
41.3
41.305
41.3053
41.31
41.31
41.3058
41.305
41.32
41.325
41.325
41.32
41.33
41.325
41.31
41.31
41.31
41.33
41.33
41.33
41.34
41.36
41.36
41.3758
41.39
41.39
41.41
41.4
41.4114
41.415
41.4152
41.416
41.4185
41.42
41.414
41.415
41.42
41.405
41.4099
41.41
41.41
41.41
41.4
41.41
41.4199
41.41
41.4101
41.42
41.42
41.419
41.415
41.41
41.41
41.3848
41.39
41.38
41.37
41.365
41.36
41.36
41.355
41.3448
41.331
41.35
41.3433
41.341
41.3518
41.3558
41.36
41.3657
41.365
41.37
41.365
41.37
41.38
41.375
41.3751
41.36
41.355
41.365
41.3548
41.37
41.37
41.36
41.35
41.365
41.36
41.37
41.365
41.37
41.38
41.36
41.3699
41.39
41.3949
41.3962
41.38
41.385
41.385
41.38
41.385
41.38
41.38
41.377
41.375
41.375
41.375
41.37
41.37
41.3627
41.3699
41.355
41.353
41.34
41.345
41.355
41.345
41.345
41.35
41.3475
41.36
41.341
41.3548
41.35
41.365
41.37
41.37
41.36
41.36
41.37
41.35
41.33
41.335
41.35
41.355
41.37
41.351
41.36
41.355
41.36
41.365
41.36
41.35
41.35
41.35
41.33
41.33
41.345
41.3465
41.355
41.35
41.3599
41.37
41.36
41.34
41.33
41.33
41.34
41.34
41.32
41.31
41.3
41.29
41.28
41.2827
41.29
41.29
41.29
41.305
41.33
41.34
41.35
41.33
41.3
41.22
41.23
41.25
41.29
41.31
41.255
41.27
41.3
41.3
41.34
41.3462
41.3455
41.34
41.33
41.31
41.3247
41.325
41.275
41.261
41.25
41.2862
41.32
41.3
41.305
41.29
41.29
41.31
41.305
41.31
41.295
41.32
41.314
41.3258
41.3301
41.34
41.335
41.33
41.34
41.34
41.3499
41.339
41.35
41.35
41.35
41.37
41.35
41.347
41.33
41.325
41.31
41.31
41.2667
41.225
41.21
41.2458
41.282
41.325
41.345
41.335
41.35
41.346
41.34
41.34
41.3499
41.34
41.35
41.34
41.325
41.335
41.33
41.34
41.3465
41.37
41.3843
41.365
41.3657
41.37
41.365
41.375
41.37
41.37
41.39
41.3957
41.375
41.39
41.395
41.396
41.407
41.395
41.4
41.4
41.3944
41.41
41.425
41.4138
41.4145
41.4143
41.415
41.4
41.38
41.37
41.3846
41.395
41.37
41.365
41.35
41.345
41.33
41.33
41.335
41.36
41.355
41.34
41.35
41.32
41.345
41.36
41.35
41.35
41.35
41.3449
41.35
41.355
41.335
41.345
41.3245
41.33
41.33
41.3233
41.32
41.31
41.32
41.305
41.32
41.31
41.33
41.3179
41.315
41.3058
41.3124
41.3147
41.33
41.34
41.339
41.33
41.335
41.345
41.3351
41.33
41.335
41.3139
41.33
41.33
41.3203
41.335
41.34
41.3344
41.325
41.325
41.33
41.355
41.335
41.337
41.34
41.36
41.36
41.37
41.3756
41.38
41.37
41.365
41.365
41.3548
41.355
41.3635
41.365
41.37
41.375
41.36
41.3653
41.38
41.375
41.3765
41.38
41.38
41.3785
41.37
41.38
41.38
41.38
41.37
41.375
41.38
41.38
41.38
41.38
41.38
41.3867
41.39
41.3899
41.385
41.385
41.39
41.39
41.381
41.365
41.36
41.36
41.36
41.36
41.36
41.36
41.37
41.38
41.36
41.35
41.35
41.35
41.35
41.36
41.37
41.365
41.369
41.36
41.369
41.3642
41.365
41.38
41.39
41.37
41.36
41.3752
41.3766
41.37
41.38
41.39
41.3858
41.39
41.3849
41.3801
41.3757
41.3747
41.38
41.3765
41.375
41.365
41.39
41.385
41.39
41.39
41.39
41.3842
41.385
41.39
41.3849
41.37
41.38
41.3801
41.395
41.395
41.4
41.3858
41.39
41.3949
41.395
41.395
41.4
41.4
41.3967
41.39
41.3858
41.385
41.38
41.38
41.36
41.36
41.365
41.385
41.39
41.395
41.3893
41.385
41.3831
41.39
41.3867
41.39
41.39
41.37
41.37
41.375
41.38
41.37
41.365
41.3629
41.3634
41.37
41.3659
41.365
41.37
41.37
41.37
41.37
41.36
41.37
41.3501
41.3642
41.35
41.351
41.35
41.36
41.365
41.35
41.37
41.37
41.37
41.36
41.3933
41.39
41.38
41.39
41.385
41.385
41.385
41.38
41.395
41.3915
41.4
41.4
41.394
41.39
41.3835
41.3634
41.375
41.38
41.39
41.37
41.377
41.385
41.3699
41.37
41.3661
41.3644
41.36
41.3601
41.36
41.35
41.3565
41.35
41.355
41.357
41.35
41.3501
41.3657
41.37
41.37
41.37
41.38
41.37
41.38
41.38
41.38
41.375
41.385
41.38
41.383
41.385
41.39
41.38
41.395
41.4
41.39
41.41
41.405
41.405
41.41
41.41
41.405
41.4048
41.405
41.395
41.4
41.405
41.41
41.4
41.4
41.4
41.38
41.39
41.39
41.395
41.4
40.78
40.7814
40.95
40.96
40.94
40.85
40.81
40.8
40.7
40.65
40.64
40.62
40.68
40.69
40.675
40.65
40.65
40.64
40.6
40.71
40.71
40.75
40.75
40.7336
40.74
40.74
40.69
40.6953
40.68
40.685
40.68
40.695
40.74
40.75
40.69
40.68
40.72
40.73
40.81
40.78
40.75
40.745
40.7
40.73
40.735
40.71
40.7
40.73
40.735
40.725
40.71
40.72
40.7257
40.715
40.7
40.7243
40.7
40.7
40.69
40.6861
40.691
40.68
40.7
40.68
40.725
40.7384
40.76
40.77
40.775
40.81
40.795
40.8165
40.825
40.82
40.815
40.8
40.81
40.78
40.7999
40.78
40.8
40.7854
40.78
40.765
40.75
40.7762
40.78
40.8149
40.835
40.845
40.86
40.86
40.8765
40.885
40.885
40.905
40.91
40.909
40.92
40.88
40.89
40.875
40.9
40.891
40.9035
40.903
40.92
40.9101
40.947
40.94
40.91
40.911
40.92
40.95
40.9343
40.95
40.93
40.94
40.92
40.94
40.93
40.9649
40.97
40.961
40.975
40.94
40.949
40.95
40.98
40.97
40.95
40.945
40.94
40.935
40.935
40.94
40.945
40.9352
40.9
40.9299
40.9216
40.919
40.91
40.9101
40.9
40.91
40.92
40.9
40.8961
40.905
40.9
40.905
40.895
40.93
40.93
40.955
40.9575
40.945
40.945
40.945
40.95
40.9378
40.93
40.939
40.94
40.95
40.93
40.92
40.89
40.87
40.86
40.885
40.8799
40.88
40.87
40.8639
40.84
40.835
40.85
40.845
40.86
40.845
40.81
40.805
40.7999
40.815
40.82
40.8
40.81
40.82
40.8098
40.815
40.815
40.85
40.83
40.81
40.805
40.81
40.78
40.7851
40.7957
40.75
40.78
40.78
40.78
40.79
40.775
40.76
40.775
40.76
40.76
40.755
40.735
40.7449
40.755
40.745
40.756
40.7562
40.755
40.7599
40.75
40.75
40.7751
40.79
40.7858
40.8
40.78
40.76
40.785
40.775
40.7781
40.7756
40.77
40.77
40.775
40.77
40.775
40.775
40.7558
40.77
40.76
40.765
40.77
40.77
40.76
40.769
40.765
40.7448
40.765
40.7561
40.77
40.7655
40.76
40.765
40.745
40.7328
40.7456
40.74
40.74
40.725
40.71
40.705
40.7061
40.71
40.71
40.7
40.705
40.71
40.699
40.69
40.6939
40.69
40.66
40.66
40.665
40.679
40.6758
40.6883
40.69
40.665
40.67
40.66
40.6599
40.65
40.64
40.6449
40.64
40.6462
40.6439
40.66
40.6557
40.6563
40.65
40.6568
40.655
40.645
40.65
40.64
40.615
40.621
40.625
40.61
40.619
40.62
40.605
40.615
40.62
40.615
40.6161
40.625
40.62
40.6059
40.605
40.5941
40.58
40.58
40.575
40.58
40.565
40.54
40.54
40.55
40.535
40.52
40.515
40.55
40.545
40.52
40.525
40.4901
40.51
40.53
40.54
40.53
40.58
40.62
40.645
40.64
40.63
40.63
40.63
40.6333
40.62
40.6
40.61
40.615
40.605
40.6
40.59
40.58
40.605
40.6051
40.59
40.59
40.595
40.6
40.605
40.605
40.595
40.6127
40.625
40.6101
40.615
40.64
40.6368
40.62
40.6458
40.65
40.684
40.675
40.66
40.67
40.665
40.635
40.6401
40.65
40.665
40.68
40.675
40.65
40.625
40.625
40.625
40.6
40.61
40.609
40.635
40.64
40.645
40.66
40.67
40.45
40.48
40.545
40.52
40.56
40.57
40.54
40.5835
40.6186
40.61
40.66
40.66
40.69
40.695
40.7
40.66
40.64
40.58
40.58
40.64
40.66
40.735
40.755
40.7663
40.7443
40.7
40.685
40.65
40.685
40.7046
40.675
40.665
40.65
40.63
40.595
40.58
40.5962
40.61
40.625
40.57
40.58
40.62
40.62
40.59
40.605
40.625
40.6248
40.6
40.6099
40.605
40.605
40.6
40.585
40.598
40.595
40.585
40.6035
40.595
40.58
40.5862
40.585
40.5757
40.56
40.5243
40.53
40.53
40.525
40.515
40.51
40.48
40.4664
40.475
40.47
40.455
40.465
40.515
40.495
40.487
40.4801
40.505
40.49
40.53
40.51
40.5
40.48
40.47
40.45
40.44
40.4315
40.445
40.45
40.46
40.46
40.45
40.479
40.49
40.4862
40.5
40.475
40.45
40.45
40.45
40.4701
40.471
40.505
40.54
40.54
40.5465
40.58
40.5747
40.58
40.579
40.58
40.57
40.5649
40.57
40.575
40.58
40.585
40.58
40.59
40.59
40.6
40.5832
40.59
40.592
40.595
40.6
40.605
40.59
40.6
40.6
40.595
40.6
40.59
40.599
40.5933
40.6
40.57
40.5735
40.5801
40.585
40.57
40.57
40.58
40.5749
40.58
40.59
40.5999
40.5999
40.6
40.595
40.6
40.597
40.585
40.58
40.59
40.6
40.6
40.6
40.605
40.6061
40.605
40.6001
40.6
40.59
40.56
40.56
40.555
40.551
40.56
40.565
40.55
40.54
40.55
40.56
40.545
40.555
40.55
40.5546
40.56
40.555
40.5751
40.59
40.6
40.6
40.6001
40.59
40.59
40.59
40.5943
40.5851
40.5851
40.57
40.56
40.56
40.5601
40.5642
40.565
40.56
40.55
40.56
40.585
40.595
40.595
40.59
40.59
40.59
40.58
40.5649
40.56
40.569
40.55
40.56
40.56
40.567
40.585
40.58
40.595
40.595
40.59
40.57
40.57
40.56
40.575
40.5751
40.57
40.575
40.575
40.56
40.555
40.565
40.57
40.5657
40.5765
40.585
40.59
40.58
40.575
40.565
40.55
40.579
40.5701
40.565
40.58
40.57
40.58
40.5858
40.585
40.595
40.595
40.56
40.555
40.56
40.561
40.57
40.58
40.5901
40.61
40.6
40.5954
40.595
40.595
40.61
40.605
40.62
40.61
40.6
40.5958
40.597
40.58
40.58
40.585
40.5985
40.6058
40.6
40.64
40.655
40.665
40.67
40.65
40.64
40.645
40.65
40.64
40.64
40.65
40.66
40.68
40.68
40.675
40.68
40.7
40.7074
40.7
40.7
40.675
40.665
40.64
40.64
40.63
40.6332
40.63
40.6386
40.63
40.63
40.635
40.655
40.655
40.655
40.63
40.635
40.615
40.61
40.62
40.61
40.5915
40.6
40.615
40.6099
40.61
40.63
40.62
40.61
40.6
40.605
40.62
40.635
40.645
40.635
40.635
40.645
40.64
40.6456
40.64
40.66
40.65
40.655
40.65
40.6443
40.6446
40.63
40.635
40.64
40.645
40.6501
40.65
40.655
40.64
40.6232
40.62
40.645
40.645
40.65
40.65
40.65
40.655
40.64
40.655
40.6643
40.675
40.6501
40.66
40.65
40.64
40.645
40.65
40.6452
40.655
40.665
40.665
40.675
40.68
40.7
40.695
40.6998
40.68
40.695
40.695
40.69
40.7
40.72
40.725
40.715
40.72
40.73
40.725
40.73
40.73
40.73
40.735
