248.99
248.5981
248.4514
248.5466
247.84
248.35
249.39
249.4209
249.3318
249.03
249.2
249.37
249.4
248.9304
249.28
249.08
249.3
249.665
250.0
250.01
250.211
250.0
249.43
249.445
249.51
249.69
250.015
250.1822
250.54
249.88
249.565
249.79
249.996
249.8
249.4258
249.07
248.73
249.115
248.97
249.1639
249.297
249.4578
249.61
249.85
249.911
250.35
250.85
251.1594
251.923
251.8236
252.8
252.7
252.729
252.14
252.2
252.34
252.6667
252.4342
251.93
252.295
252.3275
252.2775
251.88
252.1621
252.5
252.76
253.4363
253.5428
254.0
253.32
253.1801
253.2693
253.24
253.3222
253.5355
253.3595
253.1128
253.285
253.0583
253.2374
253.05
253.24
253.5133
253.9499
253.55
253.32
253.505
253.69
254.22
254.0774
254.21
254.19
254.25
253.98
253.74
253.77
253.7592
253.9479
254.071
254.09
253.8891
254.0604
254.0904
254.26
254.084
254.1415
254.376
254.62
254.34
254.67
254.7049
254.57
254.825
254.95
254.965
254.925
254.99
255.519
255.8
255.76
255.5684
255.53
255.34
255.02
254.65
254.17
254.3
254.67
254.34
254.7774
254.83
254.64
254.79
254.72
254.74
254.46
254.37
254.42
254.29
254.23
253.946
253.801
253.85
254.196
254.16
254.096
253.82
254.1306
254.08
253.96
253.75
253.6001
253.69
253.808
253.51
253.2
253.16
253.21
253.13
253.23
253.4164
253.54
253.45
253.4
253.37
253.33
253.3588
253.1938
253.47
253.7
253.6417
253.86
254.0
254.14
254.2248
254.29
254.43
254.41
254.38
254.347
254.265
253.85
253.49
253.65
253.769
253.8
253.78
253.6406
253.6214
253.41
253.4922
253.33
253.3203
253.33
253.27
253.2453
253.3
253.26
253.36
253.39
253.499
253.4196
253.3975
253.39
253.4
253.25
253.255
253.24
253.21
253.49
253.4
253.53
253.44
253.1706
253.05
253.2
253.3
253.29
253.1753
253.14
253.02
252.95
252.79
252.79
252.8703
253.0
253.2
253.2039
253.16
252.8702
252.97
253.12
253.11
253.2374
253.305
253.19
253.235
253.26
253.12
253.22
253.0901
253.25
253.25
253.14
253.24
253.31
253.27
253.1876
253.195
253.235
253.4493
253.3546
253.38
253.2525
253.025
253.115
253.0425
252.85
252.925
252.9107
252.96
253.01
252.9099
252.73
252.8489
252.795
252.8
252.68
252.71
252.66
252.8253
252.95
253.0728
253.14
253.1019
253.04
253.15
253.11
253.155
253.24
253.1891
253.403
253.3045
253.418
253.86
254.035
254.0353
253.89
253.964
253.825
253.815
253.9397
253.87
253.77
253.77
253.7325
253.58
253.07
253.1597
252.72
252.9972
252.71
252.8801
252.78
252.44
252.01
252.37
252.2472
252.1772
252.26
252.15
252.083
252.265
252.1648
252.35
252.2586
252.199
252.294
252.4912
252.47
252.61
252.39
252.1285
252.103
252.045
251.86
251.84
252.0201
252.0443
252.18
252.32
252.29
252.2
252.22
252.15
252.05
252.115
252.18
252.27
252.185
252.23
252.13
252.15
252.39
252.14
252.22
252.24
252.05
252.01
252.2
252.09
252.0378
252.1584
252.0997
252.02
252.02
252.14
251.99
251.97
251.955
252.195
252.045
252.0
252.13
252.1
252.105
252.15
252.05
252.09
252.02
252.03
252.415
252.29
252.21
252.34
252.34
252.3174
252.19
252.03
252.1
252.04
251.995
252.03
252.035
251.95
252.09
252.25
251.9978
252.1499
252.1
251.93
253.04
252.745
251.8175
251.77
252.105
252.42
252.065
252.4775
252.679
252.2
251.59
250.81
251.02
251.61
251.054
251.24
251.7999
251.7288
252.0434
251.865
251.42
251.5363
250.835
250.41
250.67
250.53
249.82
249.28
249.545
249.65
249.82
249.96
249.87
249.91
250.9324
250.8865
251.0189
251.36
251.72
251.8
251.61
251.473
251.63
251.6667
251.74
251.2588
251.69
251.9199
251.51
251.92
251.76
251.75
251.67
250.9085
251.06
251.47
251.4772
251.35
251.43
251.6012
251.0741
251.21
251.2103
251.33
251.3201
251.15
250.78
250.935
250.77
250.66
250.34
250.38
250.78
250.5901
250.92
250.96
250.51
250.7495
250.7175
250.88
251.03
250.73
250.82
250.62
250.61
250.675
250.89
250.75
250.71
250.5
250.18
250.415
250.5353
250.495
250.745
250.98
251.1517
251.305
251.325
251.294
250.9555
250.9125
250.6645
250.895
251.16
251.12
250.82
251.07
251.13
250.74
250.975
250.94
250.99
250.99
251.0343
250.991
250.83
250.62
250.37
250.33
250.08
250.235
250.23
250.14
250.1
249.92
249.87
250.01
250.09
250.08
250.1271
250.1023
249.91
250.065
250.03
250.04
249.99
249.8948
249.64
249.57
249.39
249.5737
249.94
250.09
250.1475
250.08
250.0
250.11
250.24
250.28
250.38
250.37
250.09
250.0741
250.34
250.3137
250.346
250.44
250.31
250.34
250.38
250.57
250.42
250.435
250.45
250.47
250.62
250.5106
250.59
250.4
250.43
250.39
250.409
250.25
250.11
250.13
250.08
249.94
250.25
250.39
250.54
250.4305
250.5
250.2299
250.33
250.4173
250.4
250.3
250.3525
250.23
250.39
250.3379
250.2
250.43
250.1644
250.235
250.26
250.15
250.31
250.23
250.25
250.22
250.0964
250.1572
250.0277
249.9
249.92
250.0
249.99
250.0
250.0453
249.9391
249.85
250.035
250.0982
250.05
250.03
250.0
250.0
250.03
250.01
249.89
249.909
249.88
249.82
249.83
249.93
249.851
250.075
250.24
250.17
250.05
250.15
250.0375
249.97
250.13
249.82
250.0
249.97
249.9505
250.0
250.04
250.0
250.07
250.12
250.13
250.1884
250.125
250.0
250.15
250.08
250.08
250.0725
250.18
250.22
250.27
250.2
250.3238
250.1
250.15
250.0251
250.235
250.3
250.22
250.13
249.88
249.84
249.95
249.97
250.02
250.245
250.07
249.88
250.11
250.31
250.19
250.47
250.67
250.7912
250.99
251.285
251.32
251.5
251.34
251.3
251.19
251.26
251.25
251.07
250.92
251.01
251.02
251.14
250.851
250.82
250.61
250.54
250.785
250.7
250.54
250.58
250.53
250.29
250.33
250.0
250.0
250.15
250.33
250.55
250.1
250.0047
250.3176
250.26
250.31
250.12
250.15
250.345
250.22
250.22
250.14
249.96
250.05
250.0
249.87
250.0
249.96
249.81
249.97
249.932
249.97
249.75
249.91
249.54
249.84
249.83
249.83
249.83
249.63
249.46
249.46
249.66
249.71
249.6
249.7
249.54
249.8
249.81
249.9
249.86
249.77
249.869
249.55
249.65
249.56
249.49
249.53
249.7
249.61
249.62
249.48
249.7
249.66
249.48
249.75
249.78
249.931
249.89
249.55
249.79
249.56
249.62
249.47
249.74
249.71
249.8615
249.875
249.76
249.55
249.62
249.61
249.59
249.44
249.44
249.08
249.43
249.315
249.52
249.36
249.42
249.24
248.0
248.25
247.8944
248.71
247.98
248.002
248.2845
248.25
248.4999
248.18
248.86
249.44
249.3812
249.22
249.3
249.2322
249.4
248.8453
248.367
248.64
249.0
248.7628
248.4664
248.31
248.46
248.4503
248.4
248.625
249.1
249.2
249.08
249.03
249.1843
249.125
249.205
249.02
249.4
249.291
249.74
250.4223
250.77
250.725
250.2701
250.1753
250.73
250.7341
250.5817
250.52
250.57
250.37
249.964
249.6996
249.45
249.15
249.4264
249.7078
249.54
249.56
249.8
249.8878
249.86
249.95
250.0
249.95
250.0
250.32
250.2153
250.59
250.46
250.17
250.24
250.23
250.086
250.338
250.3
250.56
250.3945
250.2553
250.45
250.25
250.42
250.251
250.305
250.2
250.3
250.3
250.3
250.3758
250.37
250.57
251.4628
251.3001
251.25
251.285
251.24
250.9351
250.94
250.83
250.92
250.9
250.8188
250.74
251.16
251.19
250.9549
250.93
250.85
250.9
251.12
251.0201
251.4
251.15
251.1
251.22
251.31
251.6
251.47
251.56
251.805
251.85
251.8
251.76
251.5549
251.78
251.5
251.59
251.63
251.4801
251.55
251.79
251.8216
251.76
251.82
252.04
251.9759
251.8713
251.88
251.84
251.9
252.015
251.9094
252.1
251.8
251.76
251.83
251.7
251.6201
251.345
251.2582
251.08
251.3254
251.4028
251.449
251.48
251.71
251.77
251.78
251.8717
251.99
251.9637
251.696
251.56
251.5934
251.7286
251.8973
251.85
251.65
251.82
251.6044
251.61
251.65
251.39
251.59
251.5075
251.71
251.67
251.72
251.65
251.74
251.7064
251.68
251.67
251.52
251.45
251.59
251.7
251.59
251.7
251.899
251.867
251.813
251.91
252.0
251.905
252.01
252.14
252.42
252.2
252.266
252.269
251.955
252.0623
252.13
252.06
251.9
252.08
252.24
252.065
252.135
251.9167
251.745
251.7606
251.541
251.575
251.58
251.69
251.86
251.9
251.9
251.85
251.97
251.84
251.82
251.9
251.936
251.822
251.78
251.88
251.83
251.999
251.94
252.0
252.0
252.1
252.01
251.67
251.862
251.979
251.804
251.9
251.7
251.81
251.82
251.82
251.66
251.6
251.5431
251.4619
251.31
251.39
251.3566
251.6095
251.6728
251.6
251.75
251.87
251.98
251.87
251.81
251.7
251.62
251.62
251.7298
251.7001
251.75
251.72
251.4877
251.57
251.55
251.6048
251.56
251.4
251.495
251.64
251.63
251.69
251.64
251.76
251.61
251.78
251.715
251.62
251.73
251.72
251.89
251.79
251.67
251.7
251.76
251.56
251.64
251.51
251.45
251.53
251.411
251.46
251.3211
251.35
251.15
251.185
251.06
250.86
251.01
251.17
251.16
251.2
251.2
251.28
251.45
251.6
251.71
251.72
251.765
251.4514
251.53
251.46
251.4128
251.34
251.34
251.03
250.8
250.92
250.98
251.17
251.26
251.14
251.23
251.24
251.17
251.245
251.29
251.0201
251.17
251.16
251.05
251.2
251.265
251.36
251.4
251.33
251.285
251.47
251.4876
251.5
251.555
251.5
251.3
251.26
251.1819
251.21
251.05
251.1
251.09
251.22
251.24
251.22
251.2128
251.19
251.2696
251.344
251.5
251.4647
251.55
251.6992
251.6441
251.5829
251.43
251.53
251.43
251.34
251.35
251.25
251.37
251.4303
251.5
251.39
251.5259
251.47
251.44
251.51
251.61
251.67
251.54
251.52
251.52
251.55
251.42
251.47
251.48
251.46
251.55
251.91
250.5
250.6
250.38
250.5597
250.0184
250.5297
250.6
250.5416
250.02
250.43
250.318
250.2072
250.4801
250.3643
250.555
250.7797
250.95
251.555
251.1
251.1585
251.14
251.11
251.3
251.43
251.56
251.65
251.39
251.165
251.2876
251.1049
251.1339
251.3939
251.1908
251.19
250.645
250.695
251.1
251.2
250.827
250.77
250.789
250.9
251.0
250.92
250.76
250.76
251.03
250.88
250.695
251.035
250.909
251.165
251.24
251.1955
251.23
251.7
251.4867
251.3216
251.14
250.92
251.07
251.15
251.195
251.3
251.26
251.255
251.28
251.36
251.4001
251.38
251.56
251.7051
251.8
251.51
251.78
251.7647
251.656
251.689
251.66
251.7
251.555
251.345
251.52
251.4101
251.41
251.49
251.225
251.51
251.41
251.37
251.47
251.59
251.5244
251.69
251.67
251.5601
251.6
251.4601
251.45
251.38
251.37
251.29
251.32
251.38
251.3
251.387
251.28
251.27
251.1
251.134
251.225
250.94
250.69
250.9061
250.92
250.9275
251.08
250.9981
251.12
251.07
251.06
250.925
250.94
250.99
250.925
250.98
250.95
251.24
251.18
251.14
251.0
250.9
250.895
250.8
250.95
250.97
250.925
250.9454
250.95
250.95
251.16
251.08
251.0389
251.01
250.95
251.09
250.96
251.0
251.03
251.0415
251.0
251.125
251.1538
251.125
251.0998
251.095
251.07
251.06
251.1
251.06
251.07
251.005
251.08
251.08
251.19
251.18
251.2
251.25
251.33
251.22
251.28
251.3104
251.37
251.14
251.03
250.96
251.0572
251.24
251.14
251.0801
251.11
251.2
251.2371
251.12
251.23
251.0991
251.17
251.13
251.22
251.21
251.1888
251.08
251.24
251.295
251.32
251.2185
251.2634
251.34
251.36
251.4
251.23
251.29
251.27
251.28
251.33
251.135
251.15
251.3
251.18
251.16
251.1499
251.27
251.21
251.16
251.135
251.3
251.12
251.13
251.16
251.0731
251.12
251.31
251.285
251.21
251.17
251.2625
251.29
251.215
251.385
251.4413
251.46
251.3297
251.3
251.305
251.3472
251.37
251.31
251.38
251.31
251.3114
251.32
251.33
251.2501
251.36
251.3075
251.15
251.196
251.26
251.31
251.2836
251.26
251.1206
251.23
251.2978
251.25
251.23
251.1678
251.22
251.24
251.25
251.33
251.2828
251.36
251.31
251.335
251.32
251.27
251.261
251.19
251.31
251.42
251.31
251.45
251.44
251.45
251.525
251.74
251.77
251.69
251.65
251.39
251.39
251.28
251.39
251.4072
251.39
251.33
251.33
251.3922
251.44
251.31
251.42
251.4275
251.31
251.41
251.32
251.44
251.3881
251.12
251.074
251.0888
251.11
251.32
251.3
251.31
251.25
251.26
251.26
251.33
251.3878
251.2649
251.3697
251.42
251.3101
251.31
251.33
251.3091
251.17
251.27
251.28
251.32
251.1701
251.33
251.29
251.33
251.4
251.33
251.36
251.3
251.43
251.3661
251.265
251.35
251.33
251.41
251.36
251.37
251.23
251.12
251.24
251.23
251.32
251.2401
251.27
251.25
251.225
251.2492
251.3
251.32
251.04
251.0935
251.02
251.12
251.0301
250.98
250.955
251.0
250.97
251.07
251.03
251.09
251.095
251.075
251.11
251.135
251.24
251.22
251.0472
251.08
251.1301
251.18
251.25
251.29
251.39
251.2927
251.1425
251.1553
251.29
251.31
251.4
251.3299
251.4
251.27
251.38
251.26
251.21
251.33
250.85
251.7
251.62
251.386
251.6694
251.97
252.59
252.17
252.11
252.5022
253.3
253.33
253.4104
253.2618
253.0
252.5
253.0
252.86
253.29
253.39
253.495
253.825
253.55
253.1471
253.2853
253.09
253.04
253.1095
253.2723
253.05
252.75
252.8472
252.5603
252.77
252.75
253.12
252.86
252.86
252.59
252.21
252.55
252.34
252.43
252.155
252.3725
252.19
252.2287
252.3013
252.3
252.32
252.2126
252.0701
252.17
252.1789
252.07
251.99
251.97
252.31
252.18
252.03
252.32
252.2791
252.59
252.4265
252.495
252.636
252.81
252.6
252.722
252.79
252.6831
252.8
252.7356
253.0
253.24
253.09
253.0588
253.199
253.4
253.295
253.0
253.53
253.2999
253.17
253.11
253.1637
253.1722
253.252
253.3228
253.25
253.1262
253.125
253.33
253.37
253.49
253.47
253.39
253.6
253.63
253.65
253.81
253.83
253.76
253.9006
253.845
253.615
253.6
253.96
253.88
253.92
253.88
253.785
253.79
253.735
253.411
253.45
253.45
253.755
253.83
253.7493
253.79
253.72
253.6751
253.8561
253.8
253.9499
253.835
253.82
254.1
254.0803
254.16
254.1
254.0462
253.885
253.97
253.9
253.655
253.73
253.56
253.65
253.46
253.69
253.85
253.565
253.58
253.57
253.62
253.49
253.66
253.47
253.405
253.45
253.52
253.49
253.55
253.61
253.51
253.63
253.61
253.585
253.66
253.67
253.74
253.5774
253.58
253.77
253.76
253.71
253.827
253.85
253.96
253.87
253.76
253.81
253.67
253.79
253.91
253.97
253.89
253.76
253.93
253.91
253.9
253.925
253.98
253.8838
254.0
254.06
254.04
254.12
254.11
254.33
254.4174
254.41
254.31
254.5
254.37
254.43
254.532
254.598
254.6
254.7128
254.5338
254.47
254.5467
254.35
254.2163
254.19
254.101
254.325
254.26
254.26
254.45
254.4225
254.35
254.43
254.2405
254.295
254.4607
254.35
254.41
254.3
254.36
254.45
254.42
254.34
254.43
254.3976
254.2382
254.29
254.315
254.59
254.61
254.64
254.605
254.685
254.66
254.6942
254.702
254.75
254.72
254.7725
254.8
254.93
254.84
254.83
254.76
254.76
254.88
254.83
254.9
254.95
255.19
255.3387
255.4047
255.42
255.36
255.36
255.46
255.646
255.65
255.72
255.77
255.9
255.87
255.72
255.85
255.61
255.78
255.773
255.865
255.92
256.107
256.07
256.15
256.16
256.21
256.32
256.1
256.1
256.05
255.87
255.88
255.86
255.7046
255.8
255.885
255.85
255.9724
255.85
255.92
255.8035
255.91
255.79
255.879
255.6326
255.88
255.99
255.91
256.004
255.92
255.9
255.86
255.91
256.0269
256.19
256.0
256.1096
256.07
256.0
256.07
256.11
256.076
256.0
256.0
256.1
256.17
256.06
255.9776
255.71
255.935
255.955
255.86
256.0
255.99
256.0
256.0
255.9899
256.169
255.92
255.8843
256.001
255.8486
255.8
255.87
255.8
255.875
255.91
256.0
256.041
256.13
256.095
256.11
256.1499
255.975
255.91
256.15
256.1632
256.158
256.266
256.5
256.51
256.5
256.61
256.65
256.695
256.875
256.94
256.76
256.88
256.77
256.89
257.0
257.0701
256.9852
256.74
256.77
256.701
256.76
256.83
256.83
256.84
256.94
256.95
256.85
256.89
256.775
256.82
256.76
256.79
256.9336
256.85
256.765
256.81
256.94
257.36
257.45
257.65
257.7
257.55
257.77
258.145
258.0
257.245
257.16
257.67
258.1
257.34
257.5
258.4122
258.79
259.37
259.3475
259.56
259.05
259.285
259.9999
259.9
259.94
259.8983
259.6453
259.43
259.73
259.7
259.72
259.39
259.245
258.7
258.995
259.19
259.355
259.42
259.18
258.91
259.2287
259.36
259.37
259.12
258.9147
259.05
258.9478
258.57
258.74
258.39
257.92
258.03
257.99
257.495
257.56
257.41
257.22
257.17
257.41
257.59
257.84
257.7122
257.63
257.635
257.4329
257.121
257.37
257.3156
257.23
257.4682
257.61
257.59
257.2605
257.3528
257.5
257.7233
257.92
257.9
258.15
258.27
258.4052
258.3064
258.48
258.2673
258.15
258.2986
258.33
258.11
258.02
257.81
258.17
257.96
257.94
257.7744
257.84
257.9205
258.06
258.22
258.331
258.27
258.0444
258.2
258.26
258.3411
258.22
258.26
258.03
258.29
258.39
258.11
258.0
258.07
258.14
257.9525
258.14
258.0801
258.15
258.02
257.8534
257.56
257.66
257.29
257.3
257.27
257.21
257.4
257.32
257.33
257.28
257.22
256.9
256.95
257.0371
256.8478
257.17
256.91
257.028
257.05
256.9822
257.0914
257.0368
257.1198
257.06
257.0575
257.13
257.14
257.3192
257.34
257.504
257.761
257.79
257.81
258.0267
257.8847
257.75
257.62
257.613
257.88
257.79
257.89
258.0478
257.92
257.89
257.81
257.75
257.7
257.71
257.73
258.06
258.01
257.99
258.08
258.1027
258.29
258.2025
258.085
258.0
258.08
258.06
258.1175
257.98
258.08
258.17
258.275
258.08
258.1
258.09
258.24
258.2533
258.13
258.11
258.12
258.195
258.12
257.93
257.82
257.99
257.94
257.81
257.8425
257.8109
257.8
257.75
257.7
257.59
257.63
257.65
257.59
257.4908
257.5496
257.7
257.48
257.5911
257.5009
257.38
257.47
257.56
257.58
257.386
257.4155
257.42
257.37
257.12
257.24
257.19
257.16
257.0559
257.0198
257.29
257.13
257.37
257.36
257.19
257.205
257.09
257.42
257.3
257.3218
257.35
257.2
257.08
257.3
257.13
257.6
257.4213
257.45
257.45
257.4
257.32
257.23
257.2694
257.41
257.2
257.1
257.07
257.03
257.0
257.18
257.25
257.27
257.429
257.31
257.36
257.48
257.39
257.46
257.38
257.53
257.46
257.45
257.65
257.45
257.47
257.35
257.44
257.52
257.8823
257.7945
257.94
257.8824
257.9912
258.26
258.1587
258.09
258.07
258.12
258.03
258.069
258.11
257.93
258.17
258.0807
258.16
258.04
258.03
258.0
257.94
257.87
257.87
257.77
257.63
257.61
257.67
257.67
257.729
257.6
257.71
257.65
257.6
257.81
257.62
257.54
257.66
257.6
257.51
257.61
257.64
257.56
257.55
257.6776
257.6062
257.62
257.54
257.4447
257.4603
257.37
257.44
257.52
257.36
257.5
257.45
257.48
257.5
257.4969
257.43
257.59
257.5
257.69
257.63
257.78
257.8624
257.8976
257.83
257.91
257.8
257.96
257.79
257.7784
257.7
257.66
257.59
257.67
257.5631
257.56
257.5546
257.645
257.6078
257.55
257.58
257.64
257.4
257.33
257.31
257.409
257.21
257.12
257.05
257.11
257.09
257.11
257.15
257.05
257.05
257.0
256.859
256.88
256.886
257.0252
257.2
257.3
257.4161
257.37
257.36
257.245
257.06
257.12
257.12
257.17
257.34
257.13
257.16
257.134
257.25
257.22
257.29
257.355
257.2399
257.48
257.19
256.692
256.47
256.62
256.5079
256.8076
257.2853
257.64
257.57
258.264
257.52
257.96
257.99
258.3
258.203
258.73
258.83
258.4975
258.48
258.1771
257.522
256.87
257.03
257.1911
257.33
257.34
257.54
257.435
257.73
257.3808
257.64
257.2
257.5
257.34
257.385
257.57
257.5227
257.59
257.62
257.56
257.4275
257.9
257.7111
257.7
257.75
257.89
257.64
257.55
257.7175
257.7597
257.85
257.91
257.702
257.804
257.81
258.05
258.12
258.19
258.37
258.5
258.41
258.3515
258.1454
258.255
258.2611
258.2303
258.3
258.4176
258.745
259.0
259.39
259.38
259.54
259.69
259.77
259.8
259.74
259.74
259.7445
259.71
259.38
259.6997
259.83
259.88
259.9275
260.31
260.515
260.354
260.48
260.4753
260.82
260.83
260.92
261.31
261.33
261.2
261.23
261.44
261.65
261.35
260.9667
260.7
260.76
260.76
260.75
260.94
261.28
261.59
261.5
261.41
261.27
261.12
261.0
261.1813
260.81
261.07
261.04
260.97
261.13
261.03
260.7655
260.662
260.7198
260.91
260.93
260.76
260.8651
260.88
260.63
260.76
260.85
260.7
260.575
260.72
260.7901
260.57
260.66
260.86
261.032
261.3
261.28
261.141
261.2021
261.32
261.3112
261.4
261.58
261.5447
261.3097
261.31
261.39
261.47
261.45
261.48
261.39
261.45
261.38
261.3755
261.37
261.22
261.22
261.32
261.46
261.56
261.66
261.7
261.9
262.0
261.94
261.819
261.9393
261.81
261.73
261.46
261.68
261.63
261.7467
261.6
261.2651
261.42
261.17
261.2783
261.31
261.22
260.96
261.09
261.2184
261.14
261.14
261.32
261.15
261.185
261.0
260.87
260.76
260.9925
261.2499
261.38
261.32
261.4266
261.3278
261.47
261.55
261.41
261.3
261.34
261.3597
261.45
261.4246
261.32
261.4
261.41
261.47
261.7127
261.87
262.16
262.26
262.095
261.8
261.75
261.63
261.7324
261.7701
261.77
261.73
261.8
261.9
262.0961
262.1575
262.019
261.98
262.24
262.2
262.2
262.09
261.89
262.13
262.03
262.05
262.1079
262.24
262.16
262.1585
262.0
261.9
261.87
262.075
262.1
261.851
261.98
261.99
262.01
262.01
261.8688
261.93
261.824
261.96
261.9
262.15
262.25
262.275
262.38
262.57
262.43
262.52
262.37
262.4956
262.53
262.51
262.7748
262.895
262.89
262.89
262.82
262.895
262.855
262.69
262.7629
262.815
262.92
262.873
263.03
263.1
263.09
262.9103
262.95
263.044
262.95
262.99
262.9124
262.9107
262.93
263.1075
262.9301
262.93
262.82
263.0
262.93
262.99
262.9
262.87
262.93
262.9598
262.97
262.98
263.09
263.0
262.96
262.99
263.02
262.9398
263.0245
263.13
263.095
263.2
263.0592
263.19
263.3
263.06
262.856
262.9984
263.12
263.1025
263.19
263.25
263.17
263.1185
263.16
263.25
263.16
263.198
263.15
263.2
263.093
263.07
263.13
263.12
263.1676
263.23
263.2
263.19
263.1296
263.0947
263.07
263.0926
262.95
262.9664
262.9295
262.66
262.59
262.75
262.55
262.37
262.45
262.49
262.577
262.48
262.71
262.71
262.58
262.63
262.45
262.38
262.27
261.9175
261.59
261.81
261.57
261.66
261.72
261.68
261.57
261.6212
261.47
261.2
261.27
261.54
261.85
261.98
261.755
261.92
262.02
262.09
262.67
262.3
262.3602
261.91
261.94
262.42
262.121
262.08
266.32
268.075
267.7
269.1485
269.43
269.2644
268.83
270.605
270.2725
270.56
270.8068
270.54
270.285
270.56
269.94
269.09
270.02
270.133
269.95
270.07
269.7403
270.0
269.93
269.69
269.33
268.141
268.3292
267.65
268.4088
269.0
269.64
268.95
269.12
268.595
268.4583
268.795
268.93
269.0799
269.17
269.22
269.65
269.625
269.186
269.2532
269.12
268.98
269.0016
269.13
269.08
268.79
268.88
268.81
268.75
269.21
268.755
268.78
268.7823
268.88
268.41
268.29
268.54
268.3
268.6287
268.56
268.11
267.835
267.89
267.54
267.25
267.3376
267.55
267.58
267.21
267.0
267.3254
267.4
268.02
268.3275
267.7902
267.7275
267.49
267.75
268.3
268.23
268.32
268.4199
268.1697
268.4798
269.015
268.7975
269.125
269.01
269.1136
268.815
268.53
268.61
268.6396
268.8
269.025
268.728
268.722
268.87
268.94
268.9884
268.78
268.645
268.825
268.65
268.38
268.72
268.65
268.41
268.17
268.0017
268.0959
268.19
267.94
267.805
267.74
267.99
267.81
267.85
268.07
268.1
268.05
267.9459
268.12
268.44
268.65
268.56
268.83
268.9819
269.05
268.8416
268.8783
268.75
268.7
268.4254
268.44
268.28
268.21
268.1
268.08
268.04
268.1
268.15
268.37
268.17
268.37
268.46
269.0
268.92
268.91
268.9445
268.5245
268.7
268.74
268.46
268.47
268.45
268.36
268.4
268.5543
268.6215
268.74
268.79
268.95
268.83
268.77
268.611
268.7813
268.8
268.8999
269.0
269.03
268.955
269.04
269.13
269.1155
268.901
268.8882
268.95
268.75
268.8
269.06
268.83
268.8
268.909
268.8
268.76
268.92
268.78
268.8228
268.84
268.85
268.8788
268.938
268.9724
268.97
268.99
268.93
268.95
268.93
268.83
269.0
268.99
269.07
268.93
268.92
269.049
268.94
268.845
268.76
268.66
268.75
269.05
268.9883
268.97
269.2245
269.0575
269.1503
268.97
268.871
268.8844
268.99
269.0027
269.0
269.0743
268.95
269.0177
268.94
269.01
268.99
268.98
268.92
268.98
268.9979
268.9417
269.0
269.095
269.04
269.08
269.005
269.05
269.01
269.065
269.07
269.05
268.98
268.9706
269.05
268.93
268.9977
268.969
269.1
268.962
268.965
269.0
268.812
268.8923
269.02
269.0798
269.18
269.4031
269.67
269.55
269.61
269.695
269.8
270.02
270.1
270.0
270.05
270.18
270.125
269.96
269.89
270.04
269.92
269.7847
270.075
270.105
270.22
270.3
270.34
270.369
270.25
270.6
270.56
270.36
270.28
270.54
270.8
270.94
270.862
270.85
270.98
270.7986
270.57
270.8
270.7196
270.81
270.33
270.18
270.26
270.0186
270.2
270.35
270.4
270.445
270.37
270.23
270.16
269.44
268.8668
269.3325
269.3818
269.425
269.37
269.3232
269.27
269.015
269.3624
269.49
269.5072
269.54
269.5426
269.16
269.2647
269.37
268.93
268.805
268.71
268.66
268.8603
269.269
269.1
269.2
269.1831
269.21
269.27
269.4273
269.175
269.315
269.41
269.45
269.16
269.07
268.945
268.63
268.7495
268.76
269.1
269.0
269.0
268.91
269.005
269.01
268.98
269.0397
269.1022
268.95
268.745
268.71
268.725
268.76
269.038
268.77
268.77
269.02
268.9
268.94
269.0
269.0
269.1
269.01
269.125
269.14
268.87
269.1261
269.21
269.3925
269.53
269.04
269.14
269.13
269.21
269.15
269.04
269.0
269.2
269.79
269.2
269.19
268.77
268.92
268.17
267.5153
266.89
266.6938
266.5101
266.47
267.42
267.56
267.0
266.8397
267.52
267.25
267.21
266.89
266.85
266.85
267.1701
267.31
267.22
267.35
267.44
266.8
266.8201
267.175
267.31
267.32
267.58
267.695
267.6639
267.78
268.215
267.98
267.8151
268.08
268.38
268.75
268.9775
268.79
269.66
269.65
269.67
269.84
269.77
269.81
269.84
269.73
269.5
269.46
269.7099
269.8
269.82
270.41
270.18
270.59
270.2328
270.56
270.29
270.39
270.43
270.598
270.46
270.3125
270.33
270.1146
270.39
270.355
270.1144
270.09
270.32
270.2625
270.175
270.3016
270.32
270.32
270.45
270.74
270.64
270.77
270.8905
270.82
270.52
270.3
269.54
269.7731
269.97
270.08
270.127
270.175
270.295
269.927
269.8798
269.88
269.97
269.97
269.9388
269.66
269.625
269.5925
269.53
269.68
269.703
269.793
269.76
269.8999
270.02
270.01
270.011
269.86
269.82
269.8184
269.79
269.61
269.66
269.47
269.28
269.29
269.25
269.0
268.77
268.96
268.77
269.07
269.3739
269.22
269.3276
269.45
269.51
269.52
269.5528
269.74
269.86
269.98
270.055
270.06
270.33
270.1657
270.225
270.19
270.07
269.7713
269.92
269.84
269.74
269.838
269.72
269.71
269.53
269.3166
269.4142
269.34
269.4897
269.7796
269.67
269.83
269.75
269.75
269.82
269.74
269.85
269.85
269.83
269.83
269.85
269.61
269.6128
269.7975
269.7848
269.57
269.4
269.3266
269.4
269.475
269.64
269.8
269.72
269.735
269.69
269.9
269.79
269.88
269.6093
269.76
269.82
269.88
269.94
269.7969
269.7362
269.84
269.847
269.82
269.78
269.83
269.86
269.88
269.92
269.9347
269.8
269.8914
269.86
269.94
269.84
269.9
270.1
270.25
269.93
269.9173
269.71
269.8
269.87
269.96
270.11
270.015
270.0
269.91
270.03
269.9616
270.01
270.08
269.945
269.91
270.01
269.885
270.06
270.05
270.115
270.08
270.0815
270.063
269.97
270.1
270.1032
270.07
269.98
270.06
270.0954
270.16
270.09
270.16
270.135
269.975
269.76
269.84
269.83
269.79
269.8011
269.82
269.68
269.7
269.715
269.71
269.62
269.6
269.6
269.78
269.76
269.92
269.8873
269.83
269.69
269.65
269.46
269.57
269.62
269.58
269.64
269.53
269.68
269.653
269.45
269.57
269.45
269.17
269.439
269.371
269.29
269.36
269.34
268.93
268.97
269.0897
268.99
269.0392
269.08
269.165
269.12
269.24
269.25
269.23
269.25
269.16
269.18
269.19
269.165
269.03
269.07
269.04
269.08
269.0
269.12
269.17
269.22
269.1959
269.17
269.09
269.04
268.93
269.0
269.03
268.99
268.88
269.1
269.01
269.11
269.08
269.07
269.1
269.0
268.9868
268.99
269.05
269.0
269.03
269.24
269.43
269.4042
269.4172
269.38
269.3653
269.4114
269.4275
269.45
269.4047
269.46
269.26
269.341
269.4
269.3
269.38
269.3335
269.18
269.19
269.0763
268.99
268.97
269.0622
269.074
269.24
269.24
269.194
269.1
269.1
269.19
269.15
269.2919
269.31
269.37
269.35
269.37
269.38
269.23
269.12
269.15
269.27
269.21
269.22
269.19
269.1797
269.12
269.19
269.23
269.27
269.29
269.32
269.28
269.24
269.36
269.38
269.4008
269.38
269.351
269.35
269.4
269.26
269.25
269.24
269.23
270.7
271.47
272.77
274.12
273.75
274.295
274.7482
274.0893
273.8
274.81
274.2305
274.0
274.395
274.5747
274.76
276.0953
276.292
275.89
275.779
275.525
276.0
276.46
276.98
276.71
276.975
276.39
277.4
276.63
276.2
276.5723
276.91
277.116
277.49
277.51
277.44
277.5227
277.7
277.26
276.67
276.6768
276.77
276.58
276.11
276.8
277.37
277.84
277.58
277.675
278.0756
278.4
277.71
277.76
277.85
277.3227
277.53
277.895
277.8334
277.17
277.6735
277.599
277.77
277.66
277.39
277.36
277.4
277.54
277.4898
277.225
276.88
277.0244
277.099
276.9
276.81
276.8
276.96
276.8728
277.19
277.09
276.8635
276.94
277.2103
277.3
277.5253
277.6264
277.665
277.8699
277.57
277.75
277.25
277.355
277.487
277.5
277.591
277.5297
277.65
277.6775
277.6701
277.51
277.57
277.49
277.4816
277.69
277.4002
277.4
277.555
277.3859
278.08
278.5
278.56
278.63
278.52
278.6436
278.5
278.76
278.89
279.0353
279.2448
278.89
279.1658
278.86
278.81
279.1779
279.162
279.382
279.405
279.73
279.77
279.83
279.845
279.9075
280.1493
280.28
280.47
280.25
280.42
279.96
279.85
279.7152
279.5
279.7857
279.595
279.71
279.64
279.68
279.67
279.403
279.6928
279.76
279.95
280.09
280.01
280.37
280.3
280.03
279.7784
279.6
279.0975
279.2
279.2069
