5.0
4.9
4.825
4.8
4.8
4.8347
4.7571
4.8
4.75
4.7999
4.75
4.75
4.75
4.75
4.7999
4.8
4.8
4.8
4.8
4.8205
4.8
4.8
4.8
4.8
4.8
4.8
4.8
4.8001
4.8315
4.8
4.825
4.85
4.825
4.825
4.8492
4.85
4.849
4.85
4.85
4.85
4.8747
4.85
4.8501
4.8947
4.85
4.85
4.85
4.85
4.85
4.85
4.85
4.85
4.8
4.816
4.8101
4.8
4.825
4.805
4.8143
4.825
4.825
4.825
4.8
4.8001
4.8
4.8
4.85
4.825
4.85
4.8
4.85
4.8
4.825
4.8428
4.8
4.8
4.825
4.825
4.825
4.825
4.825
4.85
4.825
4.8
4.85
4.8
4.85
4.825
4.8
4.8
4.825
4.8
4.8
4.8001
4.825
4.825
4.8
4.85
4.8
4.836
4.8
4.8
4.8
4.8
4.825
4.825
4.8
4.8001
4.825
4.8
4.8
4.825
4.8
4.825
4.825
4.8452
4.825
4.8
4.825
4.825
4.8
4.825
4.825
4.825
4.8
4.825
4.825
4.8482
4.8
4.825
4.825
4.825
4.8
4.85
4.8
4.8
4.825
4.8
4.8
4.8
4.8
4.775
4.75
4.75
4.775
4.775
4.775
4.775
4.75
4.7999
4.7805
4.8
4.75
4.75
4.75
4.775
4.8
4.775
4.775
4.775
4.75
4.775
4.775
4.7748
4.775
4.75
4.8
4.775
4.8
4.8
4.8
4.775
4.8
4.75
4.775
4.775
4.75
4.75
4.775
4.775
4.75
4.775
4.775
4.75
4.775
4.775
4.75
4.7625
4.75
4.75
4.75
4.775
4.775
4.775
4.775
4.75
4.775
4.75
4.75
4.75
4.775
4.75
4.755
4.75
4.75
4.775
4.75
4.75
4.775
4.775
4.775
4.775
4.775
4.75
4.75
4.775
4.75
4.75
4.75
4.775
4.75
4.7999
4.75
4.75
4.75
4.75
4.75
4.75
4.75
4.775
4.775
4.75
4.75
4.775
4.775
4.75
4.775
4.75
4.75
4.775
4.775
4.75
4.75
4.775
4.775
4.75
4.775
4.75
4.75
4.8
4.75
4.8
4.775
4.75
4.775
4.75
4.75
4.75
4.75
4.75
4.75
4.75
4.75
