0.5482
0.54
0.5375
0.5375
0.5365
0.537
0.53
0.5301
0.53
0.5326
0.535
0.5326
0.535
0.5326
0.5338
0.5326
0.53
0.5301
0.5302
0.5325
0.5301
0.5302
0.5302
0.5302
0.531
0.5305
0.5305
0.5306
0.5306
0.5305
0.5308
0.5307
0.5329
0.5329
0.5329
0.5329
0.5329
0.5318
0.5309
0.5303
0.5304
0.5303
0.5302
0.5304
0.5302
0.5302
0.5303
0.5318
0.5302
0.5307
0.5302
0.5303
0.5302
0.5302
0.5302
0.5303
0.5302
0.5302
0.5302
0.5302
0.53
0.5301
0.53
0.5297
0.5297
0.526
0.524
0.5241
0.5252
0.525
0.525
0.525
0.5256
0.5251
0.5251
0.525
0.525
0.525
0.525
0.525
0.5251
0.525
0.525
0.525
0.5225
0.5225
0.5225
0.5216
0.521
0.521
0.5201
0.52
0.5202
0.5202
0.5202
0.5202
0.52
0.52
0.52
0.52
0.52
0.52
0.52
0.52
0.52
0.52
0.52
0.52
0.5201
0.52
0.5201
0.5223
0.5206
0.5206
0.5202
0.5202
0.5202
0.5202
0.5202
0.5221
0.521
0.5228
0.5222
0.522
0.522
0.5222
0.5222
0.5221
0.5249
0.5293
0.5292
0.5317
0.5321
0.5321
0.5325
0.528
0.5255
0.5236
0.522
0.522
0.5221
0.5221
0.5221
0.5221
0.522
0.5219
0.5213
0.5214
0.5214
0.5213
0.5214
0.5213
0.5224
0.524
0.5265
0.525
0.5297
0.5252
0.5251
0.5251
0.5251
0.5251
0.525
0.5252
0.522
0.5231
0.5231
0.5231
0.522
0.5221
0.5221
0.5221
0.5221
0.5221
0.525
0.525
0.523
0.525
0.5231
0.5221
0.5222
0.522
0.5221
0.522
0.5221
0.522
0.522
0.5218
0.5219
0.5218
0.5213
0.5212
0.5212
0.5212
0.5213
0.5213
0.5212
0.522
0.522
0.5225
0.522
0.522
0.522
0.522
0.5222
0.522
0.522
0.5219
0.522
0.523
0.523
0.5232
0.5231
0.5231
0.5231
0.5231
0.523
0.5231
0.5231
0.523
0.523
0.523
0.523
0.523
0.5219
0.5219
0.522
0.5219
0.5215
0.5213
0.5215
0.5213
0.5214
0.5212
0.5212
0.5212
0.5211
0.5211
0.5212
0.521
0.521
0.521
0.521
0.521
0.521
0.521
0.521
0.5211
0.521
0.5208
0.5208
0.5209
0.5208
0.5208
0.5214
0.5211
0.5214
0.5212
0.5214
0.5213
0.5212
0.5213
0.5213
0.5205
0.5226
0.5226
0.5221
0.523
0.521
0.521
0.5211
0.5211
0.5212
0.521
0.521
0.5212
0.5211
0.5239
0.521
0.521
0.521
0.521
0.521
0.5211
0.521
0.5211
0.521
0.521
0.521
0.5211
0.5213
0.521
0.5212
0.5213
0.5211
0.5211
0.5212
0.5211
0.5211
0.5212
0.5211
0.521
0.521
0.5209
0.5201
0.5201
0.5207
0.5202
0.5202
0.5201
0.5206
0.52
0.5201
0.52
0.5201
0.52
0.5176
0.517
0.516
0.5155
0.5155
0.5155
0.5163
0.5172
0.5196
0.52
0.5201
0.52
0.5201
0.52
0.5188
0.517
0.5155
0.5155
0.5181
0.5178
0.5178
0.5178
0.5178
0.5183
0.5182
0.5183
0.5178
0.5185
0.5187
0.5186
0.5187
0.518
0.5181
0.5196
0.5201
0.5185
0.5186
0.5188
0.5188
0.52
0.52
0.5201
0.5201
0.5201
0.52
0.5201
0.5201
0.52
0.5201
0.52
0.526
