30.27
30.51
30.39
30.3
30.4625
30.7
30.89
30.86
30.93
30.78
30.67
30.91
30.8
30.7
30.782
30.91
30.81
30.83
30.64
30.69
30.68
30.76
30.8
30.6729
30.73
30.56
30.41
30.48
30.6
30.7
30.72
30.7
30.73
30.76
30.738
30.74
30.82
30.89
30.85
30.9
30.85
30.88
30.9069
30.95
30.9699
30.93
30.92
30.91
30.93
30.9244
31.01
31.0296
31.0854
31.1
31.07
31.0894
31.13
31.0976
31.14
31.09
31.03
31.0
30.94
30.9
30.92
30.93
30.78
30.68
30.79
30.85
30.9
30.88
30.91
30.9
30.89
30.86
30.9
30.8999
30.83
30.81
30.8
30.8
30.77
30.73
30.805
30.82
30.79
30.73
30.815
30.86
30.94
30.87
30.92
30.91
30.9175
30.89
30.89
30.91
30.9
30.93
30.95
30.94
30.96
30.95
31.03
30.988
31.01
31.01
30.96
30.94
30.93
30.945
30.9327
30.98
30.9769
30.96
30.98
31.02
31.0
31.01
31.03
31.12
31.12
31.115
31.12
31.09
31.07
31.061
31.08
31.031
31.06
31.048
31.03
31.05
31.08
31.1
31.08
31.15
31.13
31.13
31.145
31.13
31.135
31.15
31.16
31.24
31.28
31.3
31.29
31.39
31.4
31.3804
31.44
31.5
31.5
31.6
31.57
31.5657
31.58
31.65
31.54
31.61
31.63
31.69
31.6962
31.7
31.695
31.66
31.6
31.67
31.67
31.67
31.63
31.62
31.65
31.6696
31.65
31.67
31.6615
31.63
31.58
31.6
31.6
31.59
31.59
31.568
31.51
31.44
31.44
31.35
31.29
31.3
31.27
31.43
31.43
31.43
31.44
31.44
31.42
31.38
31.38
31.431
31.4381
31.47
31.64
31.69
31.66
31.69
31.7
31.75
31.76
31.76
31.76
31.76
31.79
31.77
31.76
31.79
31.73
31.8
31.81
31.7701
31.76
31.79
31.82
31.8022
31.85
31.84
31.86
31.97
31.9
31.85
31.81
31.83
31.75
31.72
31.7574
31.65
31.68
31.71
31.64
31.59
31.55
31.56
31.56
31.48
31.51
31.54
31.52
31.54
31.53
31.52
31.54
31.57
31.58
31.6038
31.592
31.58
31.59
31.58
31.55
31.56
31.59
31.58
31.61
31.62
31.58
31.61
31.61
31.61
31.62
31.61
31.6299
31.63
31.64
31.65
31.65
31.63
31.62
31.628
31.64
31.64
31.65
31.66
31.615
31.6
31.55
31.55
31.53
31.535
31.5
31.5083
31.5
31.5
31.51
31.5
31.5
31.5
31.52
31.5
31.5
31.51
31.5099
31.51
31.5
31.51
31.5
31.54
31.54
31.54
31.55
31.56
31.5727
31.56
31.56
31.53
31.49
31.4896
31.49
31.53
31.52
31.54
31.54
31.575
31.5831
31.58
31.5552
31.5602
31.56
31.5498
31.54
31.5
31.51
31.51
31.53
31.525
31.525
31.555
31.5552
31.6
31.6
31.6
31.6
31.6
31.595
31.6
31.6
31.6464
31.645
31.655
31.645
31.645
31.64
31.6
31.6
31.6
31.52
31.51
31.515
31.48
31.44
31.39
31.4
31.41
31.37
31.4
31.3936
31.42
31.45
31.55
31.69
31.65
31.65
31.675
31.696
31.665
31.69
31.699
31.6999
31.68
