20.55
20.4
20.49
20.59
20.6275
20.51
20.54
20.55
20.53
20.61
20.605
20.535
20.515
20.51
20.56
20.55
20.495
20.53
20.58
20.575
20.58
20.575
20.54
20.54
20.54
20.46
20.44
20.495
20.445
20.36
20.37
20.38
20.38
20.31
20.34
20.3
20.34
20.35
20.38
20.36
20.36
20.33
20.4
20.42
20.43
20.42
20.41
20.315
20.315
20.325
20.32
20.32
20.33
20.29
20.27
20.2692
20.25
20.21
20.26
20.25
20.28
20.25
20.21
20.23
20.22
20.27
20.29
20.31
20.33
20.35
20.37
20.365
20.35
20.36
20.345
20.36
20.38
20.35
20.38
20.35
20.34
20.323
20.32
20.33
20.3225
20.32
20.35
20.34
20.35
20.4
20.41
20.41
20.3667
20.41
20.42
20.47
20.48
20.51
20.52
20.55
20.56
20.56
20.59
20.53
20.53
20.54
20.53
20.45
20.38
20.41
20.4199
20.4026
20.46
20.46
20.46
20.47
20.4452
20.47
20.46
20.46
20.48
20.47
20.47
20.49
20.48
20.5
20.52
20.49
20.52
20.53
20.53
20.55
20.55
20.535
20.51
20.5
20.51
20.47
20.45
20.48
20.49
20.47
20.42
20.44
20.45
20.45
20.48
20.485
20.49
20.48
20.48
20.47
20.46
20.46
20.45
20.44
20.44
20.41
20.4
20.43
20.43
20.41
20.43
20.455
20.46
20.47
20.46
20.49
20.52
20.49
20.495
20.5
20.51
20.53
20.53
20.51
20.54
20.53
20.51
20.49
20.49
20.5
20.53
20.53
20.52
20.53
20.54
20.56
20.555
20.56
20.55
20.57
20.59
20.6
20.5962
20.585
20.6
20.62
20.62
20.61
20.62
20.62
20.62
20.6
20.59
20.59
20.59
20.57
20.55
20.565
20.595
20.6
20.6
20.64
20.68
20.69
20.65
20.68
20.77
20.73
20.71
20.69
20.69
20.735
20.68
20.7
20.71
20.66
20.67
