0.018384855
0.018384525
0.01838928
0.01838412
0.01838368
0.018383195
0.018382705
0.0183822
0.01838182
0.018386675
0.018386305
0.018385765
0.01838529
0.018383605
0.018383085
0.018382545
0.018382045
0.018376595
0.01837642
0.018376015
0.018375535
0.018375045
0.01837459
0.018374075
0.018373555
0.018373115
0.018327615
0.018327285
0.01832695
0.018326625
0.01832627
0.018325895
0.01832557
0.01832517
0.018325105
0.01832483
0.018324785
0.01832477
0.018324745
0.018324735
0.0183247
0.018324685
0.018324655
0.01832955
0.0183294
0.018329245
0.018328995
0.01832847
0.01832792
0.018327405
0.01832707
0.018326915
0.01832675
0.0183263
0.018325785
0.01832527
0.018324785
0.01832436
0.018324205
0.01832405
0.01832391
0.01832377
0.01832362
0.01832321
0.018310155
0.01830969
0.01831422
0.018313765
0.018313235
0.018312785
0.018312285
0.018311895
0.01830636
0.018305875
0.01830535
0.01830494
0.018304785
0.01830448
0.01830418
0.01830389
0.01830353
0.018303345
0.0183033
0.01830326
0.01830323
0.01830313
0.018303065
0.01830304
0.018303
0.01830297
0.018302945
0.01830294
0.01830292
0.018302895
0.01830285
0.018302855
0.01830285
0.01830284
0.01830283
0.01830276
0.018300255
0.018300245
0.018300185
0.018300135
0.018300135
0.018300125
0.018300095
0.018300085
0.01829913
0.01829898
0.01829883
0.01829868
0.018298525
0.01829838
0.01829816
0.01829807
0.01829791
0.01829778
0.018297625
0.01829747
0.018297335
0.01829719
0.018297045
0.01829693
0.01829678
0.018301625
0.018301475
0.018301335
0.0183012
0.0183011
0.01830105
0.01830103
0.01830102
0.018301
0.01830099
0.01830097
0.01830097
0.01830096
0.01830096
0.01830096
0.01830093
0.01830092
0.01830082
0.018300675
0.01830051
0.01830036
0.0183002
0.018299975
0.01829983
0.01829966
0.01829943
0.018299195
0.01829905
0.01829889
0.018298685
0.01829853
0.01829836
0.018298185
0.01829789
0.018297445
0.01829699
0.01829643
0.01829612
0.01829597
0.018295805
0.01820516
0.01820516
0.01820516
0.01820516
0.01820516
0.01820516
0.01820516
0.01820516
0.01820516
0.018205155
0.018205155
0.018205155
0.018205155
0.018210295
0.0182103
0.018205165
0.018205165
0.0182103
0.0182103
0.0182103
0.0182103
0.0182103
0.0182103
0.018205165
0.01829189
0.01829173
0.01829146
0.01829099
0.01829048
0.018290115
0.01828997
0.01828979
0.01828943
0.018289045
0.01828867
0.01828832
0.018287945
0.01828777
0.0182876
0.018287425
0.01828726
0.018287125
0.018341195
0.018371
0.018335075
0.018334605
0.018339115
0.018333535
0.01833802
0.018337475
0.018336995
0.01833653
0.018336215
0.01833602
0.018335535
0.018330215
0.01833521
0.018335635
0.01841538
0.01841536
0.01842525
0.018432015
0.01843201
0.01843202
0.018432015
0.01843201
0.018430195
0.018430195
0.018430195
0.018430195
0.01843019
0.01843019
0.01843015
0.018435075
0.018435005
0.018434825
0.018434675
0.018434505
0.01843435
0.01843418
0.01843403
0.018433865
0.01843371
0.018433555
0.018418495
0.01841835
0.018418205
0.018418055
0.0184179
0.01841775
0.018417435
0.018333245
0.018337905
0.01833743
0.01833709
0.01833674
0.01834168
0.01834665
0.018346625
0.01834661
0.01834659
0.018346575
0.01834656
0.01834653
0.018346515
0.018346485
0.018346485
0.018351485
0.01835149
0.01835138
0.018351215
0.01835606
0.018332245
0.018331945
0.01833191
0.018331755
0.01833157
0.01833151
0.018331475
0.018336445
0.01834146
0.01834147
0.01834159
0.01834167
0.0183417
0.018341635
0.018329465
0.018329325
0.01832929
0.018329285
0.01832924
0.018334195
0.018334155
0.018334155
0.01833414
0.01833411
0.018334065
0.018338855
0.018333335
0.01833785
0.01832109
0.01832087
0.0183207
0.018320555
0.018320395
0.018320245
0.01832012
0.01831995
0.01831454
0.01831401
0.01831352
0.01830954
0.01830901
0.01830847
0.01830795
0.018307425
0.018306905
0.018306375
0.018305935
0.018305385
0.018304865
0.01826539
0.018269925
0.018269435
0.018263895
0.018230415
0.018229945
0.01830103
0.018299875
0.018294495
0.01829401
0.018288485
0.018283225
0.01828323
0.01828322
0.01828318
0.018283035
0.018283395
0.018283405
0.018283425
0.01828438
0.01828405
0.018280505
0.01828027
0.01827988
0.018279465
0.018279025
0.01827852
0.01827797
0.018277505
0.018276985
0.01827652
0.018276215
0.01827602
0.01827556
0.01827516
0.018270595
0.01827018
0.01826972
0.01827456
0.018274155
0.018161935
0.01827315
0.01827092
0.01827044
0.01826993
0.018205025
0.018205025
0.018205025
0.018205025
0.01820503
0.01820503
0.018158525
0.018163995
0.018164435
0.01816488
0.01816539
0.01816587
0.01816633
0.018166725
0.0181672
0.01816768
0.01816812
0.01816863
0.018169095
0.018169525
0.01817
0.01817049
0.01817094
0.018252055
0.0182499
0.01825037
0.01825586
0.018256495
0.01825697
0.018257505
0.01825807
0.01825857
0.018259105
0.018259645
0.01826018
0.018260525
0.01826075
0.018261235
0.018261395
0.018261615
0.01826194
0.01825733
0.0182577
0.018258085
0.018258475
0.01825888
0.01825912
0.018259195
0.018259485
0.018259885
0.018260345
0.01826075
0.01826114
0.01826151
0.018261975
0.018262385
0.018262785
0.018263195
0.01826356
0.018263965
0.018264355
0.018264735
0.01826518
0.01826561
0.01826593
0.01826637
0.018266785
0.018267185
0.018267615
0.018268035
0.01826854
0.018269055
0.018269485
0.018269915
0.01826541
0.018265825
0.0182663
0.01825191
0.01825246
0.018252965
0.01825349
0.018253935
0.01825437
0.018254895
0.018255415
0.01825588
0.01825631
0.018256685
0.01825716
0.018257695
0.018258245
0.018258765
0.018259325
0.018288455
0.01830489
0.018305435
0.018313775
0.01831426
0.018318445
0.018318995
0.018319445
0.018319995
0.018389635
0.018389635
0.018389635
0.018389635
0.018389635
0.018389635
0.018389635
0.018389635
0.0184611
0.0184611
0.0184611
0.0184611
0.0184611
0.0184611
0.0184611
0.018442395
0.0184429
0.018443405
0.018443915
0.018444135
0.018444135
0.018444175
0.018444175
0.01843955
0.01843955
0.018439555
0.018439595
0.018439795
0.018440005
0.01844052
0.01844052
0.018440555
0.01844063
0.01847607
0.01847608
0.018476215
0.01847633
0.01847646
0.018476585
0.01847671
0.01847685
0.018476975
0.018477145
0.018477505
0.018477995
0.01847848
0.018479025
0.01847951
0.01847995
0.0184804
0.01848058
0.01848071
0.018480655
0.01848057
0.01848049
0.018480425
0.01848037
0.0184803
0.01848022
0.018480135
0.018480075
0.018482125
0.01848207
0.018481915
0.018481765
0.01848176
0.01848195
0.018482035
0.018482065
0.0184821
0.0184821
0.01848212
0.018482175
0.01848218
0.018482205
0.01848223
0.01848224
0.018482255
0.018482465
0.0184782
0.01847865
0.01847908
0.018479265
0.01847978
0.01848012
0.018480215
0.01848058
0.018481025
0.01848151
0.018481895
0.018481975
0.018427215
0.018561355
0.01856135
0.01856135
0.01856135
0.01856135
0.01843203
0.01843252
0.01843289
0.01843329
0.01843368
0.018430645
0.018430855
0.01843101
0.018431485
0.018431875
0.01843223
0.01843266
0.018433085
0.01843358
0.01843397
0.018434345
0.018434715
0.01843503
0.018435345
0.018435755
0.018436125
0.0184365
0.018438605
0.01843904
0.01845746
0.018457515
0.018457585
0.01845764
0.018457735
0.01845783
0.01845801
0.018458455
