0.00017152
0.00017152
0.00017141
0.000171325
0.00017132
0.00017132
0.00017132
0.00017132
0.00017132
0.00017132
0.0001703
0.000170385
0.000170485
0.000171695
0.0001716
0.000171585
0.00017158
0.000171575
0.0001715
0.00017138
0.00016897
0.000169065
0.000169185
0.000169315
0.00016933
0.0001694
0.00016936
0.000169475
0.000169155
0.00016925
0.000169355
0.000168985
0.00016901
0.00016958
0.00016961
0.00016961
0.000169405
0.00016961
0.00016961
0.00016961
0.000168765
0.000168775
0.000169135
0.00016914
0.000169105
0.00017035
0.000169015
0.000168855
0.00016884
0.000168835
0.00016883
0.00016883
0.000168825
0.000168825
0.00016882
0.000168815
0.0001688
0.0001688
0.00016886
0.000168855
0.000168855
0.000168855
0.000168855
0.000168855
0.000168855
0.000168855
0.00016885
0.000168845
0.00016884
0.00016897
0.000169025
0.000169715
0.000169715
0.000169715
0.000170235
0.000170235
0.000170235
0.00016848
0.000168475
0.00016847
0.00016847
0.000168475
0.00016847
0.00016847
0.000168475
0.00016847
0.000168465
0.000168465
0.000168465
0.00016847
0.000168465
0.000168465
0.000168465
0.000168465
0.000168465
0.000168465
0.000169135
0.00016847
0.00016847
0.00016847
0.00016847
0.00016847
0.00016847
0.00016847
0.00016847
0.00016847
0.00016847
0.00016847
0.00016857
0.00016845
0.00016845
0.00016845
0.00016845
0.00016845
0.00016845
0.00016845
0.00016845
0.000168445
0.000168445
0.00016827
0.00016827
0.00016827
0.00016827
0.000168265
0.000168265
0.000168265
0.000168265
0.00016826
0.000168255
0.000168245
0.00016824
0.00016824
0.00016824
0.00016824
0.00016824
0.00016824
0.00016824
0.00016824
0.00016824
0.00016824
0.00016824
0.00016908
0.00016908
0.00016908
0.00016908
0.00016909
0.00016909
0.00016909
0.000169095
0.000169095
0.000169095
0.000169095
0.000169095
0.000169095
0.0001691
0.0001691
0.0001691
0.0001691
0.0001691
0.00016909
0.000169105
0.000169105
0.000169105
0.000169105
0.000169105
0.00016905
0.00016905
0.00016905
0.00016905
0.00016905
0.00016905
0.00016905
0.00016905
0.00016905
0.00016905
0.00016905
0.00016905
0.00016905
0.00016905
0.00016905
0.00016905
0.00016905
0.00016905
0.00016905
0.00016905
0.00016905
0.00016905
0.00016905
0.00016905
0.00016905
0.00016905
0.00016905
0.00016905
0.00016905
0.00016905
0.00016905
0.00016905
0.00016905
0.00016905
0.00016905
0.00016905
0.00016905
0.00016905
0.00016905
0.00016905
0.00016905
0.00016905
0.00016905
0.00016905
0.00016905
0.00016905
0.00016905
0.00016905
0.000169645
0.000169645
0.000169645
0.000169645
0.000169645
0.000169645
0.000169645
0.000169645
0.000169645
0.000169645
0.000169645
0.000169645
0.000169645
0.000169645
0.000169645
0.000169645
0.000169645
0.000169645
0.000169665
0.000169665
0.00016976
0.000169765
0.000169765
0.000169765
0.000169765
0.000169765
0.000169775
0.000170205
0.000170205
0.000170525
0.000170525
0.000170525
0.000170525
0.000170525
0.000170525
0.000170525
0.000170525
0.000170525
0.000170525
0.00017061
0.00017061
0.00017061
0.00017061
0.00017061
0.00017061
0.000170525
0.000170525
0.000170525
0.000170525
0.000170525
0.000172055
0.000172055
0.000171685
0.0001717
0.0001717
0.0001717
0.00017169
0.00017168
0.00017168
0.00017168
0.00017168
0.00017168
0.00017166
0.00017168
0.00017168
0.00017168
0.00017168
0.00017168
0.00017168
0.00017168
0.00017168
0.00017168
0.000172475
0.000172475
0.000172475
0.000172475
0.000172475
0.000172475
0.000172475
0.000172475
0.00017249
0.0001725
0.00017249
0.00017249
0.0001717
0.00017171
0.00017184
0.000171965
0.000171985
0.000171995
0.000171985
0.000171985
0.000171995
0.000171995
0.000171985
0.000171985
0.000171975
0.000171985
0.000171995
0.000171955
0.00017068
0.00017068
0.00017068
0.00017068
0.00017068
0.00017068
0.00017068
0.00017068
0.00017068
0.00017068
0.000170675
0.00017067
0.00017067
0.00017067
0.00017067
0.00017067
0.00017067
0.00017067
0.00017067
0.00017067
0.00017067
0.000170665
0.000170655
0.00017067
0.00017067
0.000170205
0.000170205
0.000170205
0.000170205
0.000170205
0.000170205
0.000170205
0.000170205
0.000170205
0.000170205
0.000170205
0.000170205
0.000170205
0.000170205
0.000170205
0.000170205
0.000170205
0.00017021
0.000170355
0.000170355
0.000170355
0.000170355
0.000170355
0.000170355
0.000170355
0.000170355
0.000170355
0.000170355
0.000170355
0.000170355
0.000170355
0.000170355
0.000170355
0.000170355
0.000170355
0.000170355
0.000170355
0.000170355
0.000170355
0.000170355
0.000170355
0.000170355
0.000170355
0.000170355
0.000170355
0.000170355
0.000170355
0.000170215
0.000170215
0.00017144
0.000170215
0.000171445
0.000170225
0.00017023
0.00017022
0.000170225
0.000170225
0.000170225
0.00017023
0.000170225
0.000170225
0.000170225
0.000170225
0.00017023
0.000170235
0.000170225
0.00017023
0.00017026
0.00017026
0.00017026
0.00017026
0.00017111
0.000171095
0.00017108
0.000171065
0.0001711
0.000171145
0.000171255
0.000171925
0.000171925
0.000172375
0.000172365
0.00017235
0.00017238
0.00017238
0.000172695
0.00017268
0.0001727
0.00017271
0.000172705
0.000172685
0.000172695
0.000172685
0.000172685
0.000171535
0.000171605
0.000171615
0.000171615
0.000171615
0.00017164
0.00017166
0.000171675
0.000171735
0.000171805
0.000171935
0.00017198
0.00017199
0.000171965
0.000171945
0.0001715
0.000171595
0.00017161
0.0001717
0.00017161
0.000171615
0.0001716
0.0001716
0.00017163
0.00017164
0.00017164
0.00017162
0.00017162
0.00017163
0.000171275
0.000171695
0.00017174
0.00017177
0.000171755
0.000171755
0.00017165
0.000170705
0.0001707
0.000171665
0.00017165
0.000171565
0.000171525
0.000171415
0.00017139
0.000171295
0.000171195
0.000171255
0.00017117
0.000171005
0.00017099
0.00017097
0.000170975
0.00017097
0.000170975
0.000171455
0.000171555
0.000171615
0.000171685
0.000171645
0.00017171
0.000172395
0.000172395
0.000172395
0.000172395
0.000172395
0.000172375
0.000172395
0.00017135
0.00017173
0.00017173
0.00017173
0.00017174
0.00017174
0.00017174
0.00017173
0.00017174
0.00017174
0.00017174
0.00017135
0.000171355
0.000171355
0.000171335
0.000171355
0.000171355
0.000171345
0.000171335
0.000171345
0.000171345
0.000171335
0.000171355
0.000171335
0.00017135
0.000171355
0.000171305
0.000171355
0.00017133
0.00017135
0.000171295
0.000171305
0.000171305
0.000171295
0.00017127
0.00017119
0.0001712
0.000171205
0.00017119
0.000171215
0.000171215
0.000171225
0.000171235
0.000171225
0.000171245
0.000171235
0.000171255
0.00017127
0.000171285
0.000171285
0.00017129
0.0001713
0.00017162
0.00017162
0.00017162
0.00017162
0.00017162
0.0001716
0.00017245
0.000172455
0.00017245
0.00017245
0.00017245
0.00017245
0.00017245
0.00017245
0.000172455
0.000172455
0.000172455
0.000172455
0.000172455
0.000172455
0.00017245
0.000172445
0.00017245
0.00017245
0.00017202
0.000171585
0.000171705
0.000171765
0.000171765
0.000171845
0.000172005
0.000172015
0.00017202
0.00017202
0.000172025
0.000172025
0.000172025
0.000172025
0.000172025
0.00017202
0.000172025
0.000172025
0.000172025
0.00017202
0.000171995
0.000171995
0.00017096
0.00017096
0.000171955
0.00017199
0.00017199
