2.9345e-05
2.9345e-05
2.94e-05
2.9405e-05
2.941e-05
2.943e-05
2.944e-05
2.944e-05
2.9485e-05
2.9495e-05
2.95e-05
2.95e-05
2.9525e-05
2.9745e-05
2.9845e-05
2.9845e-05
2.9835e-05
2.9735e-05
2.978e-05
2.978e-05
2.9775e-05
2.9865e-05
2.977e-05
2.9785e-05
2.979e-05
2.9805e-05
2.9805e-05
2.9795e-05
2.9765e-05
2.9735e-05
2.971e-05
2.9695e-05
2.95e-05
2.9535e-05
2.955e-05
2.955e-05
2.956e-05
2.96e-05
2.96e-05
2.96e-05
2.96e-05
2.96e-05
2.9595e-05
2.9695e-05
2.966e-05
2.966e-05
2.966e-05
2.9655e-05
2.9655e-05
2.964e-05
2.964e-05
2.965e-05
2.965e-05
2.965e-05
2.965e-05
2.965e-05
2.9665e-05
2.966e-05
2.965e-05
2.963e-05
2.947e-05
2.945e-05
2.9515e-05
2.9485e-05
2.9485e-05
2.9325e-05
2.9315e-05
2.955e-05
2.9485e-05
2.948e-05
2.95e-05
2.9455e-05
2.945e-05
2.963e-05
2.963e-05
2.9605e-05
2.9605e-05
2.9485e-05
2.9525e-05
2.948e-05
2.9425e-05
2.9415e-05
2.948e-05
2.947e-05
2.947e-05
2.9475e-05
2.9505e-05
2.949e-05
2.9485e-05
2.9505e-05
2.9535e-05
2.9535e-05
2.954e-05
2.954e-05
2.954e-05
2.954e-05
2.9615e-05
2.9625e-05
2.9635e-05
2.9675e-05
2.968e-05
2.9685e-05
2.967e-05
2.9685e-05
2.9685e-05
2.962e-05
2.9665e-05
2.9665e-05
2.9615e-05
2.965e-05
2.965e-05
2.965e-05
2.965e-05
2.965e-05
2.965e-05
2.965e-05
2.96e-05
2.959e-05
2.959e-05
2.963e-05
2.965e-05
2.9695e-05
2.9675e-05
2.972e-05
2.975e-05
2.9765e-05
2.977e-05
2.976e-05
2.98e-05
2.9835e-05
2.9845e-05
2.9845e-05
2.9845e-05
2.9845e-05
2.9705e-05
2.97e-05
2.9705e-05
2.9705e-05
2.9705e-05
2.9715e-05
2.9715e-05
2.971e-05
2.971e-05
2.9705e-05
2.97e-05
2.969e-05
2.969e-05
2.969e-05
2.9675e-05
2.9675e-05
2.9675e-05
2.9675e-05
2.966e-05
2.9785e-05
2.9785e-05
2.968e-05
2.97e-05
2.9705e-05
2.9815e-05
2.9705e-05
2.9695e-05
2.9705e-05
2.971e-05
2.9705e-05
2.9705e-05
2.956e-05
2.9665e-05
2.9565e-05
2.955e-05
2.9595e-05
2.95e-05
2.9655e-05
2.9655e-05
2.944e-05
2.945e-05
2.9395e-05
2.9565e-05
2.9555e-05
2.957e-05
2.9565e-05
2.9565e-05
2.961e-05
2.962e-05
2.9615e-05
2.962e-05
2.9605e-05
2.9595e-05
2.9575e-05
2.956e-05
2.955e-05
2.955e-05
2.9535e-05
2.9525e-05
2.951e-05
2.9555e-05
2.951e-05
2.956e-05
2.956e-05
2.956e-05
2.955e-05
2.9615e-05
2.961e-05
2.9475e-05
2.947e-05
2.9535e-05
2.9505e-05
2.9545e-05
2.947e-05
2.947e-05
2.947e-05
2.9645e-05
2.9685e-05
2.9695e-05
2.9695e-05
2.97e-05
2.97e-05
2.9745e-05
2.974e-05
2.9695e-05
2.97e-05
2.97e-05
2.9785e-05
2.969e-05
2.968e-05
2.968e-05
2.968e-05
2.968e-05
2.968e-05
2.965e-05
2.965e-05
2.9525e-05
2.9525e-05
2.9525e-05
2.9525e-05
2.9535e-05
2.9525e-05
2.953e-05
2.9515e-05
2.9515e-05
2.9515e-05
2.946e-05
2.9225e-05
2.9225e-05
2.9225e-05
2.9225e-05
2.9225e-05
2.942e-05
2.9385e-05
2.943e-05
2.9415e-05
2.938e-05
2.9195e-05
2.9195e-05
2.9195e-05
2.9365e-05
2.9425e-05
2.941e-05
2.9385e-05
2.9385e-05
2.9385e-05
2.9385e-05
2.9305e-05
2.9385e-05
2.9385e-05
2.938e-05
2.9305e-05
2.9345e-05
2.9345e-05
2.934e-05
2.935e-05
2.938e-05
2.9375e-05
2.9375e-05
2.9395e-05
2.935e-05
2.935e-05
2.9395e-05
2.9395e-05
2.9395e-05
2.9395e-05
2.9395e-05
2.9395e-05
2.9395e-05
2.9395e-05
2.9395e-05
2.9395e-05
2.9395e-05
2.9495e-05
2.9495e-05
2.9495e-05
2.9495e-05
2.9495e-05
2.9495e-05
2.9495e-05
2.9495e-05
2.9495e-05
2.9495e-05
2.9495e-05
2.9495e-05
2.9495e-05
2.9495e-05
2.9495e-05
2.9495e-05
2.9495e-05
2.9495e-05
2.9495e-05
2.9495e-05
2.9495e-05
2.9495e-05
2.9495e-05
2.9495e-05
2.928e-05
2.928e-05
2.928e-05
2.928e-05
2.928e-05
2.9285e-05
2.928e-05
2.928e-05
2.928e-05
2.9255e-05
2.923e-05
2.923e-05
2.923e-05
2.914e-05
2.9145e-05
2.9155e-05
2.915e-05
2.915e-05
2.9155e-05
2.9155e-05
2.916e-05
2.919e-05
2.919e-05
2.919e-05
2.919e-05
2.919e-05
2.909e-05
2.9205e-05
2.9205e-05
2.9165e-05
2.9175e-05
2.921e-05
2.921e-05
2.921e-05
2.921e-05
2.921e-05
2.913e-05
2.91e-05
2.9105e-05
2.9095e-05
2.9095e-05
2.9105e-05
2.9015e-05
2.9085e-05
2.9085e-05
2.908e-05
2.9075e-05
2.9075e-05
2.907e-05
2.907e-05
2.9055e-05
2.9055e-05
2.9055e-05
2.9065e-05
2.907e-05
2.9075e-05
2.8935e-05
2.8895e-05
2.892e-05
2.891e-05
2.8885e-05
2.8805e-05
2.8865e-05
2.8865e-05
2.8895e-05
2.8855e-05
2.8855e-05
2.8855e-05
2.8845e-05
2.8835e-05
2.8835e-05
2.8825e-05
2.8825e-05
2.8825e-05
2.883e-05
2.8685e-05
2.889e-05
2.895e-05
2.8995e-05
2.901e-05
2.9045e-05
2.902e-05
2.906e-05
2.9255e-05
2.9255e-05
2.9125e-05
2.925e-05
2.924e-05
2.924e-05
2.924e-05
2.924e-05
2.924e-05
2.924e-05
2.9255e-05
2.923e-05
2.923e-05
2.9215e-05
2.9215e-05
2.9215e-05
2.9215e-05
2.9065e-05
2.9065e-05
2.91e-05
2.9115e-05
2.9115e-05
2.911e-05
2.911e-05
2.911e-05
2.9125e-05
2.925e-05
2.9105e-05
2.911e-05
2.913e-05
2.912e-05
2.914e-05
2.9145e-05
2.9165e-05
2.918e-05
2.918e-05
2.919e-05
2.9195e-05
2.92e-05
2.9205e-05
2.921e-05
2.921e-05
2.9215e-05
2.922e-05
2.9225e-05
2.923e-05
2.9235e-05
2.9235e-05
2.9235e-05
2.9135e-05
2.925e-05
2.9255e-05
2.915e-05
2.915e-05
2.915e-05
2.914e-05
2.9135e-05
2.9135e-05
2.914e-05
2.914e-05
2.9135e-05
2.915e-05
2.915e-05
2.9155e-05
2.916e-05
2.917e-05
2.916e-05
2.9165e-05
2.9165e-05
2.917e-05
2.917e-05
2.918e-05
2.9175e-05
2.9175e-05
2.9185e-05
2.9205e-05
2.9185e-05
2.918e-05
2.918e-05
2.9255e-05
2.9255e-05
2.9255e-05
2.9255e-05
2.917e-05
2.9205e-05
2.9225e-05
2.9225e-05
2.922e-05
2.922e-05
2.922e-05
2.922e-05
2.922e-05
2.922e-05
2.922e-05
2.922e-05
2.9225e-05
2.9245e-05
2.925e-05
2.9255e-05
2.9255e-05
2.9255e-05
2.9255e-05
2.9255e-05
2.9255e-05
2.9255e-05
2.9255e-05
2.9255e-05
2.9255e-05
2.9255e-05
2.9255e-05
2.9255e-05
2.9255e-05
2.9255e-05
2.924e-05
2.9245e-05
2.935e-05
2.935e-05
2.935e-05
2.935e-05
2.933e-05
2.935e-05
2.937e-05
2.935e-05
2.9325e-05
2.9315e-05
2.9305e-05
2.9295e-05
2.9245e-05
2.9225e-05
2.9225e-05
2.9325e-05
2.934e-05
2.934e-05
2.934e-05
2.9345e-05
2.935e-05
2.935e-05
2.934e-05
2.934e-05
2.928e-05
2.9275e-05
2.933e-05
2.9345e-05
2.9345e-05
2.9335e-05
2.9335e-05
2.935e-05
2.9345e-05
2.934e-05
2.934e-05
2.934e-05
2.934e-05
2.934e-05
2.9335e-05
2.933e-05
2.9325e-05
2.932e-05
2.9315e-05
2.931e-05
2.9305e-05
2.929e-05
2.9285e-05
2.928e-05
2.9275e-05
2.9285e-05
2.9285e-05
2.9285e-05
2.9285e-05
2.9285e-05
2.9285e-05
2.9285e-05
2.927e-05
2.9265e-05
2.9265e-05
2.927e-05
2.9265e-05
2.9265e-05
2.927e-05
2.927e-05
2.926e-05
2.926e-05
2.926e-05
2.9255e-05
2.9255e-05
2.9255e-05
2.9255e-05
2.9255e-05
2.9255e-05
2.9255e-05
2.9255e-05
2.9255e-05
2.925e-05
2.9255e-05
2.9255e-05
2.925e-05
2.925e-05
2.9235e-05
2.923e-05
2.923e-05
2.925e-05
2.9245e-05
2.9245e-05
2.9205e-05
2.9205e-05
2.9205e-05
2.9135e-05
2.9135e-05
2.9135e-05
